0.0 8.681648088012166e-6
1.0 8.681667449920385e-6
2.0 8.681725536812675e-6
3.0 8.681822352208487e-6
4.0 8.681957901953356e-6
5.0 8.682132194250681e-6
6.0 8.682345239650876e-6
7.0 8.682597051037766e-6
8.0 8.682887643656537e-6
9.0 8.683217035097095e-6
10.0 8.683585245319959e-6
10.999999999999998 8.68399229661652e-6
12.0 8.684438213667136e-6
13.000000000000002 8.684923023513628e-6
14.0 8.68544675556638e-6
14.999999999999998 8.686009441619132e-6
16.0 8.686611115840676e-6
17.0 8.687251814808944e-6
18.0 8.687931577478688e-6
19.0 8.688650445216416e-6
20.0 8.68940846181351e-6
21.0 8.690205673463944e-6
21.999999999999996 8.69104212880241e-6
23.0 8.691917878891185e-6
24.0 8.692832977251244e-6
25.0 8.69378747986456e-6
26.000000000000004 8.694781445165963e-6
27.0 8.695814934078209e-6
28.0 8.696888010015689e-6
29.0 8.698000738892985e-6
29.999999999999996 8.699153189137383e-6
31.0 8.700345431713628e-6
32.0 8.70157754012111e-6
33.0 8.702849590410292e-6
34.0 8.704161661209786e-6
35.0 8.705513833739126e-6
36.0 8.706906191781611e-6
37.0 8.708338821791428e-6
38.0 8.709811812807964e-6
39.0 8.711325256551847e-6
40.0 8.712879247389469e-6
41.0 8.71447388238279e-6
42.0 8.716109261308301e-6
43.0 8.71778548664177e-6
43.99999999999999 8.71950266362138e-6
45.0 8.721260900238644e-6
46.0 8.723060307275237e-6
47.0 8.724900998319769e-6
48.0 8.72678308978166e-6
49.0 8.72870670093187e-6
50.0 8.73067195390984e-6
51.0 8.732678973743237e-6
52.00000000000001 8.734727888421317e-6
53.0 8.736818828836169e-6
54.0 8.738951928871812e-6
55.0 8.741127325432166e-6
56.0 8.743345158417582e-6
57.0 8.745605570817023e-6
58.0 8.747908708673295e-6
59.0 8.750254721173776e-6
59.99999999999999 8.752643760631552e-6
61.0 8.755075982548705e-6
62.0 8.75755154561798e-6
63.0 8.760070611789078e-6
64.0 8.76263334628185e-6
65.0 8.765239917619119e-6
66.0 8.767890497662569e-6
67.0 8.770585261658434e-6
68.0 8.773324388274863e-6
69.0 8.776108059595662e-6
70.0 8.77893646124425e-6
71.0 8.7818097823376e-6
72.0 8.784728215572303e-6
73.0 8.787691957261081e-6
74.0 8.790701207345039e-6
75.0 8.793756169476548e-6
76.0 8.796857051050594e-6
77.0 8.800004063227897e-6
78.0 8.803197420996997e-6
79.0 8.80643734324119e-6
80.0 8.809724052741452e-6
81.0 8.813057776258922e-6
82.0 8.81643874457376e-6
83.00000000000001 8.819867192534504e-6
84.0 8.823343359118563e-6
85.0 8.826867487474896e-6
86.0 8.830439824978728e-6
87.0 8.834060623306331e-6
87.99999999999999 8.837730138454675e-6
89.0 8.841448630833933e-6
90.0 8.84521636532393e-6
91.0 8.849033611293202e-6
92.0 8.852900642724358e-6
92.99999999999999 8.85681773823794e-6
94.0 8.860785181149763e-6
95.0 8.864803259566183e-6
96.0 8.868872266437526e-6
97.0 8.872992499610386e-6
98.0 8.877164261929974e-6
99.00000000000001 8.881387861296075e-6
100.0 8.885663610725885e-6
101.0 8.88999182845683e-6
102.0 8.89437283798465e-6
103.0 8.898806968178406e-6
104.00000000000001 8.90329455335019e-6
105.0 8.907835933319569e-6
106.0 8.912431453516603e-6
107.0 8.917081465078969e-6
108.0 8.921786324894667e-6
108.99999999999999 8.9265463957327e-6
110.0 8.931362046329595e-6
111.0 8.93623365145207e-6
112.0 8.941161592041144e-6
113.0 8.946146255269065e-6
114.0 8.951188034647199e-6
115.00000000000001 8.956287330159772e-6
116.0 8.961444548318307e-6
117.0 8.966660102308794e-6
118.0 8.97193441207021e-6
119.0 8.977267904439551e-6
119.99999999999999 8.982661013240637e-6
121.0 8.988114179404063e-6
122.0 8.993627851088516e-6
123.0 8.99920248381716e-6
124.0 9.004838540576355e-6
124.99999999999999 9.010536491971149e-6
126.0 9.016296816330006e-6
127.0 9.02211999984423e-6
128.0 9.028006536742018e-6
129.0 9.033956929361197e-6
130.0 9.039971688340312e-6
131.0 9.046051332768412e-6
132.0 9.052196390289201e-6
133.0 9.05840739730506e-6
134.0 9.064684899116315e-6
135.0 9.071029450058318e-6
136.0 9.077441613709485e-6
137.0 9.083921963022676e-6
138.0 9.090471080514022e-6
139.0 9.09708955841979e-6
140.0 9.103777998925224e-6
141.0 9.110537014294662e-6
142.0 9.117367227083033e-6
143.0 9.124269270346791e-6
144.0 9.13124378779088e-6
145.0 9.138291434048946e-6
146.0 9.145412874820688e-6
147.0 9.152608787128492e-6
148.0 9.159879859506123e-6
149.0 9.167226792249967e-6
150.0 9.17465029762792e-6
151.0 9.182151100125585e-6
152.0 9.189729936679935e-6
153.0 9.19738755695187e-6
154.0 9.205124723523263e-6
155.0 9.212942212220918e-6
156.0 9.220840812337328e-6
157.0 9.228821326907544e-6
158.0 9.236884573029958e-6
159.0 9.245031382096503e-6
160.0 9.253262600139522e-6
161.0 9.26157908807889e-6
162.0 9.269981722070043e-6
163.0 9.278471393829907e-6
164.0 9.287049010919425e-6
164.99999999999997 9.295715497114544e-6
166.00000000000003 9.304471792734801e-6
167.0 9.313318855017888e-6
168.0 9.322257658406656e-6
169.0 9.331289195045033e-6
170.0 9.340414475045848e-6
171.0 9.349634526925011e-6
172.0 9.358950398033616e-6
173.0 9.368363154896214e-6
174.0 9.37787388372418e-6
174.99999999999997 9.387483690777518e-6
175.99999999999997 9.39719370283547e-6
177.00000000000003 9.407005067695354e-6
178.0 9.41691895456724e-6
179.0 9.426936554640462e-6
180.0 9.437059081510835e-6
181.0 9.447287771766065e-6
182.0 9.457623885431253e-6
183.0 9.468068706588038e-6
184.0 9.47862354388773e-6
185.0 9.489289731128378e-6
185.99999999999997 9.500068627866875e-6
187.00000000000003 9.510961620004667e-6
188.0 9.521970120424218e-6
189.0 9.533095569619003e-6
190.0 9.54433943636221e-6
191.0 9.55570321842271e-6
192.0 9.567188443186577e-6
193.0 9.578796668458176e-6
194.0 9.590529483154893e-6
195.0 9.60238850811601e-6
196.0 9.61437539682609e-6
196.99999999999997 9.626491836304083e-6
198.00000000000003 9.638739547899452e-6
199.0 9.65112028814462e-6
200.0 9.663635849682144e-6
201.0 9.676288062151162e-6
202.0 9.68907879315306e-6
203.0 9.702009949242947e-6
204.0 9.715083476863157e-6
205.0 9.728301363471715e-6
206.0 9.741665638559565e-6
206.99999999999997 9.755178374781343e-6
208.00000000000003 9.768841689074265e-6
209.00000000000003 9.7826577438763e-6
210.0 9.796628748291683e-6
211.0 9.810756959376659e-6
212.0 9.825044683452064e-6
213.0 9.839494277400558e-6
214.0 9.854108150105178e-6
215.0 9.868888763829555e-6
216.0 9.88383863572919e-6
217.0 9.898960339395624e-6
217.99999999999997 9.91425650639649e-6
219.00000000000003 9.929729827927802e-6
220.0 9.945383056558868e-6
221.0 9.96121900789929e-6
222.0 9.977240562481566e-6
223.0 9.993450667573295e-6
224.0 1.0009852339215942e-5
225.0 1.0026448664137657e-5
226.0 1.0043242801887772e-5
227.0 1.00602379870182e-5
228.0 1.0077437531276873e-5
228.99999999999997 1.0094844825940291e-5
230.00000000000003 1.0112463344267428e-5
231.0 1.0130296643901154e-5
232.0 1.0148348369542698e-5
233.0 1.0166622255632106e-5
234.0 1.0185122129044569e-5
235.0 1.0203851912118649e-5
236.0 1.022281562553314e-5
237.0 1.0242017391534557e-5
238.0 1.026146143711819e-5
238.99999999999997 1.0281152097385563e-5
239.99999999999997 1.0301093819094107e-5
241.00000000000003 1.032129116427633e-5
242.0 1.0341748814017813e-5
243.0 1.0362471572416358e-5
244.0 1.0383464370637058e-5
245.0 1.04047322712552e-5
246.0 1.042628047264128e-5
247.0 1.0448114313589369e-5
248.0 1.0470239278200945e-5
249.0 1.0492661000828604e-5
249.99999999999997 1.0515385271371386e-5
251.00000000000003 1.0538418040747784e-5
252.0 1.0561765426519348e-5
253.0 1.0585433718981771e-5
254.0 1.0609429387243253e-5
255.0 1.0633759085743135e-5
256.0 1.065842966111207e-5
257.0 1.0683448159190608e-5
258.0 1.070882183243681e-5
259.0 1.0734558147683554e-5
260.0 1.0760664794266818e-5
261.0 1.0787149692466827e-5
262.0 1.0814021002461955e-5
263.0 1.0841287133609285e-5
264.0 1.0868956754143433e-5
265.0 1.0897038801536454e-5
266.0 1.0925542493100617e-5
267.0 1.0954477337320492e-5
268.0 1.0983853145722779e-5
269.0 1.101368004515331e-5
270.0 1.104396849098318e-5
271.0 1.107472928080268e-5
272.0 1.1105973568731966e-5
273.0 1.1137712880785512e-5
274.0 1.1169959130786428e-5
275.0 1.1202724637228688e-5
276.0 1.1236022141045188e-5
277.0 1.1269864824366071e-5
278.0 1.1304266330267402e-5
279.0 1.1339240783707788e-5
280.0 1.1374802813444009e-5
281.0 1.1410967575487713e-5
282.0 1.1447750777752214e-5
283.0 1.1485168706073724e-5
284.0 1.1523238251818652e-5
285.0 1.1561976941336816e-5
286.0 1.1601402966813471e-5
287.0 1.1641535219326765e-5
288.0 1.1682393323818327e-5
289.0 1.1723997676109696e-5
290.0 1.1766369482604282e-5
291.0 1.1809530802164604e-5
292.0 1.1853504590883565e-5
293.0 1.1898314749758895e-5
294.0 1.1943986175506695e-5
295.0 1.1990544814705539e-5
296.0 1.2038017721707947e-5
297.0 1.2086433120558257e-5
298.0 1.2135820470983702e-5
299.0 1.2186210539257769e-5
300.0 1.2237635473849542e-5
301.0 1.2290128886890326e-5
302.0 1.2343725940962e-5
303.0 1.2398463442960862e-5
304.0 1.245437994422761e-5
305.0 1.2511515848784694e-5
306.0 1.2569913529568367e-5
307.0 1.262961745335602e-5
308.0 1.2690674315900286e-5
309.0 1.2753133187285719e-5
310.0 1.2817045668926177e-5
311.0 1.28824660632847e-5
312.0 1.2949451557116586e-5
313.0 1.3018062419873659e-5
314.0 1.3088362218493771e-5
315.0 1.3160418050006982e-5
316.0 1.323430079379361e-5
317.0 1.3310085385133439e-5
318.0 1.3387851112310123e-5
319.0 1.3467681939219418e-5
320.0 1.3549666855853119e-5
321.0 1.3633900259700435e-5
322.0 1.3720482370226574e-5
323.0 1.3809519680350025e-5
324.0 1.3901125447633558e-5
325.0 1.399542022939758e-5
326.0 1.4092532465499974e-5
327.0 1.4192599113146455e-5
328.0 1.4295766338925184e-5
329.0 1.440219027182094e-5
329.99999999999994 1.4512037824846561e-5
331.0 1.462548758893309e-5
332.00000000000006 1.4742730806710854e-5
333.0 1.4863972432304802e-5
334.0 1.4989432284389125e-5
335.0 1.5119346299869333e-5
336.0 1.525396789612236e-5
337.0 1.5393569450001123e-5
338.0 1.5538443902220065e-5
339.0 1.5688906495754955e-5
340.0 1.5845296658760472e-5
340.99999999999994 1.6007980040739864e-5
342.0 1.6177350712474356e-5
343.00000000000006 1.6353833541448677e-5
344.0 1.6537886753835513e-5
345.0 1.673000469688974e-5
346.0 1.6930720814876356e-5
347.0 1.714061085762564e-5
348.0 1.7360296339438966e-5
349.0 1.759044827275107e-5
349.99999999999994 1.7831791206997142e-5
351.0 1.8085107607306262e-5
351.99999999999994 1.8351242619995266e-5
353.0 1.8631109280103082e-5
354.00000000000006 1.8925694235207664e-5
355.0 1.923606407148935e-5
356.0 1.956337235368087e-5
357.0 1.9908867514859414e-5
358.0 2.0273901759657933e-5
359.0 2.0659941181234033e-5
360.0 2.1068577327742184e-5
360.99999999999994 2.1501540504925525e-5
362.0 2.196071514602861e-5
363.00000000000006 2.2448157638803225e-5
364.0 2.2966117072371833e-5
365.0 2.351705943329302e-5
366.0 2.410369587694023e-5
367.0 2.4729015798066577e-5
368.0 2.5396325556159497e-5
369.0 2.6109293852584237e-5
370.0 2.687200493337169e-5
371.0 2.7689021009785754e-5
371.99999999999994 2.8565455530859068e-5
373.0 2.9507059238176034e-5
374.00000000000006 3.052032126694504e-5
375.0 3.161258792409411e-5
376.0 3.279220215488076e-5
377.0 3.406866703706805e-5
378.0 3.545283687773513e-5
379.0 3.695713937319657e-5
380.0 3.859583160073423e-5
381.0 4.0385290754571326e-5
382.0 4.2344336562412014e-5
382.99999999999994 4.4494574584379856e-5
384.0 4.6860735249156475e-5
385.00000000000006 4.947095770044076e-5
386.0 5.235692218656023e-5
387.0 5.5553656528401625e-5
388.0 5.909871037846863e-5
389.0 6.303017482653591e-5
390.0 6.738268744568536e-5
391.0 7.218007806946247e-5
392.0 7.742272833939854e-5
393.0 8.306732912876559e-5
393.99999999999994 8.899739554926511e-5
395.0 9.498652988773864e-5
396.00000000000006 0.00010066569589221272
397.0 0.00010552101803447839
398.0 0.00010895956291660616
399.0 0.0001104610174202799
400.0 0.0001097663924239408
401.0 0.00010698941483363706
402.0 0.00010256686201112423
403.0 9.708619369291347e-5
404.0 9.11076751949393e-5
404.99999999999994 8.506265098753929e-5
406.0 7.923250795917605e-5
407.00000000000006 7.377330576670227e-5
408.0 6.875324223009899e-5
409.0 6.418588259107197e-5
410.0 6.005418646167409e-5
411.0 5.6326014288639115e-5
412.0 5.2963384514113516e-5
413.0 4.992763833428672e-5
413.99999999999994 4.718210103576741e-5
415.0 4.4693285180612876e-5
416.00000000000006 4.243128156070989e-5
417.0 4.036972114991522e-5
418.00000000000006 3.848552852134283e-5
419.0 3.6758589782119236e-5
420.0 3.5171401204232054e-5
421.0 3.3708732157709815e-5
422.0 3.23573176920041e-5
423.0 3.1105586161260624e-5
424.0 2.9943422062644035e-5
424.99999999999994 2.8861961718114877e-5
426.0 2.7853418363188337e-5
427.00000000000006 2.6910932954747025e-5
428.0 2.602844711711468e-5
429.0 2.5200594988475148e-5
430.0 2.4422611104707647e-5
431.0 2.36902518418551e-5
432.0 2.2999728322189e-5
433.0 2.2347648983060212e-5
434.0 2.173097032290194e-5
435.0 2.1146954546000647e-5
435.99999999999994 2.0593133065081415e-5
437.0 2.006727496060152e-5
438.00000000000006 1.9567359661828786e-5
439.0 1.909155322170898e-5
440.0 1.8638187661776814e-5
441.0 1.8205742945015302e-5
442.0 1.7792831203353147e-5
443.0 1.739818290414239e-5
444.0 1.702063469137831e-5
445.0 1.6659118669437034e-5
446.0 1.6312652941048918e-5
446.99999999999994 1.598033323378396e-5
448.0 1.5661325470871277e-5
449.00000000000006 1.5354859170015747e-5
450.0 1.5060221564451929e-5
451.0 1.477675235539125e-5
452.0 1.4503839022027805e-5
453.0 1.42409126196847e-5
454.0 1.398744400929751e-5
455.0 1.3742940468052171e-5
456.0 1.3506942637688486e-5
457.0 1.327902177121743e-5
457.99999999999994 1.305877724659919e-5
459.0 1.2845834315145147e-5
460.00000000000006 1.2639842063441474e-5
461.0 1.2440471561156071e-5
462.0 1.2247414179844474e-5
463.0 1.2060380060335664e-5
464.0 1.1879096718328773e-5
465.0 1.1703307769675969e-5
466.0 1.1532771766907974e-5
467.0 1.1367261134018878e-5
468.0 1.1206561190620569e-5
468.99999999999994 1.105046925693771e-5
470.0 1.0898793832436918e-5
471.00000000000006 1.0751353839663107e-5
472.0 1.060797792939398e-5
473.0 1.0468503839857004e-5
474.0 1.0332777806131347e-5
475.0 1.020065401440776e-5
476.0 1.007199409829192e-5
477.0 9.946666672870388e-6
477.99999999999994 9.824546902788213e-6
479.0 9.705516103186632e-6
479.99999999999994 9.589461368863565e-6
481.0 9.476275230485774e-6
482.00000000000006 9.365855336053447e-6
483.0 9.258104154442156e-6
484.0 9.152928700247149e-6
485.0 9.050240278764585e-6
486.0 8.949954248291393e-6
487.0 8.851989800224793e-6
488.0 8.756269754494989e-6
488.99999999999994 8.662720370756576e-6
490.0 8.571271172822847e-6
491.00000000000006 8.481854787650197e-6
492.0 8.394406796391052e-6
493.0 8.308865598659111e-6
494.0 8.225172288608724e-6
495.0 8.143270543056514e-6
496.0 8.063106521305484e-6
497.0 7.9846287769472e-6
498.0 7.90778818151351e-6
499.0 7.83253786017e-6
499.99999999999994 7.75883313986812e-6
501.0 7.686631510401e-6
502.00000000000006 7.615892598808769e-6
503.0 7.546578157744526e-6
504.0 7.478652068819287e-6
505.0 7.412080361433888e-6
506.0 7.346831248198874e-6
507.0 7.282875178300133e-6
508.0 7.220184909015516e-6
509.0 7.1587355976975156e-6
510.0 7.098504914213769e-6
510.99999999999994 7.039473175599175e-6
512.0 6.981623503601663e-6
513.0 6.924942005641462e-6
514.0 6.869417979659277e-6
515.0 6.81504414268215e-6
516.0 6.761816881924993e-6
517.0 6.709736526932574e-6
518.0 6.658807639211017e-6
519.0 6.6090393148819416e-6
520.0 6.5604454940084805e-6
521.0 6.513045266802921e-6
522.0 6.466863165645978e-6
523.0 6.421929427353153e-6
524.0 6.378280207371133e-6
525.0 6.335957722932723e-6
526.0 6.295010299460354e-6
527.0 6.255492290227212e-6
528.0 6.217463836829187e-6
529.0 6.180990437472611e-6
530.0 6.1461422903143324e-6
531.0 6.112993384134808e-6
532.0 6.081620315488213e-6
533.0 6.052100824492419e-6
534.0 6.024512057968867e-6
535.0 5.998928588874899e-6
536.0 5.975420245827281e-6
537.0 5.95404983022364e-6
538.0 5.934870822034362e-6
539.0 5.9179251921320495e-6
540.0 5.903241448577665e-6
541.0 5.890833041301513e-6
542.0 5.880697234442533e-6
543.0 5.8728145282854544e-6
544.0 5.867148674938389e-6
545.0 5.863647289231856e-6
546.0 5.862243012603197e-6
547.0 5.862855149669534e-6
548.0 5.865391668215446e-6
549.0 5.869751436625813e-6
550.0 5.87582656930926e-6
551.0 5.883504758685635e-6
552.0 5.892671489668638e-6
553.0 5.903212055666907e-6
554.0 5.915013320449554e-6
555.0 5.927965194985872e-6
556.0 5.941961820119033e-6
557.0 5.956902463473643e-6
558.0 5.97269215196784e-6
559.0 5.989242069526191e-6
560.0 6.006469753947153e-6
561.0 6.0242991281338425e-6
562.0 6.042660399500432e-6
563.0 6.061489858711805e-6
564.0 6.080729605304109e-6
565.0 6.100327223407971e-6
566.0 6.120235427091632e-6
567.0 6.140411690701596e-6
568.0 6.160817876293973e-6
569.0 6.181419867279342e-6
570.0 6.2021872148494945e-6
571.0 6.223092801680956e-6
572.0 6.244112525853103e-6
573.0 6.265225006593871e-6
574.0 6.286411312442106e-6
575.0 6.30765471179247e-6
576.0 6.328940445190728e-6
577.0 6.350255518423096e-6
578.0 6.37158851519643e-6
579.0 6.392929428138734e-6
580.0 6.414269506701657e-6
581.0 6.435601120544225e-6
582.0 6.456917637153688e-6
583.0 6.478213312237373e-6
584.0 6.4994831918635195e-6
585.0 6.5207230249987685e-6
586.0 6.5419291855543995e-6
587.0 6.56309860282308e-6
588.0 6.584228699609255e-6
589.0 6.605317336975965e-6
590.0 6.62636276518061e-6
591.0 6.647363579942877e-6
592.0 6.66831868352902e-6
593.0 6.6892272500984665e-6
594.0 6.710088694895875e-6
595.0 6.730902646809426e-6
596.0 6.751668923951085e-6
597.0 6.772387511926118e-6
598.0 6.793058544474047e-6
599.0 6.813682286239767e-6
600.0 6.834259117415475e-6
601.0 6.854789520117916e-6
602.0 6.875274066156153e-6
603.0 6.895713406254021e-6
604.0 6.916108260321886e-6
605.0 6.936459408896229e-6
606.0 6.95676768545295e-6
607.0 6.977033969580106e-6
608.0 6.9972591808716685e-6
609.0 7.017444273526858e-6
610.0 7.03759023148062e-6
611.0 7.057698064149573e-6
612.0 7.077768802535444e-6
613.0 7.0978034958740945e-6
614.0 7.117803208553568e-6
615.0 7.137769017432313e-6
616.0 7.157702009436955e-6
617.0 7.177603279419195e-6
618.0 7.197473928284817e-6
619.0 7.217315061300193e-6
620.0 7.2371277865985375e-6
621.0 7.256913213904014e-6
622.0 7.276672453321339e-6
623.0 7.296406614368045e-6
624.0 7.3161168050283705e-6
625.0 7.335804131013433e-6
626.0 7.355469695023531e-6
627.0 7.375114596206276e-6
628.0 7.394739929590262e-6
629.0 7.414346785666395e-6
630.0 7.433936249996778e-6
631.0 7.453509402889894e-6
632.0 7.473067319133644e-6
633.0 7.4926110677505225e-6
634.0 7.5121417118317625e-6
635.0 7.5316603083791665e-6
636.0 7.55116790818903e-6
637.0 7.5706655557726625e-6
638.0 7.590154289279825e-6
639.0 7.609635140489369e-6
640.0 7.629109134778838e-6
641.0 7.648577291121213e-6
642.0 7.66804062212869e-6
643.0 7.6875001340717e-6
644.0 7.706956826939961e-6
645.0 7.726411694496755e-6
646.0 7.745865724353583e-6
647.0 7.765319898055632e-6
648.0 7.784775191172621e-6
649.0 7.804232573392653e-6
650.0 7.823693008630287e-6
651.0 7.843157455138747e-6
652.0 7.86262686560766e-6
653.0000000000001 7.882102187313927e-6
654.0 7.901584362221575e-6
655.0 7.921074327109511e-6
656.0 7.940573013715726e-6
657.0 7.960081348845869e-6
658.0 7.979600254526349e-6
659.0 7.99913064814622e-6
659.9999999999999 8.018673442564816e-6
661.0 8.038229546274456e-6
662.0 8.057799863535963e-6
663.0 8.077385294497866e-6
664.0000000000001 8.096986735371691e-6
665.0 8.116605078539007e-6
666.0 8.136241212718287e-6
667.0 8.155896023089376e-6
668.0 8.175570391432078e-6
669.0 8.195265196282288e-6
670.0 8.214981313061553e-6
670.9999999999999 8.234719614215782e-6
672.0 8.254480969364128e-6
673.0 8.274266245418193e-6
674.0 8.294076306755259e-6
675.0000000000001 8.313912015323607e-6
676.0 8.333774230788757e-6
677.0 8.353663810689735e-6
678.0 8.373581610544405e-6
679.0 8.393528484014128e-6
680.0 8.413505283021165e-6
681.0 8.43351285789282e-6
681.9999999999999 8.453552057489471e-6
683.0 8.473623729340302e-6
684.0 8.493728719791508e-6
685.0 8.513867874096658e-6
686.0000000000001 8.53404203661392e-6
687.0 8.554252050869545e-6
688.0 8.574498759738982e-6
688.9999999999999 8.594783005552841e-6
690.0 8.615105630233498e-6
691.0 8.635467475424491e-6
692.0 8.655869382621389e-6
692.9999999999999 8.676312193298587e-6
694.0 8.696796749038132e-6
695.0 8.717323891659171e-6
696.0 8.737894463349353e-6
697.0000000000001 8.758509306776735e-6
698.0 8.779169265239735e-6
699.0 8.799875182775126e-6
699.9999999999999 8.820627904297205e-6
701.0 8.841428275721538e-6
702.0 8.862277144086115e-6
703.0 8.883175357680309e-6
703.9999999999999 8.904123766184023e-6
705.0 8.92512322076879e-6
706.0 8.946174574250359e-6
707.0 8.967278681191514e-6
708.0000000000001 8.988436398052493e-6
709.0 9.009648583293346e-6
710.0 9.030916097516674e-6
710.9999999999999 9.0522398035924e-6
712.0 9.073620566778555e-6
713.0 9.095059254849842e-6
714.0 9.11655673822521e-6
715.0000000000001 9.1381138901036e-6
716.0 9.159731586569155e-6
717.0 9.18141070674312e-6
718.0 9.203152132904452e-6
719.0000000000001 9.224956750603756e-6
720.0 9.246825448808208e-6
721.0 9.268759120024882e-6
721.9999999999999 9.290758660427284e-6
723.0 9.312824969981676e-6
724.0 9.334958952581235e-6
725.0 9.357161516177598e-6
726.0000000000001 9.379433572899644e-6
727.0 9.401776039184537e-6
728.0 9.424189835924722e-6
729.0 9.446675888566905e-6
730.0 9.469235127269705e-6
731.0 9.491868487012215e-6
732.0 9.514576907730396e-6
732.9999999999999 9.537361334446436e-6
734.0 9.560222717388807e-6
735.0 9.58316201214208e-6
736.0 9.60618017973309e-6
737.0000000000001 9.629278186790661e-6
738.0 9.652457005660503e-6
739.0 9.675717614516568e-6
740.0 9.699060997503687e-6
741.0 9.72248814482316e-6
742.0 9.746000052883993e-6
743.0 9.769597724403221e-6
743.9999999999999 9.7932821685088e-6
745.0 9.817054400856047e-6
746.0 9.840915443734674e-6
747.0 9.864866326163268e-6
748.0000000000001 9.888908083977396e-6
749.0 9.913041759938072e-6
750.0 9.937268403782877e-6
751.0 9.961589072337796e-6
752.0 9.986004829551761e-6
753.0 1.0010516746565564e-5
754.0 1.0035125901771577e-5
754.9999999999999 1.0059833380834495e-5
756.0 1.0084640276706046e-5
757.0 1.0109547689667733e-5
758.0 1.0134556727286049e-5
759.0000000000001 1.0159668504393618e-5
760.0 1.0184884143069243e-5
761.0 1.0210204772533283e-5
762.0 1.0235631529088054e-5
763.0 1.0261165555957697e-5
764.0 1.0286808003193978e-5
765.0 1.03125600274285e-5
765.9999999999999 1.033842279168905e-5
767.0 1.0364397465119944e-5
768.0 1.0390485222674993e-5
769.0 1.0416687244748397e-5
770.0000000000001 1.044300471675927e-5
771.0 1.0469438828662279e-5
772.0 1.0495990774403116e-5
773.0 1.0522661751276493e-5
774.0 1.054945295920019e-5
775.0 1.0576365599928483e-5
776.0 1.0603400876122797e-5
776.9999999999999 1.0630559990296785e-5
778.0 1.065784414368729e-5
779.0 1.0685254534932823e-5
780.0 1.0712792358628358e-5
781.0000000000001 1.0740458803695648e-5
782.0 1.0768255051551364e-5
783.0 1.0796182274096512e-5
784.0 1.0824241631469873e-5
785.0 1.0852434269527125e-5
786.0 1.0880761317095955e-5
787.0 1.0909223882867727e-5
787.9999999999999 1.0937823052019402e-5
789.0 1.0966559882448864e-5
790.0 1.0995435400610008e-5
791.0 1.1024450596965415e-5
792.0000000000001 1.1053606420923662e-5
793.0 1.1082903775344033e-5
794.0 1.1112343510448417e-5
795.0 1.1141926417189063e-5
796.0 1.1171653220000008e-5
797.0 1.1201524568897268e-5
798.0 1.1231541030865543e-5
798.9999999999999 1.1261703080553903e-5
800.0 1.1292011090209263e-5
801.0 1.1322465318779152e-5
802.0 1.1353065900317526e-5
803.0000000000001 1.1383812831516222e-5
804.0 1.1414705958521837e-5
805.0 1.1445744962946158e-5
806.0 1.1476929347289317e-5
807.0 1.150825841972341e-5
808.0 1.1539731278463032e-5
809.0 1.1571346795910548e-5
809.9999999999999 1.1603103602799354e-5
811.0 1.1635000072666133e-5
812.0 1.1667034307060941e-5
813.0 1.169920412203083e-5
814.0000000000001 1.173150703641756e-5
815.0 1.17639402627417e-5
816.0 1.1796500701593744e-5
816.9999999999999 1.1829184940387018e-5
818.0 1.1861989257767738e-5
819.0 1.1894909634895204e-5
820.0 1.192794177496849e-5
820.9999999999999 1.196108113260931e-5
822.0 1.1994322954588396e-5
823.0 1.202766233348232e-5
824.0 1.206109427580984e-5
825.0000000000001 1.2094613785950623e-5
826.0 1.2128215966808076e-5
827.0 1.2161896137844545e-5
827.9999999999999 1.2195649970375359e-5
829.0 1.2229473639215667e-5
830.0 1.2263363988876851e-5
831.0 1.2297318711158431e-5
832.0000000000001 1.2331336529987556e-5
833.0 1.2365417387709382e-5
834.0 1.2399562626103399e-5
835.0 1.2433775153936855e-5
836.0000000000001 1.2468059592415883e-5
837.0 1.2502422389063782e-5
838.0 1.2536871891369494e-5
838.9999999999999 1.257141837182787e-5
840.0 1.260607399803084e-5
841.0 1.2640852743681627e-5
842.0 1.2675770239271335e-5
843.0000000000001 1.2710843564642569e-5
844.0 1.2746090989073736e-5
845.0 1.2781531667880386e-5
846.0 1.2817185307493596e-5
847.0000000000001 1.2853071812901122e-5
848.0 1.288921093252015e-5
849.0 1.2925621915739358e-5
849.9999999999999 1.296232319686349e-5
851.0 1.2999332117712867e-5
852.0 1.3036664697881633e-5
853.0 1.3074335458661047e-5
854.0000000000001 1.3112357303327746e-5
855.0 1.3150741453223432e-5
856.0 1.3189497436258165e-5
857.0 1.3228633122440016e-5
858.0 1.3268154799223804e-5
859.0 1.3308067278916827e-5
860.0 1.3348374029803283e-5
860.9999999999999 1.338907732318076e-5
862.0 1.343017838901599e-5
863.0 1.347167757388426e-5
864.0 1.3513574495973589e-5
865.0000000000001 1.3555868193014818e-5
866.0 1.3598557260122627e-5
867.0 1.364163997551197e-5
868.0 1.3685114412881413e-5
869.0 1.372897854005841e-5
870.0 1.3773230303971776e-5
871.0 1.3817867702572103e-5
871.9999999999999 1.3862888844411852e-5
873.0 1.3908291997090659e-5
874.0 1.3954075625566579e-5
875.0 1.4000238421631733e-5
876.0000000000001 1.4046779325620966e-5
877.0 1.4093697541610512e-5
878.0 1.4140992546916596e-5
879.0 1.4188664097177696e-5
880.0 1.4236712227482802e-5
881.0 1.4285137250645585e-5
882.0 1.4333939752999783e-5
882.9999999999999 1.4383120588482809e-5
884.0 1.4432680871341832e-5
885.0 1.4482621967889197e-5
886.0 1.4532945487725936e-5
887.0000000000001 1.4583653274544734e-5
888.0 1.4634747396817466e-5
889.0 1.468623013862497e-5
890.0 1.473810399052746e-5
891.0 1.4790371640823148e-5
892.0 1.484303596714507e-5
893.0 1.4896100028464596e-5
893.9999999999999 1.494956705747273e-5
895.0 1.5003440453612417e-5
896.0 1.5057723776366047e-5
897.0 1.511242073921602e-5
898.0000000000001 1.5167535204005614e-5
899.0 1.5223071175733159e-5
900.0 1.527903279788702e-5
901.0 1.5335424348156594e-5
902.0 1.539225023453812e-5
903.0 1.5449514991939044e-5
904.0 1.550722327904718e-5
904.9999999999999 1.5565379875636844e-5
906.0 1.5623989680179435e-5
907.0 1.5683057707757615e-5
908.0 1.5742589088296104e-5
909.0000000000001 1.580258906508686e-5
910.0 1.586306299350685e-5
911.0 1.592401634010968e-5
912.0 1.598545468176847e-5
913.0 1.604738370521437e-5
914.0 1.610980920665342e-5
915.0 1.6172737091602923e-5
915.9999999999999 1.623617337493169e-5
917.0 1.6300124181017377e-5
918.0 1.6364595744127482e-5
919.0 1.6429594408874547e-5
920.0000000000001 1.649512663085312e-5
921.0 1.656119897738049e-5
922.0 1.6627818128396923e-5
923.0 1.66949908774561e-5
924.0 1.6762724132803043e-5
925.0 1.683102491861697e-5
926.0 1.6899900376311213e-5
926.9999999999999 1.696935776593085e-5
928.0 1.7039404467682932e-5
929.0 1.7110047983460494e-5
930.0 1.7181295938605236e-5
931.0000000000001 1.725315608357999e-5
932.0 1.7325636295868304e-5
933.0 1.7398744581851814e-5
934.0 1.7472489078795178e-5
935.0 1.7546878056947698e-5
936.0 1.7621919921658593e-5
937.0 1.7697623215519725e-5
937.9999999999999 1.7773996620807278e-5
939.0 1.7851048961645792e-5
940.0 1.7928789206524088e-5
941.0 1.800722647074525e-5
942.0000000000001 1.808637001900577e-5
943.0 1.816622926794198e-5
944.0 1.824681378887388e-5
944.9999999999999 1.8328133310525797e-5
946.0 1.8410197721817344e-5
947.0 1.8493017074772864e-5
948.0 1.8576601587419325e-5
948.9999999999999 1.8660961646808314e-5
950.0 1.8746107812085485e-5
951.0 1.883205081763672e-5
952.0 1.891880157624138e-5
953.0000000000001 1.9006371182361103e-5
954.0 1.909477091546638e-5
955.0 1.918401224340534e-5
955.9999999999999 1.9274106825885447e-5
957.0 1.9365066517939806e-5
958.0 1.9456903373564316e-5
959.0 1.9549629649382074e-5
959.9999999999999 1.964325780821035e-5
961.0 1.9737800523036102e-5
962.0 1.9833270680690537e-5
963.0 1.9929681385851048e-5
964.0000000000001 2.0027045964921752e-5
965.0 2.0125377970160153e-5
966.0 2.022469118364321e-5
966.9999999999999 2.032499962153393e-5
968.0 2.0426317538192284e-5
969.0 2.0528659430499772e-5
970.0 2.0632040042197085e-5
971.0000000000001 2.0736474368190385e-5
972.0 2.084197765907317e-5
973.0 2.0948565425594458e-5
974.0 2.1056253443137953e-5
975.0000000000001 2.116505775640461e-5
976.0 2.127499468399537e-5
977.0 2.138608082308561e-5
977.9999999999999 2.1498333054242215e-5
979.0 2.161176854602261e-5
980.0 2.172640475990106e-5
981.0 2.1842259455046235e-5
982.0000000000001 2.1959350693180415e-5
983.0 2.207769684345177e-5
984.0 2.2197316587226294e-5
985.0 2.2318228923165674e-5
986.0 2.244045317196568e-5
987.0 2.2564008981330375e-5
988.0 2.2688916330736512e-5
988.9999999999999 2.2815195536462955e-5
990.0 2.294286725623402e-5
991.0 2.3071952494149396e-5
992.0 2.3202472605297378e-5
993.0000000000001 2.3334449300529142e-5
994.0 2.3467904650926037e-5
995.0 2.360286109241852e-5
996.0 2.3739341430110443e-5
997.0 2.3877368842570854e-5
998.0 2.401696688597658e-5
999.0 2.415815949802507e-5
999.9999999999999 2.4300971001830917e-5
1001.0 2.4445426109477913e-5
1002.0 2.459154992532456e-5
1003.0 2.4739367949191587e-5
1004.0000000000001 2.48889060792134e-5
1005.0 2.5040190614294945e-5
1006.0 2.519324825638416e-5
1007.0 2.5348106112282808e-5
1008.0 2.5504791694940052e-5
1009.0 2.5663332924557966e-5
1010.0 2.5823758128995034e-5
1010.9999999999999 2.5986096043645298e-5
1012.0 2.6150375810851028e-5
1013.0 2.6316626978582953e-5
1014.0 2.6484879498357917e-5
1015.0000000000001 2.665516372255657e-5
1016.0 2.6827510400876416e-5
1017.0 2.7001950675737806e-5
1018.0 2.717851607700745e-5
1019.0 2.7357238515345315e-5
1020.0 2.7538150274815388e-5
1021.0 2.7721284003758632e-5
1021.9999999999999 2.790667270499681e-5
1023.0 2.8094349723986806e-5
1024.0 2.8284348735888192e-5
1025.0 2.847670373082519e-5
1026.0 2.867144899720613e-5
1027.0 2.8868619103645694e-5
1028.0 2.9068248878073017e-5
1029.0 2.9270373385561405e-5
1030.0 2.9475027902827647e-5
1031.0 2.9682247891009438e-5
1032.0 2.9892068965290148e-5
1033.0 3.0104526861721407e-5
1034.0 3.0319657400917936e-5
1035.0 3.0537496448481244e-5
1036.0 3.0758079871732023e-5
1037.0 3.098144349284025e-5
1038.0 3.120762303764873e-5
1039.0 3.14366540802585e-5
1040.0 3.166857198303786e-5
1041.0 3.190341183157839e-5
1042.0 3.214120836451143e-5
1043.0 3.2381995897517536e-5
1044.0 3.2625808241624256e-5
1045.0 3.287267861495327e-5
1046.0 3.312263954789326e-5
1047.0 3.3375722780904536e-5
1048.0 3.363195915497285e-5
1049.0 3.3891378494046175e-5
1050.0 3.415400947855929e-5
1051.0 3.441987951052367e-5
1052.0 3.468901456870163e-5
1053.0 3.496143905396321e-5
1054.0 3.52371756239964e-5
1055.0 3.5516245016756955e-5
1056.0 3.579866586278028e-5
1057.0 3.608445448421343e-5
1058.0 3.6373624682121486e-5
1059.0 3.6666187509412786e-5
1060.0 3.696215103020853e-5
1061.0 3.726152006452813e-5
1062.0 3.756429591738716e-5
1063.0 3.787047609256461e-5
1064.0 3.81800539894857e-5
1065.0 3.849301858384693e-5
1066.0 3.88093540899748e-5
1067.0 3.912903960633856e-5
1068.0 3.945204874204415e-5
1069.0 3.977834922528852e-5
1070.0 4.010790249263051e-5
1071.0 4.044066325996031e-5
1072.0 4.077657907404187e-5
1073.0 4.111558984535826e-5
1074.0 4.145762736275488e-5
1075.0 4.180261478983208e-5
1076.0 4.2150466143978196e-5
1077.0 4.2501085759047547e-5
1078.0 4.2854367732696046e-5
1079.0 4.321019535987639e-5
1080.0 4.356844055447051e-5
1081.0 4.392896326046257e-5
1082.0 4.429161085648902e-5
1083.0 4.465621755495589e-5
1084.0 4.502260380105426e-5
1085.0 4.53905756737303e-5
1086.0 4.575992429421374e-5
1087.0 4.613042524670591e-5
1088.0 4.6501838016331764e-5
1089.0 4.687390545134072e-5
1090.0 4.724635325547495e-5
1091.0 4.761888951782481e-5
1092.0 4.799120428913434e-5
1093.0 4.836296921196609e-5
1094.0 4.8733837214284386e-5
1095.0 4.9103442276689814e-5
1096.0 4.9471399282212356e-5
1097.0 4.983730396088746e-5
1098.0 5.020073293855648e-5
1099.0 5.056124390188431e-5
1100.0 5.091837589072641e-5
1101.0 5.1271649728346514e-5
1102.0 5.162056860087462e-5
1103.0 5.196461879649284e-5
1104.0 5.230327061302441e-5
1105.0 5.2635979443379374e-5
1106.0 5.296218704626021e-5
1107.0 5.3281323006747495e-5
1108.0 5.359280639276155e-5
1109.0 5.3896047607248534e-5
1110.0 5.419045043659085e-5
1111.0 5.4475414292173155e-5
1112.0 5.4750336637851454e-5
1113.0 5.501461559490071e-5
1114.0 5.526765271158362e-5
1115.0 5.5508855880591325e-5
1116.0 5.5737642385452264e-5
1117.0 5.595344205210546e-5
1118.0 5.615570048012208e-5
1119.0 5.634388232282879e-5
1120.0 5.651747458493059e-5
1121.0 5.66759899024863e-5
1122.0 5.681896976832647e-5
1123.0 5.6945987665198464e-5
1124.0 5.705665206786537e-5
1125.0 5.715060927530206e-5
1126.0 5.722754603512815e-5
1127.0 5.728719192472934e-5
1128.0 5.7329321454096725e-5
1129.0 5.735375586074894e-5
1130.0 5.73603645694213e-5
1131.0 5.734906629444445e-5
1132.0 5.731982976770177e-5
1133.0 5.7272674080324094e-5
1134.0 5.720766863255145e-5
1135.0 5.712493269166346e-5
1136.0 5.7024634564189526e-5
1137.0 5.6906990394223596e-5
1138.0 5.677226260541264e-5
1139.0 5.662075800907079e-5
1140.0 5.64528256056336e-5
1141.0 5.626885411049014e-5
1142.0 5.606926923854517e-5
1143.0 5.585453078401769e-5
1144.0 5.5625129534128294e-5
1145.0 5.5381584055717774e-5
1146.0 5.5124437394043764e-5
1147.0 5.485425372245487e-5
1148.0 5.4571614980091946e-5
1149.0 5.427711753282243e-5
1150.0 5.397136889067074e-5
1151.0 5.365498451087468e-5
1152.0 5.332858471448935e-5
1153.0 5.29927917384267e-5
1154.0 5.264822694422322e-5
1155.0 5.22955081984584e-5
1156.0 5.193524743848141e-5
1157.0 5.1568048432104144e-5
1158.0 5.1194504737540397e-5
1159.0 5.0815197866283905e-5
1160.0 5.0430695649492936e-5
1161.0 5.004155080557474e-5
1162.0 4.9648299704114265e-5
1163.0 4.925146132007873e-5
1164.0 4.8851536370717884e-5
1165.0 4.844900662508698e-5
1166.0 4.80443343773732e-5
1167.0 4.763796207137216e-5
1168.0 4.723031206658265e-5
1169.0 4.682178653252475e-5
1170.0 4.641276746137955e-5
1171.0 4.600361678535232e-5
1172.0 4.55946765889979e-5
1173.0 4.518626940458056e-5
1174.0 4.47786985803245e-5
1175.0 4.437224871091257e-5
1176.0 4.396718612160564e-5
1177.0 4.356375939647049e-5
1178.0 4.316219994283158e-5
1179.0 4.276272258391318e-5
1180.0 4.2365526173822745e-5
1181.0 4.197079422745038e-5
1182.0 4.157869556030363e-5
1183.0 4.11893849333762e-5
1184.0 4.080300369784534e-5
1185.0 4.0419680436996685e-5
1186.0 4.0039531600301635e-5
1187.0 3.96626621285851e-5
1188.0 3.928916606606373e-5
1189.0 3.891912715846812e-5
1190.0 3.8552619434828944e-5
1191.0 3.818970777177339e-5
1192.0 3.78304484394043e-5
1193.0 3.747488962743067e-5
1194.0 3.7123071951510624e-5
1195.0 3.677502893932983e-5
1196.0 3.643078749583717e-5
1197.0 3.6090368347997125e-5
1198.0 3.5753786469239805e-5
1199.0 3.542105148319076e-5
1200.0 3.509216804807977e-5
1201.0 3.47671362209214e-5
1202.0 3.444595180312692e-5
1203.0 3.412860666740873e-5
1204.0 3.381508906677002e-5
1205.0 3.350538392582281e-5
1206.0 3.3199473115975445e-5
1207.0 3.289733571389943e-5
1208.0 3.2598948245066366e-5
1209.0 3.2304284912206005e-5
1210.0 3.201331780974137e-5
1211.0 3.172601712491437e-5
1212.0 3.14423513258394e-5
1213.0 3.116228733756158e-5
1214.0 3.0885790706577206e-5
1215.0 3.0612825754256576e-5
1216.0 3.0343355719865297e-5
1217.0 3.007734289413696e-5
1218.0 2.9814748743057284e-5
1219.0 2.955553402318394e-5
1220.0 2.9299658888833042e-5
1221.0 2.9047082991196426e-5
1222.0 2.8797765570347624e-5
1223.0 2.8551665540337974e-5
1224.0 2.8308741567876578e-5
1225.0 2.8068952144823624e-5
1226.0 2.783225565510502e-5
1227.0 2.759861043639365e-5
1228.0 2.7367974836539475e-5
1229.0 2.7140307265571898e-5
1230.0 2.691556624331494e-5
1231.0 2.6693710442744466e-5
1232.0 2.6474698729709072e-5
1233.0 2.625849019907914e-5
1234.0 2.6045044207591647e-5
1235.0 2.5834320403448822e-5
1236.0 2.5626278753232202e-5
1237.0 2.542087956605453e-5
1238.0 2.521808351529431e-5
1239.0 2.5017851657835788e-5
1240.0 2.4820145451417345e-5
1241.0 2.462492676971015e-5
1242.0 2.4432157915806827e-5
1243.0 2.424180163377514e-5
1244.0 2.4053821118883863e-5
1245.0 2.386818002605409e-5
1246.0 2.3684842477105818e-5
1247.0 2.3503773066925343e-5
1248.0 2.3324936868013644e-5
1249.0 2.3148299434559876e-5
1250.0 2.2973826805091506e-5
1251.0 2.2801485504313165e-5
1252.0 2.263124254429021e-5
1253.0 2.246306542470983e-5
1254.0 2.2296922132464562e-5
1255.0 2.213278114069666e-5
1256.0 2.197061140714176e-5
1257.0 2.1810382372040917e-5
1258.0 2.16520639555039e-5
1259.0 2.1495626554504785e-5
1260.0 2.1341041039402824e-5
1261.0 2.118827875018496e-5
1262.0 2.1037311492363507e-5
1263.0 2.088811153259532e-5
1264.0 2.074065159397705e-5
1265.0 2.0594904851236334e-5
1266.0 2.045084492560898e-5
1267.0 2.030844587963236e-5
1268.0 2.0167682211734815e-5
1269.0 2.0028528850657408e-5
1270.0 1.989096114989107e-5
1271.0 1.9754954881881425e-5
1272.0 1.9620486232180863e-5
1273.0 1.94875317936734e-5
1274.0 1.9356068560540917e-5
1275.0 1.9226073922312467e-5
1276.0 1.909752565793661e-5
1277.0 1.8970401929728272e-5
1278.0 1.8844681277348664e-5
1279.0 1.8720342611822685e-5
1280.0 1.8597365209511235e-5
1281.0 1.84757287062246e-5
1282.0 1.8355413091176178e-5
1283.0 1.823639870114664e-5
1284.0 1.8118666214562597e-5
1285.0 1.80021966457165e-5
1286.0 1.7886971338946225e-5
1287.0 1.7772971962926927e-5
1288.0 1.7660180505018644e-5
1289.0 1.7548579265614275e-5
1290.0 1.743815085267843e-5
1291.0 1.7328878176140138e-5
1292.0 1.722074444258784e-5
1293.0 1.7113733149893114e-5
1294.0 1.7007828081908157e-5
1295.0 1.6903013303283277e-5
1296.0 1.6799273154407835e-5
1297.0 1.6696592246208615e-5
1298.0 1.6594955455313484e-5
1299.0 1.649434791908434e-5
1300.0 1.63947550307978e-5
1301.0 1.6296162434909407e-5
1302.0 1.619855602238818e-5
1303.0 1.6101921926085248e-5
1304.0 1.6006246516269463e-5
1305.0 1.5911516396142787e-5
1306.0000000000002 1.5817718397499052e-5
1307.0 1.5724839576425862e-5
1308.0 1.5632867209074657e-5
1308.9999999999998 1.554178878758279e-5
1310.0 1.5451592015924285e-5
1311.0 1.5362264805986952e-5
1312.0 1.5273795273612546e-5
1313.0 1.5186171734758375e-5
1314.0 1.5099382701752455e-5
1315.0 1.5013416879549222e-5
1316.0 1.4928263162111248e-5
1317.0000000000002 1.4843910628839987e-5
1318.0 1.4760348541086008e-5
1319.0 1.4677566338707888e-5
1319.9999999999998 1.4595553636709738e-5
1321.0 1.4514300221931317e-5
1322.0 1.4433796049827736e-5
1323.0 1.4354031241264523e-5
1324.0 1.4274996079448653e-5
1325.0 1.4196681006852199e-5
1326.0 1.4119076622185327e-5
1327.0 1.4042173677550356e-5
1328.0000000000002 1.3965963075481366e-5
1329.0 1.3890435866158866e-5
1330.0 1.3815583244667393e-5
1330.9999999999998 1.3741396548256538e-5
1332.0 1.3667867253688587e-5
1333.0 1.3594986974662545e-5
1334.0 1.352274745923997e-5
1335.0 1.3451140587354435e-5
1336.0 1.3380158368380395e-5
1337.0 1.3309792938693847e-5
1338.0 1.3240036559357821e-5
1339.0000000000002 1.3170881613806541e-5
1340.0 1.3102320605577157e-5
1341.0 1.3034346156109796e-5
1341.9999999999998 1.2966951002590583e-5
1343.0 1.2900127995775357e-5
1344.0 1.283387009798076e-5
1345.0 1.2768170380989194e-5
1346.0 1.2703022024059561e-5
1347.0 1.263841831199165e-5
1348.0 1.2574352633183798e-5
1349.0 1.25108184777509e-5
1350.0000000000002 1.2447809435702448e-5
1351.0 1.2385319195105324e-5
1352.0 1.2323341540341675e-5
1352.9999999999998 1.226187035035636e-5
1354.0 1.2200899596966064e-5
1355.0 1.2140423343178563e-5
1356.0 1.208043574158353e-5
1357.0 1.2020931032737461e-5
1358.0 1.1961903543595135e-5
1359.0 1.1903347685963415e-5
1360.0 1.1845257955028246e-5
1361.0000000000002 1.1787628927844056e-5
1362.0 1.173045526190084e-5
1363.0 1.1673731693697803e-5
1363.9999999999998 1.1617453037366243e-5
1365.0 1.156161418330612e-5
1366.0 1.1506210096836309e-5
1366.9999999999998 1.1451235816890982e-5
1368.0 1.1396686454740887e-5
1369.0 1.134255719273091e-5
1370.0 1.1288843283061837e-5
1371.0 1.1235540046553023e-5
1372.0000000000002 1.1182642871476914e-5
1373.0 1.1130147212389462e-5
1374.0 1.1078048589002147e-5
1374.9999999999998 1.1026342585041914e-5
1376.0 1.0975024847174112e-5
1377.0 1.0924091083936233e-5
1377.9999999999998 1.0873537064656493e-5
1379.0 1.082335861843878e-5
1380.0 1.0773551633154645e-5
1381.0 1.0724112054438703e-5
1382.0 1.0675035884728923e-5
1383.0000000000002 1.0626319182280854e-5
1384.0 1.0577958060275413e-5
1385.0 1.0529948685853144e-5
1385.9999999999998 1.0482287279258486e-5
1387.0 1.0434970112918474e-5
1388.0 1.0387993510588991e-5
1388.9999999999998 1.0341353846520835e-5
1390.0 1.029504754459278e-5
1391.0 1.0249071077522363e-5
1392.0 1.0203420966043752e-5
1393.0 1.0158093778128414e-5
1394.0000000000002 1.0113086128215912e-5
1395.0 1.0068394676433908e-5
1396.0 1.0024016127894377e-5
1396.9999999999998 9.979947231920024e-6
1398.0 9.93618478135325e-6
1399.0 9.892725611849915e-6
1399.9999999999998 9.849566601183749e-6
1401.0 9.806704668561824e-6
1402.0 9.764136773993119e-6
1403.0 9.721859917582359e-6
1404.0 9.679871138949523e-6
1405.0000000000002 9.638167516554205e-6
1406.0 9.59674616710092e-6
1407.0 9.555604244932133e-6
1407.9999999999998 9.514738941428997e-6
1409.0 9.474147484436306e-6
1410.0 9.433827137671826e-6
1410.9999999999998 9.393775200190463e-6
1412.0 9.353989005805158e-6
1413.0 9.314465922564015e-6
1414.0 9.275203352211768e-6
1415.0 9.23619872966279e-6
1416.0000000000002 9.19744952249748e-6
1417.0 9.158953230447773e-6
1418.0 9.12070738491018e-6
1419.0000000000002 9.082709548448624e-6
1420.0 9.044957314342276e-6
1421.0 9.007448306084277e-6
1421.9999999999998 8.970180176945404e-6
1423.0 8.93315060950754e-6
1424.0 8.896357315230342e-6
1425.0 8.859798034005419e-6
1426.0 8.823470533735683e-6
1427.0000000000002 8.787372609907138e-6
1428.0 8.751502085184228e-6
1429.0 8.715856808989318e-6
1430.0000000000002 8.680434657122916e-6
1431.0 8.645233531344654e-6
1432.0 8.610251359018903e-6
1432.9999999999998 8.57548609271393e-6
1434.0 8.540935709836013e-6
1435.0 8.50659821226439e-6
1436.0 8.472471625993355e-6
1437.0 8.438554000775799e-6
1438.0000000000002 8.404843409773654e-6
1439.0 8.371337949227596e-6
1440.0 8.338035738108972e-6
1441.0000000000002 8.304934917802074e-6
1442.0 8.272033651763406e-6
1443.0 8.239330125225244e-6
1443.9999999999998 8.20682254486455e-6
1445.0 8.17450913850185e-6
1446.0 8.142388154805604e-6
1447.0 8.110457862976322e-6
1448.0 8.078716552475595e-6
1449.0000000000002 8.047162532727743e-6
1450.0 8.015794132832997e-6
1451.0 7.984609701298072e-6
1452.0000000000002 7.953607605763346e-6
1453.0 7.922786232723376e-6
1454.0 7.892143987279487e-6
1454.9999999999998 7.861679292855069e-6
1456.0 7.831390590972272e-6
1457.0 7.801276340975888e-6
1458.0 7.771335019792225e-6
1459.0 7.741565121693569e-6
1460.0 7.71196515804702e-6
1461.0 7.682533657096683e-6
1462.0 7.653269163707923e-6
1463.0000000000002 7.624170239161152e-6
1464.0 7.595235460918136e-6
1465.0 7.566463422408073e-6
1465.9999999999998 7.537852732806489e-6
1467.0 7.509402016819198e-6
1468.0 7.481109914476575e-6
1469.0 7.4529750809297515e-6
1470.0 7.424996186246265e-6
1471.0 7.397171915200954e-6
1472.0 7.36950096710078e-6
1473.0 7.3419820555736835e-6
1474.0000000000002 7.314613908374799e-6
1475.0 7.2873952672200776e-6
1476.0 7.260324887586429e-6
1476.9999999999998 7.233401538530391e-6
1478.0 7.206624002517945e-6
1479.0 7.179991075247804e-6
1480.0 7.153501565465468e-6
1481.0 7.127154294813672e-6
1482.0 7.10094809764946e-6
1483.0 7.074881820885271e-6
1484.0 7.0489543238313656e-6
1485.0000000000002 7.023164478029821e-6
1486.0 6.997511167092318e-6
1487.0 6.97199328656393e-6
1487.9999999999998 6.946609743751562e-6
1489.0 6.921359457587939e-6
1490.0 6.8962413584759246e-6
1491.0 6.87125438814512e-6
1492.0 6.846397499513986e-6
1493.0 6.821669656539674e-6
1494.0 6.797069834090065e-6
1495.0 6.772597017805355e-6
1496.0000000000002 6.748250203951936e-6
1497.0 6.724028399308739e-6
1498.0 6.699930621023499e-6
1498.9999999999998 6.675955896491159e-6
1500.0 6.6521032632196355e-6
1501.0 6.62837176872319e-6
1502.0 6.6047604703796146e-6
1503.0 6.5812684353244585e-6
1504.0 6.557894740321701e-6
1505.0 6.5346384716559885e-6
1506.0 6.511498725013724e-6
1507.0000000000002 6.488474605372764e-6
1508.0 6.465565226884299e-6
1509.0 6.442769712766868e-6
1509.9999999999998 6.420087195203138e-6
1511.0 6.3975168152293865e-6
1512.0 6.3750577226226445e-6
1513.0 6.352709075814025e-6
1514.0 6.330470041774794e-6
1515.0 6.308339795916708e-6
1516.0 6.286317522003257e-6
1517.0 6.264402412037966e-6
1518.0000000000002 6.24259366618301e-6
1519.0 6.2208904926536535e-6
1520.0 6.199292107632578e-6
1520.9999999999998 6.177797735180872e-6
1522.0 6.156406607134131e-6
1523.0 6.13511796302853e-6
1524.0 6.113931050009249e-6
1525.0 6.092845122743187e-6
1526.0 6.071859443331769e-6
1527.0 6.0509732812348925e-6
1528.0 6.030185913176023e-6
1529.0000000000002 6.009496623082631e-6
1530.0 5.98890470198188e-6
1531.0 5.968409447940955e-6
1531.9999999999998 5.948010165978793e-6
1533.0 5.9277061679931606e-6
1534.0 5.907496772691206e-6
1535.0 5.887381305508979e-6
1536.0 5.86735909853799e-6
1537.0 5.847429490458126e-6
1538.0 5.82759182646498e-6
1539.0 5.8078454582000286e-6
1540.0000000000002 5.788189743686199e-6
1541.0 5.768624047255155e-6
1542.0 5.749147739477783e-6
1542.9999999999998 5.729760197111915e-6
1544.0 5.710460803028084e-6
1545.0 5.691248946143426e-6
1546.0 5.672124021369996e-6
1547.0 5.653085429543441e-6
1548.0 5.634132577366513e-6
1549.0 5.61526487735401e-6
1550.0 5.596481747764256e-6
1551.0000000000002 5.577782612546987e-6
1552.0 5.559166901289129e-6
1553.0 5.5406340491514225e-6
1553.9999999999998 5.522183496818838e-6
1555.0 5.503814690445809e-6
1556.0 5.485527081602751e-6
1557.0 5.467320127218767e-6
1558.0 5.449193289534531e-6
1559.0 5.431146036049953e-6
1560.0 5.413177839473456e-6
1561.0 5.395288177678643e-6
1562.0000000000002 5.377476533637544e-6
1563.0 5.35974239539727e-6
1564.0 5.342085256011216e-6
1564.9999999999998 5.324504613506762e-6
1566.0 5.306999970831624e-6
1567.0 5.289570835813372e-6
1568.0 5.272216721111197e-6
1569.0 5.254937144175937e-6
1570.0 5.237731627199912e-6
1571.0 5.220599697088416e-6
1572.0 5.203540885401766e-6
1573.0000000000002 5.186554728323858e-6
1574.0 5.169640766619942e-6
1575.0 5.1527985455965595e-6
1575.9999999999998 5.136027615062801e-6
1577.0 5.119327529286033e-6
1578.0 5.102697846964548e-6
1579.0 5.08613813118415e-6
1580.0 5.069647949373988e-6
1581.0 5.053226873287976e-6
1582.0 5.036874478952882e-6
1583.0 5.020590346636148e-6
1584.0000000000002 5.004374060821958e-6
1585.0 4.9882252101633864e-6
1586.0 4.972143387452942e-6
1586.9999999999998 4.956128189597732e-6
1588.0 4.940179217571431e-6
1589.0 4.9242960763955044e-6
1590.0 4.908478375100723e-6
1591.0 4.892725726699008e-6
1592.0 4.877037748148698e-6
1593.0 4.861414060328331e-6
1594.0 4.845854288002721e-6
1595.0000000000002 4.830358059798614e-6
1596.0 4.814925008166675e-6
1597.0 4.799554769363957e-6
1597.9999999999998 4.784246983416702e-6
1599.0 4.769001294094567e-6
1600.0 4.753817348884258e-6
1601.0 4.738694798963556e-6
1602.0 4.723633299167314e-6
1603.0 4.708632507966939e-6
1604.0 4.693692087443366e-6
1605.0 4.678811703262347e-6
1606.0000000000002 4.663991024637579e-6
1607.0 4.649229724320291e-6
1608.0 4.634527478564181e-6
1608.9999999999998 4.619883967103074e-6
1610.0 4.605298873122749e-6
1611.0 4.590771883243608e-6
1612.0 4.576302687488087e-6
1613.0 4.561890979258409e-6
1614.0 4.547536455313339e-6
1615.0 4.533238815747433e-6
1616.0 4.5189977639569404e-6
1617.0000000000002 4.504813006623991e-6
1618.0 4.490684253692359e-6
1619.0 4.4766112183411166e-6
1619.9999999999998 4.462593616958714e-6
1621.0 4.448631169125086e-6
1622.0 4.434723597578827e-6
1622.9999999999998 4.420870628204872e-6
1624.0 4.407071990002971e-6
1625.0 4.393327415062866e-6
1626.0 4.379636638542902e-6
1627.0 4.365999398648761e-6
1628.0000000000002 4.352415436604004e-6
1629.0 4.338884496625738e-6
1630.0 4.325406325905289e-6
1630.9999999999998 4.311980674578857e-6
1632.0 4.298607295703591e-6
1633.0 4.285285945232447e-6
1633.9999999999998 4.272016381987698e-6
1635.0 4.258798367638334e-6
1636.0 4.245631666672844e-6
1637.0 4.23251604636989e-6
1638.0 4.2194512767747665e-6
1639.0000000000002 4.206437130673221e-6
1640.0 4.193473383557055e-6
1641.0 4.180559813607444e-6
1641.9999999999998 4.167696201656659e-6
1643.0 4.154882331164671e-6
1644.0 4.14211798818998e-6
1644.9999999999998 4.129402961354662e-6
1646.0 4.11673704182155e-6
1647.0 4.104120023258312e-6
1648.0 4.0915517018053995e-6
1649.0 4.079031876049648e-6
1650.0000000000002 4.066560346986796e-6
1651.0 4.054136917986857e-6
1652.0 4.041761394765482e-6
1652.9999999999998 4.029433585345827e-6
1654.0 4.01715330002637e-6
1655.0 4.004920351338093e-6
1655.9999999999998 3.992734554016355e-6
1657.0 3.980595724954607e-6
1658.0 3.968503683177732e-6
1659.0 3.956458249789328e-6
1660.0 3.944459247942697e-6
1661.0000000000002 3.932506502794268e-6
1662.0 3.9205998414642706e-6
1663.0 3.908739092993938e-6
1664.0000000000002 3.896924088305416e-6
1665.0 3.885154660149171e-6
1666.0 3.8734306430739785e-6
1666.9999999999998 3.861751873363659e-6
1668.0 3.8501181890050005e-6
1669.0 3.838529429632723e-6
1670.0 3.826985436486525e-6
1671.0 3.815486052358538e-6
1672.0000000000002 3.804031121542919e-6
1673.0 3.7926204897899264e-6
1674.0 3.78125400425246e-6
1675.0000000000002 3.7699315134325848e-6
1676.0 3.758652867131581e-6
1677.0 3.7474179163976037e-6
1677.9999999999998 3.736226513465835e-6
1679.0 3.7250785117128686e-6
1680.0 3.713973765593746e-6
1681.0 3.7029121305941927e-6
1682.0 3.691893463165412e-6
1683.0000000000002 3.6809176206780513e-6
1684.0 3.6699844613559066e-6
1685.0 3.6590938442278243e-6
1686.0000000000002 3.648245629063809e-6
1687.0 3.6374396763209412e-6
1688.0 3.6266758470855534e-6
1688.9999999999998 3.6159540030165344e-6
1690.0 3.6052740062871755e-6
1691.0 3.5946357195269815e-6
1692.0 3.5840390057675883e-6
1693.0 3.573483728387045e-6
1694.0000000000002 3.562969751049295e-6
1695.0 3.5524969376540395e-6
1696.0 3.5420651522790878e-6
1697.0000000000002 3.5316742591270875e-6
1698.0 3.5213241224746134e-6
1699.0 3.5110146066191207e-6
1699.9999999999998 3.5007455758270515e-6
1701.0 3.4905168942862124e-6
1702.0 3.4803284260590606e-6
1703.0 3.470180035036652e-6
1704.0 3.460071584887465e-6
1705.0000000000002 3.450002939026388e-6
1706.0 3.439973960561483e-6
1707.0 3.4299845122675886e-6
1708.0000000000002 3.4200344565409562e-6
1709.0 3.4101236553677213e-6
1710.0 3.400251970296903e-6
1710.9999999999998 3.390419262406688e-6
1712.0 3.3806253922791275e-6
1713.0 3.3708702199818135e-6
1714.0 3.3611536050403677e-6
1715.0 3.3514754064309144e-6
1716.0 3.3418354825606415e-6
1717.0 3.3322336912580977e-6
1718.0 3.322669889772307e-6
1719.0000000000002 3.313143934763102e-6
1720.0 3.3036556823108918e-6
1721.0 3.2942049879129475e-6
1721.9999999999998 3.2847917064994713e-6
1723.0 3.2754156924438556e-6
1724.0 3.2660767995816484e-6
1725.0 3.2567748812305147e-6
1726.0 3.2475097902174736e-6
1727.0 3.2382813789088185e-6
1728.0 3.229089499246089e-6
1729.0 3.2199340027829453e-6
1730.0000000000002 3.2108147407287418e-6
1731.0 3.201731563999475e-6
1732.0 3.19268432326615e-6
1732.9999999999998 3.183672869013596e-6
1734.0 3.174697051602017e-6
1735.0 3.165756721329808e-6
1736.0 3.1568517285041706e-6
1737.0 3.147981923516404e-6
1738.0 3.139147156916866e-6
1739.0 3.130347279497502e-6
1740.0 3.1215821423793493e-6
1741.0000000000002 3.1128515970997465e-6
1742.0 3.104155495703508e-6
1743.0 3.0954936908432218e-6
1743.9999999999998 3.0868660358775505e-6
1745.0 3.0782723849703436e-6
1746.0 3.0697125932018194e-6
1747.0 3.06118651667216e-6
1748.0 3.0526940126150945e-6
1749.0 3.0442349395097065e-6
1750.0 3.0358091571967178e-6
1751.0 3.0274165269937264e-6
1752.0000000000002 3.0190569118186198e-6
1753.0 3.010730176300808e-6
1754.0 3.0024361869136784e-6
1754.9999999999998 2.994174812084698e-6
1756.0 2.9859459223305724e-6
1757.0 2.9777493903699265e-6
1758.0 2.969585091251705e-6
1759.0 2.9614529024787375e-6
1760.0 2.9533527041265153e-6
1761.0 2.9452843789696044e-6
1762.0 2.9372478125993044e-6
1763.0000000000002 2.9292428935461235e-6
1764.0 2.9212695133970367e-6
1765.0 2.9133275669101784e-6
1765.9999999999998 2.9054169521361235e-6
1767.0 2.8975375705229026e-6
1768.0 2.8896893270338165e-6
1769.0 2.8818721302472813e-6
1770.0 2.8740858924707388e-6
1771.0 2.8663305298381155e-6
1772.0 2.858605962406807e-6
1773.0 2.8509121142605514e-6
1774.0000000000002 2.8432489135952728e-6
1775.0 2.835616292811721e-6
1776.0 2.8280141885968254e-6
1776.9999999999998 2.820442542011099e-6
1778.0 2.812901298560835e-6
1779.0 2.805390408271316e-6
1780.0 2.7979098257607486e-6
1781.0 2.7904595103007065e-6
1782.0 2.783039425879112e-6
1783.0 2.775649541254353e-6
1784.0 2.7682898300121774e-6
1785.0000000000002 2.7609602706098845e-6
1786.0 2.7536608464188845e-6
1787.0 2.746391545769934e-6
1787.9999999999998 2.739152361981399e-6
1789.0 2.731943293396126e-6
1790.0 2.7247643434010588e-6
1791.0 2.717615520458713e-6
1792.0 2.7104968381187374e-6
1793.0 2.703408315034397e-6
1794.0 2.696349974977048e-6
1795.0 2.689321846836311e-6
1796.0000000000002 2.682323964630288e-6
1797.0 2.675356367499128e-6
1798.0 2.6684190997078753e-6
1798.9999999999998 2.661512210634646e-6
1800.0 2.6546357547605867e-6
1801.0 2.647789791661882e-6
1802.0 2.640974385987024e-6
1803.0 2.634189607444124e-6
1804.0 2.6274355307741694e-6
1805.0 2.62071223573192e-6
1806.0 2.6140198070569382e-6
1807.0000000000002 2.6073583344474063e-6
1808.0 2.6007279125298487e-6
1809.0 2.594128640824189e-6
1809.9999999999998 2.5875606237153007e-6
1811.0 2.581023970412971e-6
1812.0 2.574518794918408e-6
1813.0 2.568045215986747e-6
1814.0 2.561603357086611e-6
1815.0 2.555193346361519e-6
1816.0 2.548815316588583e-6
1817.0 2.5424694051395627e-6
1818.0000000000002 2.53615575393742e-6
1819.0 2.5298745094140148e-6
1820.0 2.523625822469636e-6
1820.9999999999998 2.517409848430455e-6
1822.0 2.5112267470039246e-6
1823.0 2.5050766822390486e-6
1824.0 2.4989598224840076e-6
1825.0 2.4928763403436934e-6
1826.0 2.486826412637302e-6
1827.0 2.4808102203609464e-6
1828.0 2.4748279486444055e-6
1829.0000000000002 2.4688797867109536e-6
1830.0 2.4629659278412457e-6
1831.0 2.457086569334237e-6
1831.9999999999998 2.451241912467001e-6
1833.0 2.4454321624640312e-6
1834.0 2.4396575284565734e-6
1835.0 2.4339182234499586e-6
1836.0 2.428214464291491e-6
1837.0 2.4225464716373095e-6
1838.0 2.416914469920416e-6
1839.0 2.411318687321176e-6
1840.0000000000002 2.4057593557389735e-6
1841.0 2.400236710764194e-6
1842.0 2.394750991650558e-6
1842.9999999999998 2.389302441290877e-6
1844.0 2.383891306193359e-6
1845.0 2.3785178364556335e-6
1846.0 2.373182285747098e-6
1847.0 2.367884911283865e-6
1848.0 2.362625973811955e-6
1849.0 2.357405737587211e-6
1850.0 2.352224470358593e-6
1851.0000000000002 2.347082443350015e-6
1852.0 2.3419799312479608e-6
1853.0 2.336917212182189e-6
1853.9999999999998 2.331894567717347e-6
1855.0 2.326912282834679e-6
1856.0 2.3219706459244455e-6
1857.0 2.3170699487709826e-6
1858.0 2.312210486545557e-6
1859.0 2.3073925577918023e-6
1860.0 2.3026164644205237e-6
1861.0 2.2978825116973633e-6
1862.0000000000002 2.293191008234729e-6
1863.0 2.288542265984478e-6
1864.0 2.2839366002284935e-6
1864.9999999999998 2.2793743295704886e-6
1866.0 2.274855775927428e-6
1867.0 2.270381264522527e-6
1868.0 2.265951123875573e-6
1869.0 2.2615656857950154e-6
1870.0 2.257225285367152e-6
1871.0 2.2529302609489553e-6
1872.0 2.2486809541560128e-6
1873.0000000000002 2.2444777098501824e-6
1874.0 2.2403208761316597e-6
1875.0 2.2362108043223618e-6
1875.9999999999998 2.2321478489529516e-6
1877.0 2.2281323677484765e-6
1878.0 2.224164721609855e-6
1878.9999999999998 2.2202452745969842e-6
1880.0 2.2163743939087213e-6
1881.0 2.2125524498596986e-6
1882.0 2.2087798158584527e-6
1883.0 2.2050568683801294e-6
1884.0000000000002 2.2013839869387915e-6
1885.0 2.197761554056879e-6
1886.0 2.1941899552315214e-6
1886.9999999999998 2.190669578899911e-6
1888.0 2.1872008163987026e-6
1889.0 2.1837840619225784e-6
1889.9999999999998 2.1804197124801117e-6
1891.0 2.1771081678432344e-6
1892.0 2.173849830496724e-6
1893.0 2.1706451055820036e-6
1894.0 2.1674944008364154e-6
1895.0000000000002 2.1643981265299484e-6
1896.0 2.1613566953974366e-6
1897.0 2.158370522565359e-6
1897.9999999999998 2.1554400254756623e-6
1899.0 2.1525656238031006e-6
1900.0 2.149747739369585e-6
1900.9999999999998 2.146986796051624e-6
1902.0 2.1442832196845667e-6
1903.0 2.1416374379602598e-6
1904.0 2.13904988031953e-6
1905.0 2.1365209778393495e-6
1906.0000000000002 2.134051163114186e-6
1907.0 2.1316408701326054e-6
1908.0 2.1292905341454824e-6
1908.9999999999998 2.1270005915311784e-6
1910.0 2.124771479653699e-6
1911.0 2.122603636712241e-6
1911.9999999999998 2.1204975015899627e-6
1913.0 2.1184535136910624e-6
1914.0 2.1164721127750348e-6
1915.0 2.1145537387828716e-6
1916.0 2.112698831659418e-6
1917.0000000000002 2.1109078311655214e-6
1918.0 2.1091811766880173e-6
1919.0 2.1075193070412077e-6
1919.9999999999998 2.105922660262685e-6
1921.0 2.1043916734041837e-6
1922.0 2.102926782313569e-6
1922.9999999999998 2.1015284214160137e-6
1924.0 2.100197023483745e-6
1925.0 2.098933019405029e-6
1926.0 2.0977368379438322e-6
1927.0 2.096608905499195e-6
1928.0000000000002 2.095549645853699e-6
1929.0 2.0945594799219864e-6
1930.0 2.0936388254933936e-6
1931.0000000000002 2.09278809696849e-6
1932.0 2.0920077050952674e-6
1933.0 2.0912980566981948e-6
1933.9999999999998 2.0906595544073506e-6
1935.0 2.090092596380226e-6
1936.0 2.089597576026759e-6
1937.0 2.0891748817272694e-6
1938.0 2.0888248965492944e-6
1939.0000000000002 2.088547997966333e-6
1940.0 2.0883445575731276e-6
1941.0 2.0882149407986595e-6
1942.0000000000002 2.0881595066231025e-6
1943.0 2.0881786072920677e-6
1944.0 2.088272588031797e-6
1944.9999999999998 2.08844178676883e-6
1946.0 2.08868653384663e-6
1947.0 2.089007151748204e-6
1948.0 2.089403954819378e-6
1949.0 2.089877248995474e-6
1950.0000000000002 2.090427331532114e-6
1951.0 2.0910544907396034e-6
1952.0 2.091759005723789e-6
1953.0000000000002 2.092541146127243e-6
1954.0 2.0934011718818628e-6
1955.0 2.094339332960137e-6
1955.9999999999998 2.0953558691412412e-6
1957.0 2.0964510097772643e-6
1958.0 2.0976249735665696e-6
1959.0 2.098877968339336e-6
1960.0 2.1002101908457956e-6
1961.0000000000002 2.1016218265559337e-6
1962.0 2.103113049464178e-6
1963.0 2.1046840219064327e-6
1964.0000000000002 2.106334894384902e-6
1965.0 2.1080658053968025e-6
1966.0 2.1098768812819864e-6
1966.9999999999998 2.111768236070851e-6
1968.0 2.113739971348917e-6
1969.0 2.1157921761249663e-6
1970.0 2.117924926713748e-6
1971.0 2.120138286625475e-6
1972.0 2.1224323064655305e-6
1973.0 2.1248070238483515e-6
1974.0 2.127262463312367e-6
1975.0000000000002 2.129798636254715e-6
1976.0 2.1324155408683605e-6
1977.0 2.1351131620894083e-6
1977.9999999999998 2.1378914715583133e-6
1979.0 2.1407504275886e-6
1980.0 2.1436899751370377e-6
1981.0 2.1467100458000587e-6
1982.0 2.1498105577966597e-6
1983.0 2.152991415978419e-6
1984.0 2.1562525118392472e-6
1985.0 2.15959372353028e-6
1986.0000000000002 2.1630149158903827e-6
1987.0 2.1665159404781308e-6
1988.0 2.1700966356099005e-6
1988.9999999999998 2.1737568264098273e-6
1990.0 2.1774963248618633e-6
1991.0 2.1813149298681508e-6
1992.0 2.1852124273126514e-6
1993.0 2.1891885901355156e-6
1994.0 2.1932431784013316e-6
1995.0 2.197375939382924e-6
1996.0 2.2015866076397666e-6
1997.0000000000002 2.2058749051114884e-6
1998.0 2.210240541201143e-6
1999.0 2.2146832128724446e-6
1999.9999999999998 2.219202604746015e-6
