0.0 5.6234452465356385e-6
1.0 5.623465337599679e-6
2.0 5.623525612278541e-6
3.0 5.623626075054206e-6
4.0 5.623766733355351e-6
5.0 5.623947597614183e-6
6.0 5.624168681253125e-6
7.0 5.624430000659186e-6
8.0 5.624731575224467e-6
9.0 5.625073427322642e-6
10.0 5.625455582342818e-6
10.999999999999998 5.625878068651669e-6
12.0 5.626340917638614e-6
13.000000000000002 5.626844163719266e-6
14.0 5.627387844308807e-6
14.999999999999998 5.627971999865011e-6
16.0 5.62859667387571e-6
17.0 5.629261912892384e-6
18.0 5.629967766496069e-6
19.0 5.630714287344667e-6
20.0 5.631501531193473e-6
21.0 5.63232955685579e-6
21.999999999999996 5.633198426254243e-6
23.0 5.6341082044360505e-6
24.0 5.635058959560307e-6
25.0 5.636050762937265e-6
26.000000000000004 5.637083689025543e-6
27.0 5.638157815449488e-6
28.0 5.6392732230293585e-6
29.0 5.640429995777492e-6
29.999999999999996 5.641628220935856e-6
31.0 5.642867988980117e-6
32.0 5.644149393646457e-6
33.0 5.645472531939485e-6
34.0 5.646837504167396e-6
35.0 5.6482444139665676e-6
36.0 5.649693368267191e-6
37.0 5.651184477419373e-6
38.0 5.652717855127562e-6
39.0 5.654293618499347e-6
40.0 5.65591188808739e-6
41.0 5.657572787897814e-6
42.0 5.659276445434144e-6
43.0 5.661022991691596e-6
43.99999999999999 5.6628125612137364e-6
45.0 5.6646452921127675e-6
46.0 5.666521326102157e-6
47.0 5.668440808519312e-6
48.0 5.67040388835626e-6
49.0 5.672410718306342e-6
50.0 5.67446145478162e-6
51.0 5.676556257943157e-6
52.00000000000001 5.67869529178016e-6
53.0 5.680878724062671e-6
54.0 5.683106726448718e-6
55.0 5.685379474520099e-6
56.0 5.6876971477526605e-6
57.0 5.6900599296508014e-6
58.0 5.692468007700674e-6
59.0 5.694921573486572e-6
59.99999999999999 5.6974208226775664e-6
61.0 5.699965955099371e-6
62.0 5.702557174764496e-6
63.0 5.705194689934097e-6
64.0 5.707878713160106e-6
65.0 5.710609461319237e-6
66.0 5.713387155671147e-6
67.0 5.71621202192562e-6
68.0 5.719084290274028e-6
69.0 5.722004195425164e-6
70.0 5.724971976723258e-6
71.0 5.727987878133456e-6
72.0 5.731052148328474e-6
73.0 5.734165040761071e-6
74.0 5.737326813685842e-6
75.0 5.740537730254468e-6
76.0 5.743798058574233e-6
77.0 5.74710807174969e-6
78.0 5.75046804795269e-6
79.0 5.7538782705323876e-6
80.0 5.757339028012408e-6
81.0 5.760850614211348e-6
82.0 5.7644133282981136e-6
83.00000000000001 5.7680274748667045e-6
84.0 5.771693364012271e-6
85.0 5.7754113114009175e-6
86.0 5.779181638350118e-6
87.0 5.783004671934427e-6
87.99999999999999 5.786880745005337e-6
89.0 5.790810196330092e-6
90.0 5.794793370686936e-6
91.0 5.798830618873493e-6
92.0 5.802922297888404e-6
92.99999999999999 5.807068770971722e-6
94.0 5.811270407700376e-6
95.0 5.81552758410928e-6
96.0 5.819840682759867e-6
97.0 5.8242100928477485e-6
98.0 5.8286362103233915e-6
99.00000000000001 5.833119437978921e-6
100.0 5.8376601855557425e-6
101.0 5.842258869866961e-6
102.0 5.846915914879264e-6
103.0 5.851631751860737e-6
104.00000000000001 5.856406819501361e-6
105.0 5.861241563989139e-6
106.0 5.866136439163217e-6
107.0 5.871091906669665e-6
108.0 5.876108436014566e-6
108.99999999999999 5.881186504751407e-6
110.0 5.886326598616838e-6
111.0 5.891529211620864e-6
112.0 5.896794846247498e-6
113.0 5.9021240135592564e-6
114.0 5.907517233335958e-6
115.00000000000001 5.91297503428109e-6
116.0 5.918497954112236e-6
117.0 5.924086539754046e-6
118.0 5.929741347479306e-6
119.0 5.935462943096107e-6
119.99999999999999 5.941251902119098e-6
121.0 5.947108809906925e-6
122.0 5.953034261864498e-6
123.0 5.9590288636471664e-6
124.0 5.965093231289415e-6
124.99999999999999 5.971227991460359e-6
126.0 5.977433781599717e-6
127.0 5.9837112501426886e-6
128.0 5.990061056760351e-6
129.0 5.996483872494301e-6
130.0 6.002980380019983e-6
131.0 6.009551273877302e-6
132.0 6.016197260646604e-6
133.0 6.022919059214115e-6
134.0 6.029717401020562e-6
135.0 6.036593030255695e-6
136.0 6.043546704160295e-6
137.0 6.050579193234442e-6
138.0 6.05769128153761e-6
139.0 6.064883766901453e-6
140.0 6.072157461262037e-6
141.0 6.0795131909249724e-6
142.0 6.086951796815693e-6
143.0 6.094474134830444e-6
144.0 6.102081076064056e-6
145.0 6.109773507226007e-6
146.0 6.117552330855315e-6
147.0 6.125418465706095e-6
148.0 6.133372847055009e-6
149.0 6.1414164270682714e-6
150.0 6.149550175115113e-6
151.0 6.157775078177612e-6
152.0 6.16609214117902e-6
153.0 6.174502387405075e-6
154.0 6.183006858846588e-6
155.0 6.19160661664068e-6
156.0 6.200302741456315e-6
157.0 6.2090963339183325e-6
158.0 6.217988515064123e-6
159.0 6.226980426771427e-6
160.0 6.23607323221202e-6
161.0 6.245268116328232e-6
162.0 6.254566286297135e-6
163.0 6.2639689720799415e-6
164.0 6.273477426851458e-6
164.99999999999997 6.283092927590488e-6
166.00000000000003 6.292816775573858e-6
167.0 6.3026502969743555e-6
168.0 6.312594843349436e-6
169.0 6.322651792318832e-6
170.0 6.332822548119375e-6
171.0 6.34310854218795e-6
172.0 6.353511233866543e-6
173.0 6.364032110992739e-6
174.0 6.374672690625545e-6
174.99999999999997 6.385434519674732e-6
175.99999999999997 6.396319175649282e-6
177.00000000000003 6.407328267415602e-6
178.0 6.4184634358496715e-6
179.0 6.429726354740354e-6
180.0 6.441118731464193e-6
181.0 6.452642307925629e-6
182.0 6.464298861259389e-6
183.0 6.476090204834682e-6
184.0 6.488018189078706e-6
185.0 6.50008470239221e-6
185.99999999999997 6.512291672134085e-6
187.00000000000003 6.524641065576841e-6
188.0 6.537134890933877e-6
189.0 6.549775198360707e-6
190.0 6.562564081052657e-6
191.0 6.575503676378439e-6
192.0 6.588596166927831e-6
193.0 6.6018437817828045e-6
194.0 6.6152487976450635e-6
195.0 6.6288135401693155e-6
196.0 6.6425403851341385e-6
196.99999999999997 6.65643175988131e-6
198.00000000000003 6.67049014464123e-6
199.0 6.684718073903331e-6
200.0 6.699118137945024e-6
201.0 6.713692984278175e-6
202.0 6.728445319245342e-6
203.0 6.7433779096188515e-6
204.0 6.758493584201686e-6
205.0 6.7737952356181266e-6
206.0 6.789285822005496e-6
206.99999999999997 6.8049683689168705e-6
208.00000000000003 6.820845971123534e-6
209.00000000000003 6.836921794656854e-6
210.0 6.853199078729205e-6
211.0 6.869681137888144e-6
212.0 6.886371364128706e-6
213.0 6.9032732291382136e-6
214.0 6.92039028660789e-6
215.0 6.937726174585785e-6
216.0 6.9552846179500895e-6
217.0 6.973069431007421e-6
217.99999999999997 6.991084520065144e-6
219.00000000000003 7.0093338861746475e-6
220.0 7.027821628034995e-6
221.0 7.046551944830983e-6
222.0 7.06552913930397e-6
223.0 7.084757620863085e-6
224.0 7.104241908944682e-6
225.0 7.123986636234192e-6
226.0 7.1439965522717696e-6
227.0 7.164276527070864e-6
228.0 7.18483155478678e-6
228.99999999999997 7.2056667577149525e-6
230.00000000000003 7.226787390304415e-6
231.0 7.248198843269347e-6
232.0 7.269906648049466e-6
233.0 7.291916481297999e-6
234.0 7.314234169464269e-6
235.0 7.336865693801432e-6
236.0 7.3598171952917665e-6
237.0 7.383094979988594e-6
238.0 7.406705524386945e-6
238.99999999999997 7.4306554811033546e-6
239.99999999999997 7.454951684744772e-6
241.00000000000003 7.479601158062947e-6
242.0 7.5046111182357055e-6
243.0 7.529988983518937e-6
244.0 7.555742380056316e-6
245.0 7.581879149116203e-6
246.0 7.608407354424398e-6
247.0 7.635335289919918e-6
248.0 7.662671487887021e-6
249.0 7.69042472716535e-6
249.99999999999997 7.718604042041744e-6
251.00000000000003 7.747218731255028e-6
252.0 7.776278367385533e-6
253.0 7.805792806936255e-6
254.0 7.835772200368958e-6
255.0 7.86622700291897e-6
256.0 7.897167985821904e-6
257.0 7.928606247914855e-6
258.0 7.960553227735463e-6
259.0 7.99302071633314e-6
260.0 8.026020870361253e-6
261.0 8.059566225994464e-6
262.0 8.093669713367154e-6
263.0 8.128344671610139e-6
264.0 8.16360486455048e-6
265.0 8.199464497327018e-6
266.0 8.235938233428087e-6
267.0 8.273041212748687e-6
268.0 8.310789070502999e-6
269.0 8.349197956744093e-6
270.0 8.388284557086183e-6
271.0 8.428066114319241e-6
272.0 8.468560450798013e-6
273.0 8.509785992345342e-6
274.0 8.551761792925773e-6
275.0 8.59450756062921e-6
276.0 8.638043684964982e-6
277.0 8.682391265450658e-6
278.0 8.727572141566173e-6
279.0 8.773608924344035e-6
280.0 8.820525029168802e-6
281.0 8.86834471080801e-6
282.0 8.917093099732282e-6
283.0 8.966796240485277e-6
284.0 9.017481131907924e-6
285.0 9.069175769841864e-6
286.0 9.12190919142954e-6
287.0 9.175711522384939e-6
288.0 9.230614026400238e-6
289.0 9.28664915723352e-6
290.0 9.34385061392618e-6
291.0 9.402253398660066e-6
292.0 9.461893877984421e-6
293.0 9.522809847544526e-6
294.0 9.58504060028654e-6
295.0 9.648626998585467e-6
296.0 9.713611550567182e-6
297.0 9.780038490899739e-6
298.0 9.847953866087691e-6
299.0 9.91740562506873e-6
300.0 9.988443714951342e-6
301.0 1.0061120182989693e-5
302.0 1.0135489284055067e-5
303.0 1.0211607595696505e-5
304.0 1.0289534139189973e-5
305.0 1.0369330509409912e-5
306.0 1.0451061012253427e-5
307.0 1.0534792810912007e-5
308.0 1.0620596082155581e-5
309.0 1.0708544182556013e-5
310.0 1.0798713825785579e-5
311.0 1.089118527229477e-5
312.0 1.0986042531377071e-5
313.0 1.1083373577732787e-5
314.0 1.1183270582924029e-5
315.0 1.1285830163402154e-5
316.0 1.1391153646365264e-5
317.0 1.1499347354674537e-5
318.0 1.1610522913294644e-5
319.0 1.172479757828521e-5
320.0 1.1842294590587875e-5
321.0 1.1963143557411347e-5
322.0 1.2087480862644856e-5
323.0 1.2215450110220205e-5
324.0 1.2347202602276822e-5
325.0 1.2482897856521258e-5
326.0 1.262270416585981e-5
327.0 1.2766799204362536e-5
328.0 1.2915370685088745e-5
329.0 1.3068617072817085e-5
329.99999999999994 1.3226748360458535e-5
331.0 1.3389986912508354e-5
332.00000000000006 1.355856838430812e-5
333.0 1.373274272466658e-5
334.0 1.391277527065571e-5
335.0 1.4098947944898934e-5
336.0 1.4291560566147479e-5
337.0 1.4490932286241008e-5
338.0 1.4697403167573362e-5
339.0 1.4911335916569975e-5
340.0 1.5133117793403328e-5
340.99999999999994 1.5363162716491582e-5
342.0 1.5601913586076715e-5
343.00000000000006 1.5849844854671598e-5
344.0 1.610746537359412e-5
345.0 1.6375321551562837e-5
346.0 1.665400086409833e-5
347.0 1.694413576149742e-5
348.0 1.7246408027040165e-5
349.0 1.756155364485589e-5
349.99999999999994 1.7890368250910403e-5
351.0 1.8233713245419804e-5
351.99999999999994 1.8592522662668663e-5
353.0 1.8967810905566806e-5
354.00000000000006 1.9360681476159263e-5
355.0 1.9772336847272355e-5
356.0 2.0204089651298438e-5
357.0 2.0657375391748247e-5
358.0 2.1133766916601265e-5
359.0 2.1634990938724448e-5
360.0 2.2162946936170354e-5
360.99999999999994 2.271972883395678e-5
362.0 2.330764993524784e-5
363.00000000000006 2.392927166178809e-5
364.0 2.4587436775684624e-5
365.0 2.528530787581123e-5
366.0 2.602641212168764e-5
367.0 2.6814693319839004e-5
368.0 2.7654572734952546e-5
369.0 2.8551020241172526e-5
370.0 2.950963774015971e-5
371.0 3.053675712714289e-5
371.99999999999994 3.163955547856174e-5
373.0 3.282619055635432e-5
374.00000000000006 3.410596014318348e-5
375.0 3.54894890585704e-5
376.0 3.698894782058419e-5
377.0 3.861830656347575e-5
378.0 4.0393626557432976e-5
379.0 4.23333886583786e-5
380.0 4.445885186358735e-5
381.0 4.679442342223925e-5
382.0 4.9368000389787234e-5
382.99999999999994 5.221120395357347e-5
384.0 5.535936031614464e-5
385.00000000000006 5.8850965904708194e-5
386.0 6.272618054631906e-5
387.0 6.702357953167096e-5
388.0 7.177392408604242e-5
389.0 7.698908453322876e-5
390.0 8.264365580026872e-5
391.0 8.864691031766481e-5
392.0 9.480520344961279e-5
393.0 0.00010078268217209821
393.99999999999994 0.00010608330725752073
395.0 0.00011009364240197904
396.00000000000006 0.0001122191486031271
397.0 0.00011208758499415994
398.0 0.0001097079728735327
399.0 0.00010546776314214825
400.0 9.997004498430798e-5
401.0 9.382996185223626e-5
402.0 8.75406527087533e-5
403.0 8.14330231297378e-5
404.0 7.569548366053976e-5
404.99999999999994 7.041410456752252e-5
406.0 6.561048146621934e-5
407.00000000000006 6.126976096182835e-5
408.0 5.735889600133207e-5
409.0 5.3837575548461036e-5
410.0 5.06643238051684e-5
411.0 4.779964371132064e-5
412.0 4.5207444004902116e-5
413.0 4.285551443885784e-5
413.99999999999994 4.071550090500749e-5
415.0 3.876263866705822e-5
416.00000000000006 3.697538688756076e-5
417.0 3.533504077756323e-5
418.00000000000006 3.382535981878275e-5
419.0 3.2432229389382276e-5
420.0 3.114336174148227e-5
421.0 2.994803636547774e-5
422.0 2.8836876938020436e-5
423.0 2.780166091335305e-5
424.0 2.6835157543282225e-5
424.99999999999994 2.593099029694678e-5
426.0 2.5083520032295275e-5
427.00000000000006 2.4287745728619392e-5
428.0 2.3539220020953116e-5
429.0 2.2833977207790723e-5
430.0 2.2168471760604216e-5
431.0 2.1539525677037624e-5
432.0 2.0944283305229633e-5
433.0 2.0380172467689725e-5
434.0 1.9844870933002212e-5
435.0 1.933627741001239e-5
435.99999999999994 1.8852486403050455e-5
437.0 1.8391766346726055e-5
438.00000000000006 1.7952540549685593e-5
439.0 1.7533370543351038e-5
440.0 1.7132941495898785e-5
441.0 1.6750049404760736e-5
442.0 1.6383589824319078e-5
443.0 1.6032547920950607e-5
444.0 1.5695989682450102e-5
445.0 1.5373054126078514e-5
446.0 1.5062946381347655e-5
446.99999999999994 1.4764931535509277e-5
448.0 1.447832914444031e-5
449.00000000000006 1.4202508330809206e-5
450.0 1.3936883396387403e-5
451.0 1.3680909887124512e-5
452.0 1.3434081059339708e-5
453.0 1.3195924699511766e-5
454.0 1.2966000257479264e-5
455.0 1.2743896258572891e-5
456.0 1.2529227963449378e-5
457.0 1.2321635248177131e-5
457.99999999999994 1.2120780682152136e-5
459.0 1.1926347780717223e-5
460.00000000000006 1.1738039417473461e-5
461.0 1.1555576375938443e-5
462.0 1.1378696030472318e-5
463.0 1.1207151139011748e-5
464.0 1.1040708741548473e-5
465.0 1.087914914939789e-5
466.0 1.0722265019634134e-5
467.0 1.0569860505265549e-5
468.0 1.0421750474040602e-5
468.99999999999994 1.027775978993976e-5
470.0 1.0137722651703604e-5
471.00000000000006 1.0001481982216709e-5
472.0 9.868888865708472e-6
473.0 9.739802027303602e-6
474.0 9.614087352018856e-6
475.0 9.491617439070638e-6
476.0 9.372271189226028e-6
477.0 9.255933422274236e-6
477.99999999999994 9.142494521151196e-6
479.0 9.031850102352895e-6
479.99999999999994 8.923900708568093e-6
481.0 8.818551522889742e-6
482.00000000000006 8.715712102960824e-6
483.0 8.615296132653782e-6
484.0 8.517221190443294e-6
485.0 8.421408533670902e-6
486.0 8.327782896193533e-6
487.0 8.236272299818704e-6
488.0 8.146807877348982e-6
488.99999999999994 8.059323707464856e-6
490.0 7.973756659233831e-6
491.00000000000006 7.890046247088423e-6
492.0 7.80813449412233e-6
493.0 7.72796580410718e-6
494.0 7.649486841176047e-6
495.0 7.572646416611857e-6
496.0 7.4973953823799036e-6
497.0 7.423686530929049e-6
498.0 7.351474500911608e-6
499.0 7.280715688171524e-6
499.99999999999994 7.2113681618848785e-6
501.0 7.143391585511234e-6
502.00000000000006 7.076747142077951e-6
503.0 7.011397463601889e-6
504.0 6.947306564524579e-6
505.0 6.884439778654866e-6
506.0 6.822763699469303e-6
507.0 6.762246123913389e-6
508.0 6.70285599871785e-6
509.0 6.644563369996844e-6
510.0 6.587339335190227e-6
510.99999999999994 6.531155997543788e-6
512.0 6.475986423070213e-6
513.0 6.421804599534335e-6
514.0 6.368585397528201e-6
515.0 6.316304533629942e-6
516.0 6.264938535169955e-6
517.0 6.214464707026426e-6
518.0 6.1648610997591555e-6
519.0 6.116106479348709e-6
520.0 6.068180298666205e-6
521.0 6.021062669872393e-6
522.0 5.9747343384540355e-6
523.0 5.929176658289376e-6
524.0 5.884371568073518e-6
525.0 5.840301568571245e-6
526.0 5.796949701110028e-6
527.0 5.754299527057761e-6
528.0 5.712335108084174e-6
529.0 5.671040987465587e-6
530.0 5.630402172066219e-6
531.0 5.5904041153161894e-6
532.0 5.551032700751901e-6
533.0 5.512274226324561e-6
534.0 5.474115389521395e-6
535.0 5.436543272882346e-6
536.0 5.3995453304038175e-6
537.0 5.363109374239079e-6
538.0 5.327223562283077e-6
539.0 5.291876385941638e-6
540.0 5.25705665863848e-6
541.0 5.222753504764331e-6
542.0 5.188956348952905e-6
543.0 5.155654905966901e-6
544.0 5.122839170832225e-6
545.0 5.090499409530017e-6
546.0 5.058626149936087e-6
547.0 5.027210173115903e-6
548.0 4.996242505119415e-6
549.0 4.965714408890922e-6
550.0 4.935617376658053e-6
551.0 4.905943122491312e-6
552.0 4.876683575326223e-6
553.0 4.847830871956845e-6
554.0 4.819377350681068e-6
555.0 4.791315544870102e-6
556.0 4.763638176915775e-6
557.0 4.736338152437971e-6
558.0 4.709408554609914e-6
559.0 4.682842638780281e-6
560.0 4.656633827295927e-6
561.0 4.630775704464284e-6
562.0 4.605262011711627e-6
563.0 4.580086643041128e-6
564.0 4.555243640433302e-6
565.0 4.53072718968421e-6
566.0 4.506531616196465e-6
567.0 4.4826513810241896e-6
568.0 4.459081077076837e-6
569.0 4.435815425430144e-6
570.0 4.4128492717936995e-6
571.0 4.390177583150147e-6
572.0 4.367795444492491e-6
573.0 4.345698055711072e-6
574.0 4.3238807286253185e-6
575.0 4.302338884128496e-6
576.0 4.281068049449828e-6
577.0 4.260063855574023e-6
578.0 4.239322034780915e-6
579.0 4.218838418288787e-6
580.0 4.198608934007356e-6
581.0 4.178629604492115e-6
582.0 4.158896544902172e-6
583.0 4.139405961235873e-6
584.0 4.120154148532464e-6
585.0 4.101137489324859e-6
586.0 4.0823524521492065e-6
587.0 4.063795590257404e-6
588.0 4.045463540334746e-6
589.0 4.0273530215485406e-6
590.0 4.0094608345697325e-6
591.0 3.991783860812141e-6
592.0 3.974319061819254e-6
593.0 3.957063478820005e-6
594.0 3.940014232410585e-6
595.0 3.923168522441885e-6
596.0 3.9065236280639785e-6
597.0 3.890076907928963e-6
598.0 3.873825800643913e-6
599.0 3.8577678253719315e-6
600.0 3.841900582663863e-6
601.0 3.826221755471311e-6
602.0 3.8107291104498166e-6
603.0 3.7954204994109275e-6
604.0 3.7802938611292014e-6
605.0 3.7653472232875106e-6
606.0 3.7505787047804964e-6
607.0 3.73598651823276e-6
608.0 3.7215689728841874e-6
609.0 3.7073244776736866e-6
610.0 3.6932515447508497e-6
611.0 3.679348793194411e-6
612.0 3.665614953192301e-6
613.0 3.652048870431302e-6
614.0 3.638649510969022e-6
615.0 3.625415966380839e-6
616.0 3.6123474593241515e-6
617.0 3.5994433494732994e-6
618.0 3.5867031398022033e-6
619.0 3.574126483293148e-6
620.0 3.5617131900170587e-6
621.0 3.54946323454176e-6
622.0 3.537376763785483e-6
623.0 3.525454105126984e-6
624.0 3.5136957749356322e-6
625.0 3.5021024873199207e-6
626.0 3.490675163230728e-6
627.0 3.479414939686726e-6
628.0 3.4683231792775454e-6
629.0 3.457401479694466e-6
630.0 3.446651683331154e-6
631.0 3.436075886831242e-6
632.0 3.4256764504576612e-6
633.0 3.4154560072124028e-6
634.0 3.4054174715182063e-6
635.0 3.3955640473527035e-6
636.0 3.3858992356542685e-6
637.0 3.376426840784079e-6
638.0 3.3671509758926942e-6
639.0 3.358076066869849e-6
640.0 3.349206854749703e-6
641.0 3.340548396221284e-6
642.0 3.332106061996561e-6
643.0 3.323885532751234e-6
644.0 3.315892792348929e-6
645.0 3.3081341180306804e-6
646.0 3.3006160673204742e-6
647.0 3.29334546129175e-6
648.0 3.286329364039332e-6
649.0 3.2795750580163522e-6
650.0 3.2730900151488008e-6
651.0 3.2668818635267698e-6
652.0 3.2609583496367225e-6
653.0000000000001 3.2553272961207788e-6
654.0 3.24999655520065e-6
655.0 3.244973957930988e-6
656.0 3.2402672595895574e-6
657.0 3.23588408167674e-6
658.0 3.2318318510051815e-6
659.0 3.2281177365861976e-6
659.9999999999999 3.2247485850896497e-6
661.0 3.2217308557416424e-6
662.0 3.2190705556489368e-6
663.0 3.2167731765920154e-6
664.0000000000001 3.2148436343617684e-6
665.0 3.2132862117759494e-6
666.0 3.2121045064214884e-6
667.0 3.2113013842160137e-6
668.0 3.210878939685556e-6
669.0 3.21083846384952e-6
670.0 3.2111804203705214e-6
670.9999999999999 3.2119044305077e-6
672.0 3.2130092671912417e-6
673.0 3.214492858342372e-6
674.0 3.2163522993565374e-6
675.0000000000001 3.2185838744519663e-6
676.0 3.221183086405691e-6
677.0 3.224144694006175e-6
678.0 3.2274627564189035e-6
679.0 3.2311306835292786e-6
680.0 3.235141291241109e-6
681.0 3.239486860651855e-6
681.9999999999999 3.2441592000188486e-6
683.0 3.24914970841778e-6
684.0 3.254449440062567e-6
685.0 3.2600491682931697e-6
686.0000000000001 3.265939448367685e-6
687.0 3.272110678219272e-6
688.0 3.278553156561943e-6
688.9999999999999 3.2852571377248624e-6
690.0 3.2922128828120513e-6
691.0 3.2994107068377217e-6
692.0 3.3068410216303355e-6
692.9999999999999 3.3144943743736223e-6
694.0 3.322361481770367e-6
695.0 3.3304332598628013e-6
696.0 3.338700849638586e-6
697.0000000000001 3.3471556385826834e-6
698.0 3.355789278395808e-6
699.0 3.3645936991188528e-6
699.9999999999999 3.373561119934317e-6
701.0 3.382684056922387e-6
702.0 3.391955328054666e-6
703.0 3.4013680557210643e-6
703.9999999999999 3.410915667074784e-6
705.0 3.420591892423607e-6
706.0 3.430390761983613e-6
707.0 3.4403066011992552e-6
708.0000000000001 3.4503340248573934e-6
709.0 3.4604679302011518e-6
710.0 3.4707034892492826e-6
710.9999999999999 3.481036140469073e-6
712.0 3.4914615799499864e-6
713.0 3.5019757522375845e-6
714.0 3.5125748409276115e-6
715.0000000000001 3.5232552591262018e-6
716.0 3.5340136398548426e-6
717.0 3.5448468265090856e-6
718.0 3.5557518633982227e-6
719.0000000000001 3.566725986428204e-6
720.0 3.577766613991136e-6
721.0 3.5888713380861996e-6
721.9999999999999 3.6000379156846485e-6
723.0 3.611264260373172e-6
724.0 3.6225484343164907e-6
725.0 3.6338886405058654e-6
726.0000000000001 3.6452832153183237e-6
727.0 3.65673062140483e-6
728.0 3.6682294408987222e-6
729.0 3.6797783689230234e-6
730.0 3.691376207422663e-6
731.0 3.703021859298425e-6
732.0 3.7147143228303623e-6
732.9999999999999 3.726452686404574e-6
734.0 3.7382361235067852e-6
735.0 3.750063888008561e-6
736.0 3.7619353096622646e-6
737.0000000000001 3.7738497899148026e-6
738.0 3.7858067979024156e-6
739.0 3.797805866705928e-6
740.0 3.809846589813651e-6
741.0 3.82192861777167e-6
742.0 3.834051655080177e-6
743.0 3.8462154572208115e-6
743.9999999999999 3.858419827887765e-6
745.0 3.87066461639491e-6
746.0 3.88294971521602e-6
747.0 3.8952750577005245e-6
748.0000000000001 3.907640615901577e-6
749.0 3.920046398569412e-6
750.0 3.9324924492365035e-6
751.0 3.9449788444548485e-6
752.0 3.957505692113765e-6
753.0 3.970073129873179e-6
754.0 3.982681323710501e-6
754.9999999999999 3.995330466533563e-6
756.0 4.008020776885323e-6
757.0 4.020752497757998e-6
758.0 4.033525895429908e-6
759.0000000000001 4.046341258423399e-6
760.0 4.059198896506928e-6
761.0 4.072099139738986e-6
762.0 4.085042337618308e-6
763.0 4.098028858229779e-6
764.0 4.111059087492039e-6
765.0 4.124133428407212e-6
765.9999999999999 4.137252300378492e-6
767.0 4.150416138557086e-6
768.0 4.163625393228779e-6
769.0 4.176880529213185e-6
770.0000000000001 4.190182025333045e-6
771.0 4.203530373853019e-6
772.0 4.216926079992585e-6
773.0 4.230369661418389e-6
774.0 4.243861647775008e-6
775.0 4.257402580222154e-6
776.0 4.27099301098965e-6
776.9999999999999 4.284633502907856e-6
778.0 4.2983246289847385e-6
779.0 4.312066971957166e-6
780.0 4.32586112384078e-6
781.0000000000001 4.339707685477084e-6
782.0 4.3536072660645964e-6
783.0 4.367560482679639e-6
784.0 4.3815679597773925e-6
785.0 4.395630328671209e-6
786.0 4.409748226971497e-6
787.0 4.423922298007652e-6
787.9999999999999 4.438153190195396e-6
789.0 4.452441556379331e-6
790.0 4.466788053094119e-6
791.0 4.481193339801789e-6
792.0000000000001 4.495658078029577e-6
793.0 4.510182930466641e-6
794.0 4.524768559946732e-6
795.0 4.539415628365092e-6
796.0 4.554124795475954e-6
797.0 4.568896717587904e-6
798.0 4.583732046110441e-6
798.9999999999999 4.598631426001003e-6
800.0 4.613595494019951e-6
801.0 4.628624876831792e-6
802.0 4.6437201889161255e-6
803.0000000000001 4.658882030288589e-6
804.0 4.674110983976315e-6
805.0 4.689407613248281e-6
806.0 4.704772458585689e-6
807.0 4.720206034365453e-6
808.0 4.735708825196208e-6
809.0 4.751281281915842e-6
809.9999999999999 4.766923817226058e-6
811.0 4.7826368008811635e-6
812.0 4.798420554447008e-6
813.0 4.814275345586137e-6
814.0000000000001 4.830201381798923e-6
815.0 4.846198803620244e-6
816.0 4.862267677223861e-6
816.9999999999999 4.878407986370033e-6
818.0 4.89461962369946e-6
819.0 4.910902381298583e-6
820.0 4.927255940523076e-6
820.9999999999999 4.943679861058155e-6
822.0 4.960173569155151e-6
823.0 4.976736345079547e-6
824.0 4.993367309707208e-6
825.0000000000001 5.010065410359425e-6
826.0 5.026829405813953e-6
827.0 5.0436578506334865e-6
827.9999999999999 5.060549078821765e-6
829.0 5.077501186971809e-6
830.0 5.094512017045895e-6
831.0 5.11157913901547e-6
832.0000000000001 5.128699833617639e-6
833.0 5.145871075556024e-6
834.0 5.163089517633409e-6
835.0 5.1803514762229324e-6
836.0000000000001 5.197652918831442e-6
837.0 5.214989454334434e-6
838.0 5.232356326881006e-6
838.9999999999999 5.2497484143056836e-6
840.0 5.267160232299711e-6
841.0 5.284585945436003e-6
842.0 5.302019386513578e-6
843.0000000000001 5.319454085579848e-6
844.0 5.336883310192234e-6
845.0 5.354300118386268e-6
846.0 5.371697425882228e-6
847.0000000000001 5.389068088772481e-6
848.0 5.4064050028437555e-6
849.0 5.423701220261194e-6
849.9999999999999 5.440950083782158e-6
851.0 5.458145378147069e-6
852.0 5.475281497377704e-6
853.0 5.492353625787294e-6
854.0000000000001 5.509357929483065e-6
855.0 5.526291753896784e-6
856.0 5.543153821778466e-6
857.0 5.559944424891846e-6
858.0 5.5766656017429e-6
859.0 5.593321292928281e-6
860.0 5.609917465376182e-6
860.9999999999999 5.6264621969325315e-6
862.0 5.642965713455634e-6
863.0 5.659440371930549e-6
864.0 5.675900585049665e-6
865.0000000000001 5.69236268526267e-6
866.0 5.708844729103471e-6
867.0 5.725366245808997e-6
868.0 5.741947937295863e-6
869.0 5.7586113394656385e-6
870.0 5.775378457032787e-6
871.0 5.7922713857727866e-6
871.9999999999999 5.809311936612982e-6
873.0 5.8265212759600265e-6
874.0 5.843919595225604e-6
875.0 5.861525820791709e-6
876.0000000000001 5.8793573728481035e-6
877.0 5.897429978777948e-6
878.0 5.9157575435444025e-6
879.0 5.934352076753544e-6
880.0 5.953223673344432e-6
881.0 5.972380542916805e-6
882.0 5.991829081000148e-6
882.9999999999999 6.011573974827464e-6
884.0 6.031618335628231e-6
885.0 6.051963849697871e-6
886.0 6.072610940917719e-6
887.0000000000001 6.093558938254051e-6
888.0 6.114806242602568e-6
889.0 6.136350488566613e-6
890.0 6.158188697548797e-6
891.0 6.180317419768716e-6
892.0 6.202732863430232e-6
893.0 6.22543101028086e-6
893.9999999999999 6.248407717167058e-6
895.0 6.271658803924235e-6
896.0 6.295180128078677e-6
897.0 6.318967647309313e-6
898.0000000000001 6.343017470628829e-6
899.0 6.367325899369281e-6
900.0 6.391889459204972e-6
901.0 6.4167049242367215e-6
902.0 6.441769334245917e-6
903.0 6.467080006212993e-6
904.0 6.4926345408617584e-6
904.9999999999999 6.518430825263789e-6
906.0 6.544467032048887e-6
907.0 6.570741616059502e-6
908.0 6.597253308858346e-6
909.0000000000001 6.624001111705814e-6
910.0 6.65098428732622e-6
911.0 6.678202350899897e-6
912.0 6.7056550604393366e-6
913.0 6.733342406997935e-6
914.0 6.761264604636131e-6
915.0 6.789422080551976e-6
915.9999999999999 6.81781546532945e-6
917.0 6.846445583474921e-6
918.0 6.875313444322424e-6
919.0 6.90442023328082e-6
920.0000000000001 6.933767303551857e-6
921.0 6.9633561682795034e-6
922.0 6.993188493195913e-6
923.0 7.0232660897046606e-6
924.0 7.053590908435699e-6
925.0 7.0841650332754055e-6
926.0 7.1149906758385616e-6
926.9999999999999 7.146070170353933e-6
928.0 7.177405968992542e-6
929.0 7.209000637584519e-6
930.0 7.240856851709854e-6
931.0000000000001 7.2729773931332714e-6
932.0 7.305365146639011e-6
933.0 7.33802309710364e-6
934.0 7.370954326932157e-6
935.0 7.404162013774954e-6
936.0 7.437649428466565e-6
937.0 7.471419933262112e-6
937.9999999999999 7.505476980325532e-6
939.0 7.539824110339002e-6
940.0 7.574464951449275e-6
941.0 7.609403218309055e-6
942.0000000000001 7.644642711363805e-6
943.0 7.680187316251612e-6
944.0 7.71604100340645e-6
944.9999999999999 7.752207827790865e-6
946.0 7.788691928776649e-6
947.0 7.825497530153338e-6
948.0 7.86262894024425e-6
948.9999999999999 7.900090552173167e-6
950.0 7.937886844212305e-6
951.0 7.976022380248817e-6
952.0 8.014501810312397e-6
953.0000000000001 8.05332987127082e-6
954.0 8.092511387536673e-6
955.0 8.13205127186412e-6
955.9999999999999 8.171954526307893e-6
957.0 8.212226243117067e-6
958.0 8.252871605819867e-6
959.0 8.293895890351625e-6
959.9999999999999 8.335304466161818e-6
961.0 8.377102797502803e-6
962.0 8.41929644468495e-6
963.0 8.461891065467854e-6
964.0000000000001 8.504892416405856e-6
965.0 8.548306354353425e-6
966.0 8.592138837915579e-6
966.9999999999999 8.636395929042956e-6
968.0 8.681083794602886e-6
969.0 8.72620870801597e-6
970.0 8.771777050946924e-6
971.0000000000001 8.817795315006066e-6
972.0 8.864270103531501e-6
973.0 8.91120813338011e-6
974.0 8.958616236710352e-6
975.0000000000001 9.006501362903357e-6
976.0 9.054870580420902e-6
977.0 9.103731078739743e-6
977.9999999999999 9.153090170300295e-6
979.0 9.202955292454419e-6
980.0 9.25333400947786e-6
981.0 9.304234014617911e-6
982.0000000000001 9.355663132072441e-6
983.0 9.40762931906573e-6
984.0 9.460140667895659e-6
985.0 9.513205408045043e-6
986.0 9.566831908200653e-6
987.0 9.621028678417536e-6
988.0 9.675804372090675e-6
988.9999999999999 9.731167788122111e-6
990.0 9.787127872947509e-6
991.0 9.843693722631982e-6
992.0 9.900874584842539e-6
993.0000000000001 9.958679860933111e-6
994.0 1.0017119107885737e-5
995.0 1.0076202040278033e-5
996.0 1.0135938532206738e-5
997.0 1.0196338619130535e-5
998.0 1.0257412499695588e-5
999.0 1.0319170537469094e-5
999.9999999999999 1.0381623262623235e-5
1001.0 1.0444781373523173e-5
1002.0 1.050865573820439e-5
1003.0 1.057325739578054e-5
1004.0000000000001 1.0638597557781653e-5
1005.0 1.0704687609189774e-5
1006.0 1.077153910955803e-5
1007.0 1.0839163793832903e-5
1008.0 1.0907573572994282e-5
1009.0 1.0976780534644047e-5
1010.0 1.1046796943255698e-5
1010.9999999999999 1.1117635240182561e-5
1012.0 1.118930804361839e-5
1013.0 1.1261828148032253e-5
1014.0 1.1335208523469185e-5
1015.0000000000001 1.1409462314513436e-5
1016.0 1.1484602838880256e-5
1017.0 1.156064358564016e-5
1018.0 1.1637598213034563e-5
1019.0 1.1715480545866092e-5
1020.0 1.1794304572446435e-5
1021.0 1.187408444090369e-5
1021.9999999999999 1.1954834455166049e-5
1023.0 1.2036569070043583e-5
1024.0 1.2119302885963621e-5
1025.0 1.2203050642861613e-5
1026.0 1.2287827213235317e-5
1027.0 1.2373647594703978e-5
1028.0 1.2460526901289665e-5
1029.0 1.2548480354210475e-5
1030.0 1.26375232712475e-5
1031.0 1.2727671055404258e-5
1032.0 1.2818939182199333e-5
1033.0 1.2911343185835472e-5
1034.0 1.3004898644015592e-5
1035.0 1.3099621161339207e-5
1036.0 1.3195526351198492e-5
1037.0 1.3292629816149402e-5
1038.0 1.3390947126426982e-5
1039.0 1.3490493796674345e-5
1040.0 1.3591285260820527e-5
1041.0 1.369333684465432e-5
1042.0 1.3796663736418317e-5
1043.0 1.3901280954744883e-5
1044.0 1.4007203314402765e-5
1045.0 1.4114445389063276e-5
1046.0 1.4223021471378043e-5
1047.0 1.4332945530004611e-5
1048.0 1.4444231163344525e-5
1049.0 1.4556891549983271e-5
1050.0 1.4670939395454926e-5
1051.0 1.4786386875180265e-5
1052.0 1.4903245573458505e-5
1053.0 1.5021526418107551e-5
1054.0 1.5141239610687589e-5
1055.0 1.5262394551820794e-5
1056.0 1.538499976198455e-5
1057.0 1.55090627964145e-5
1058.0 1.5634590155207878e-5
1059.0 1.5761587187176764e-5
1060.0 1.589005798800131e-5
1061.0 1.6020005292129344e-5
1062.0 1.6151430357809927e-5
1063.0 1.6284332846083088e-5
1064.0 1.641871069187531e-5
1065.0 1.65545599686579e-5
1066.0 1.6691874745152733e-5
1067.0 1.6830646934568578e-5
1068.0 1.6970866136002033e-5
1069.0 1.711251946786524e-5
1070.0 1.7255591393121703e-5
1071.0 1.7400063536501723e-5
1072.0 1.75459144934585e-5
1073.0 1.7693119630916228e-5
1074.0 1.784165087996204e-5
1075.0 1.7991476520860427e-5
1076.0 1.8142560959955394e-5
1077.0 1.8294864499993623e-5
1078.0 1.8448343102734626e-5
1079.0 1.8602948146173945e-5
1080.0 1.875862617561761e-5
1081.0 1.8915318650355303e-5
1082.0 1.9072961686760522e-5
1083.0 1.923148579846502e-5
1084.0 1.939081563621604e-5
1085.0 1.9550869727515743e-5
1086.0 1.9711560219065095e-5
1087.0 1.987279262342976e-5
1088.0 2.0034465572393055e-5
1089.0 2.0196470579539773e-5
1090.0 2.0358691814807136e-5
1091.0 2.0521005894236734e-5
1092.0 2.0683281688026974e-5
1093.0 2.084538015072449e-5
1094.0 2.1007154177271672e-5
1095.0 2.1168448489053436e-5
1096.0 2.132909955426483e-5
1097.0 2.1488935547142707e-5
1098.0 2.164777635065148e-5
1099.0 2.1805433607521672e-5
1100.0 2.1961710824372018e-5
1101.0 2.2116403533867545e-5
1102.0 2.2269299519269338e-5
1103.0 2.242017910669686e-5
1104.0 2.2568815528359878e-5
1105.0 2.2714975361608946e-5
1106.0 2.2858419046631444e-5
1107.0 2.2998901485580096e-5
1108.0 2.3136172725691856e-5
1109.0 2.3269978727002926e-5
1110.0 2.3400062214906346e-5
1111.0 2.352616361709662e-5
1112.0 2.3648022082059852e-5
1113.0 2.3765376576167673e-5
1114.0 2.3877967053836107e-5
1115.0 2.3985535695259183e-5
1116.0 2.408782820270573e-5
1117.0 2.4184595146835037e-5
1118.0 2.427559335202636e-5
1119.0 2.4360587308005584e-5
1120.0 2.443935059470555e-5
1121.0 2.451166730570864e-5
1122.0 2.4577333454364176e-5
1123.0 2.4636158346682906e-5
1124.0 2.468796590434384e-5
1125.0 2.47325959208389e-5
1126.0 2.4769905234447036e-5
1127.0 2.479976880211785e-5
1128.0 2.4822080658949907e-5
1129.0 2.483675474978252e-5
1130.0 2.484372562035327e-5
1131.0 2.4842948957809438e-5
1132.0 2.4834401972152727e-5
1133.0 2.481808361264265e-5
1134.0 2.4794014615706926e-5
1135.0 2.4762237383176258e-5
1136.0 2.4722815692711955e-5
1137.0 2.4675834244271588e-5
1138.0 2.4621398049453255e-5
1139.0 2.4559631672405727e-5
1140.0 2.4490678333348318e-5
1141.0 2.441469888742126e-5
1142.0 2.4331870693130077e-5
1143.0 2.424238638579876e-5
1144.0 2.4146452572415825e-5
1145.0 2.4044288464596772e-5
1146.0 2.3936124466676487e-5
1147.0 2.382220073575392e-5
1148.0 2.3702765729926838e-5
1149.0 2.3578074760344505e-5
1150.0 2.3448388561866855e-5
1151.0 2.33139718954365e-5
1152.0 2.317509219475775e-5
1153.0 2.303201826732428e-5
1154.0 2.2885019059742048e-5
1155.0 2.273436249422541e-5
1156.0 2.258031438299722e-5
1157.0 2.2423137424747155e-5
1158.0 2.2263090286634628e-5
1159.0 2.2100426773264618e-5
1160.0 2.193539508376374e-5
1161.0 2.176823715590793e-5
1162.0 2.1599188096071546e-5
1163.0 2.1428475692368876e-5
1164.0 2.125632000814949e-5
1165.0 2.1082933051774697e-5
1166.0 2.090851851878259e-5
1167.0 2.0733271601561912e-5
1168.0 2.0557378861932234e-5
1169.0 2.038101816154471e-5
1170.0 2.0204358645162845e-5
1171.0 2.0027560771575344e-5
1172.0 1.985077638739727e-5
1173.0 1.9674148838847268e-5
1174.0 1.9497813116817516e-5
1175.0 1.9321896030936636e-5
1176.0 1.9146516408104466e-5
1177.0 1.8971785312200043e-5
1178.0 1.8797806280512675e-5
1179.0 1.8624675574030572e-5
1180.0 1.845248243856554e-5
1181.0 1.8281309373547583e-5
1182.0 1.8111232406009686e-5
1183.0 1.794232136791125e-5
1184.0 1.7774640174105363e-5
1185.0 1.7608247099853357e-5
1186.0 1.744319505569735e-5
1187.0 1.727953185894203e-5
1188.0 1.7117300500039903e-5
1189.0 1.6956539403351868e-5
1190.0 1.6797282681182876e-5
1191.0 1.6639560380589047e-5
1192.0 1.6483398722369088e-5
1193.0 1.6328820331921512e-5
1194.0 1.6175844461404744e-5
1195.0 1.602448720344306e-5
1196.0 1.5874761695858917e-5
1197.0 1.5726678317477045e-5
1198.0 1.5580244875383435e-5
1199.0 1.5435466782900978e-5
1200.0 1.529234722950234e-5
1201.0 1.5150887341747828e-5
1202.0 1.5011086336113313e-5
1203.0 1.4872941663790156e-5
1204.0 1.4736449147500375e-5
1205.0 1.4601603110716316e-5
1206.0 1.4468396499686588e-5
1207.0 1.4336820998218727e-5
1208.0 1.4206867135886357e-5
1209.0 1.407852438956921e-5
1210.0 1.3951781278779989e-5
1211.0 1.3826625455312941e-5
1212.0 1.3703043786907559e-5
1213.0 1.358102243574882e-5
1214.0 1.3460546931838093e-5
1215.0 1.3341602241443711e-5
1216.0 1.3224172831000738e-5
1217.0 1.3108242726784212e-5
1218.0 1.2993795570199836e-5
1219.0 1.2880814669502967e-5
1220.0 1.2769283047684918e-5
1221.0 1.2659183486975094e-5
1222.0 1.2550498570004007e-5
1223.0 1.2443210718088861e-5
1224.0 1.2337302226524434e-5
1225.0 1.2232755297165998e-5
1226.0 1.2129552068584697e-5
1227.0 1.202767464378866e-5
1228.0 1.1927105115728038e-5
1229.0 1.1827825590708923e-5
1230.0 1.1729818209931068e-5
1231.0 1.1633065169143755e-5
1232.0 1.153754873658241e-5
1233.0 1.1443251269395085e-5
1234.0 1.1350155228567072e-5
1235.0 1.125824319243997e-5
1236.0 1.1167497868910774e-5
1237.0 1.1077902106528704e-5
1238.0 1.0989438904446163e-5
1239.0 1.0902091421241303e-5
1240.0 1.0815842982981829e-5
1241.0 1.0730677090105551e-5
1242.0 1.0646577423779573e-5
1243.0 1.0563527851254373e-5
1244.0 1.048151243065477e-5
1245.0 1.0400515415034639e-5
1246.0 1.0320521255795735e-5
1247.0 1.0241514605706335e-5
1248.0 1.0163480321131658e-5
1249.0 1.0086403464077521e-5
1250.0 1.0010269303557763e-5
1251.0 9.935063316677184e-6
1252.0 9.860771189344259e-6
1253.0 9.787378816552897e-6
1254.0 9.714872302445102e-6
1255.0 9.643237960045434e-6
1256.0 9.572462310721929e-6
1257.0 9.502532083418263e-6
1258.0 9.43343421368881e-6
1259.0 9.365155842514331e-6
1260.0 9.297684314906987e-6
1261.0 9.23100717842445e-6
1262.0 9.165112181484697e-6
1263.0 9.099987271589758e-6
1264.0 9.035620593360271e-6
1265.0 8.972000486535157e-6
1266.0 8.909115483881432e-6
1267.0 8.84695430895589e-6
1268.0 8.785505873852924e-6
1269.0 8.724759276884672e-6
1270.0 8.66470380017019e-6
1271.0 8.605328907227774e-6
1272.0 8.546624240488657e-6
1273.0 8.488579618823297e-6
1274.0 8.43118503497294e-6
1275.0 8.37443065303934e-6
1276.0 8.318306805924937e-6
1277.0 8.26280399274955e-6
1278.0 8.207912876283739e-6
1279.0 8.153624280397125e-6
1280.0 8.09992918742339e-6
1281.0 8.046818735698696e-6
1282.0 7.994284216917113e-6
1283.0 7.942317073649474e-6
1284.0 7.890908896768561e-6
1285.0 7.840051422998361e-6
1286.0 7.789736532374891e-6
1287.0 7.73995624579433e-6
1288.0 7.690702722589392e-6
1289.0 7.641968258081777e-6
1290.0 7.593745281211975e-6
1291.0 7.546026352145665e-6
1292.0 7.498804159952994e-6
1293.0 7.452071520314698e-6
1294.0 7.405821373210695e-6
1295.0 7.360046780675341e-6
1296.0 7.314740924628635e-6
1297.0 7.269897104601362e-6
1298.0 7.225508735676132e-6
1299.0 7.18156934629176e-6
1300.0 7.138072576191759e-6
1301.0 7.095012174362979e-6
1302.0 7.052381996998082e-6
1303.0 7.010176005521454e-6
1304.0 6.968388264625795e-6
1305.0 6.927012940331764e-6
1306.0000000000002 6.8860442981207905e-6
1307.0 6.8454767010537e-6
1308.0 6.80530460794382e-6
1308.9999999999998 6.7655225715884e-6
1310.0 6.726125236965601e-6
1311.0 6.687107339532506e-6
1312.0 6.648463703502626e-6
1313.0 6.610189240184706e-6
1314.0 6.57227894635289e-6
1315.0 6.534727902631964e-6
1316.0 6.4975312719045334e-6
1317.0000000000002 6.46068429777891e-6
1318.0 6.42418230305885e-6
1319.0 6.388020688273304e-6
1319.9999999999998 6.352194930177411e-6
1321.0 6.3167005803469125e-6
1322.0 6.281533263763446e-6
1323.0 6.2466886774239656e-6
1324.0 6.212162589009485e-6
1325.0 6.1779508355373116e-6
1326.0 6.144049322063112e-6
1327.0 6.110454020431425e-6
1328.0000000000002 6.077160967987563e-6
1329.0 6.044166266361559e-6
1330.0 6.011466080301558e-6
1330.9999999999998 5.97905663644402e-6
1332.0 5.946934222189869e-6
1333.0 5.915095184573063e-6
1334.0 5.883535929138591e-6
1335.0 5.852252918866534e-6
1336.0 5.821242673104948e-6
1337.0 5.7905017665127435e-6
1338.0 5.760026828054383e-6
1339.0000000000002 5.729814539996244e-6
1340.0 5.699861636899787e-6
1341.0 5.670164904695715e-6
1341.9999999999998 5.640721179714386e-6
1343.0 5.611527347755167e-6
1344.0 5.582580343211264e-6
1345.0 5.5538771481554085e-6
1346.0 5.525414791466313e-6
1347.0 5.4971903480062085e-6
1348.0 5.469200937749827e-6
1349.0 5.441443724988338e-6
1350.0000000000002 5.413915917519865e-6
1351.0 5.386614765851465e-6
1352.0 5.3595375624534885e-6
1352.9999999999998 5.332681640983945e-6
1354.0 5.306044375550976e-6
1355.0 5.279623179993168e-6
1356.0 5.253415507164726e-6
1357.0 5.227418848243887e-6
1358.0 5.201630732039529e-6
1359.0 5.176048724330643e-6
1360.0 5.150670427210164e-6
1361.0000000000002 5.125493478437183e-6
1362.0 5.100515550808876e-6
1363.0 5.075734351541546e-6
1363.9999999999998 5.051147621667006e-6
1365.0 5.026753135444884e-6
1366.0 5.00254869976757e-6
1366.9999999999998 4.978532153594974e-6
1368.0 4.954701367403866e-6
1369.0 4.931054242627893e-6
1370.0 4.90758871113048e-6
1371.0 4.884302734672875e-6
1372.0000000000002 4.8611943043914815e-6
1373.0 4.838261440304914e-6
1374.0 4.815502190811597e-6
1374.9999999999998 4.792914632199265e-6
1376.0 4.770496868164398e-6
1377.0 4.748247029364115e-6
1377.9999999999998 4.726163272938086e-6
1379.0 4.704243782060709e-6
1380.0 4.6824867655067195e-6
1381.0 4.6608904572128654e-6
1382.0 4.639453115864053e-6
1383.0000000000002 4.618173024457414e-6
1384.0 4.597048489915728e-6
1385.0 4.576077842664092e-6
1385.9999999999998 4.555259436265416e-6
1387.0 4.534591647011015e-6
1388.0 4.514072873549408e-6
1388.9999999999998 4.493701536525935e-6
1390.0 4.473476078201851e-6
1391.0 4.453394962118253e-6
1392.0 4.433456672718129e-6
1393.0 4.413659715035366e-6
1394.0000000000002 4.39400261433735e-6
1395.0 4.374483915789045e-6
1396.0 4.35510218415506e-6
1396.9999999999998 4.335856003454457e-6
1398.0 4.3167439766600716e-6
1399.0 4.297764725395632e-6
1399.9999999999998 4.27891688962535e-6
1401.0 4.26019912736404e-6
1402.0 4.24161011439466e-6
1403.0 4.223148543965726e-6
1404.0 4.204813126530776e-6
1405.0000000000002 4.186602589463488e-6
1406.0 4.168515676795989e-6
1407.0 4.150551148945532e-6
1407.9999999999998 4.132707782464534e-6
1409.0 4.114984369784671e-6
1410.0 4.097379718959574e-6
1410.9999999999998 4.0798926534312355e-6
1412.0 4.0625220117779345e-6
1413.0 4.045266647488702e-6
1414.0 4.028125428722171e-6
1415.0 4.011097238084374e-6
1416.0000000000002 3.994180972404427e-6
1417.0 3.977375542508404e-6
1418.0 3.960679873014536e-6
1419.0000000000002 3.9440929021100405e-6
1420.0 3.927613581354419e-6
1421.0 3.911240875465018e-6
1421.9999999999998 3.894973762121486e-6
1423.0 3.878811231766065e-6
1424.0 3.862752287410518e-6
1425.0 3.846795944450903e-6
1426.0 3.830941230469079e-6
1427.0000000000002 3.815187185061876e-6
1428.0 3.7995328596538278e-6
1429.0 3.7839773173182035e-6
1430.0000000000002 3.7685196326091044e-6
1431.0 3.7531588913816806e-6
1432.0 3.7378941906339518e-6
1432.9999999999998 3.7227246383338125e-6
1434.0 3.707649353262546e-6
1435.0 3.692667464848235e-6
1436.0 3.677778113014959e-6
1437.0 3.662980448027192e-6
1438.0000000000002 3.6482736303340144e-6
1439.0 3.633656830429578e-6
1440.0 3.6191292286952454e-6
1441.0000000000002 3.604690015267407e-6
1442.0 3.5903383898853442e-6
1443.0 3.5760735617580446e-6
1443.9999999999998 3.561894749430625e-6
1445.0 3.5478011806402936e-6
1446.0 3.5337920921932765e-6
1447.0 3.519866729831052e-6
1448.0 3.5060243481040895e-6
1449.0000000000002 3.4922642102443105e-6
1450.0 3.478585588041838e-6
1451.0 3.4649877617296505e-6
1452.0000000000002 3.4514700198525824e-6
1453.0 3.4380316591607416e-6
1454.0 3.4246719844902674e-6
1454.9999999999998 3.411390308644354e-6
1456.0 3.3981859522947313e-6
1457.0 3.3850582438589954e-6
1458.0 3.3720065193947865e-6
1459.0 3.3590301225034448e-6
1460.0 3.3461284042120426e-6
1461.0 3.33330072288201e-6
1462.0 3.320546444096727e-6
1463.0000000000002 3.307864940572978e-6
1464.0 3.2952555920548156e-6
1465.0 3.28271778522324e-6
1465.9999999999998 3.2702509136013468e-6
1467.0 3.2578543774521603e-6
1468.0 3.245527583696307e-6
1469.0 3.2332699458217026e-6
1470.0 3.221080883786913e-6
1471.0 3.208959823941479e-6
1472.0 3.196906198938147e-6
1473.0 3.1849194476472595e-6
1474.0000000000002 3.172999015068688e-6
1475.0 3.1611443522605796e-6
1476.0 3.149354916251576e-6
1476.9999999999998 3.137630169959678e-6
1478.0 3.1259695821190875e-6
1479.0 3.114372627202712e-6
1480.0 3.1028387853401207e-6
1481.0 3.0913675422520427e-6
1482.0 3.0799583891721847e-6
1483.0 3.068610822771301e-6
1484.0 3.0573243450973377e-6
1485.0000000000002 3.046098463493807e-6
1486.0 3.034932690533182e-6
1487.0 3.0238265439567063e-6
1487.9999999999998 3.0127795465979946e-6
1489.0 3.0017912263228745e-6
1490.0 2.9908611159621093e-6
1491.0 2.979988753248897e-6
1492.0 2.9691736807544477e-6
1493.0 2.9584154458287357e-6
1494.0 2.947713600537107e-6
1495.0 2.9370677016009003e-6
1496.0000000000002 2.9264773103381736e-6
1497.0 2.9159419926074486e-6
1498.0 2.905461318746612e-6
1498.9999999999998 2.895034863521239e-6
1500.0 2.884662206060715e-6
1501.0 2.87434292981708e-6
1502.0 2.8640766224955654e-6
1503.0 2.85386287601358e-6
1504.0 2.843701286440009e-6
1505.0 2.833591453948214e-6
1506.0 2.8235329827645647e-6
1507.0000000000002 2.8135254811188047e-6
1508.0 2.8035685611914743e-6
1509.0 2.7936618390659883e-6
1509.9999999999998 2.783804934686528e-6
1511.0 2.7739974718047163e-6
1512.0 2.7642390779324256e-6
1513.0 2.7545293843005022e-6
1514.0 2.7448680258120887e-6
1515.0 2.7352546409945074e-6
1516.0 2.7256888719610685e-6
1517.0 2.7161703643627008e-6
1518.0000000000002 2.7066987673489388e-6
1519.0 2.6972737335241507e-6
1520.0 2.6878949189063122e-6
1520.9999999999998 2.6785619828881386e-6
1522.0 2.6692745881917993e-6
1523.0 2.6600324008355533e-6
1524.0 2.6508350900895705e-6
1525.0 2.6416823284420054e-6
1526.0 2.6325737915564476e-6
1527.0 2.6235091582387133e-6
1528.0 2.6144881103927535e-6
1529.0000000000002 2.6055103329975614e-6
1530.0 2.5965755140552517e-6
1531.0 2.5876833445692624e-6
1531.9999999999998 2.5788335184998583e-6
1533.0 2.5700257327348457e-6
1534.0 2.56125968705451e-6
1535.0 2.5525350841003106e-6
1536.0 2.543851629336243e-6
1537.0 2.535209031021384e-6
1538.0 2.5266070001767767e-6
1539.0 2.5180452505520604e-6
1540.0000000000002 2.509523498598697e-6
1541.0 2.5010414634335606e-6
1542.0 2.492598866810225e-6
1542.9999999999998 2.4841954330927413e-6
1544.0 2.475830889224072e-6
1545.0 2.467504964692189e-6
1546.0 2.459217391510719e-6
1547.0 2.4509679041817974e-6
1548.0 2.4427562396745066e-6
1549.0 2.4345821373951526e-6
1550.0 2.426445339158522e-6
1551.0000000000002 2.4183455891616633e-6
1552.0 2.410282633961755e-6
1553.0 2.4022562224429716e-6
1553.9999999999998 2.3942661057967487e-6
1555.0 2.3863120374923217e-6
1556.0 2.3783937732577675e-6
1557.0 2.3705110710462057e-6
1558.0 2.362663691018175e-6
1559.0 2.3548513955177778e-6
1560.0 2.3470739490437706e-6
1561.0 2.3393311182347533e-6
1562.0000000000002 2.3316226718340988e-6
1563.0 2.323948380680903e-6
1564.0 2.3163080176755794e-6
1564.9999999999998 2.308701357766176e-6
1566.0 2.3011281779209767e-6
1567.0 2.2935882571120095e-6
1568.0 2.2860813762884878e-6
1569.0 2.2786073183607125e-6
1570.0 2.271165868172746e-6
1571.0 2.2637568124933267e-6
1572.0 2.2563799399832035e-6
1573.0000000000002 2.2490350411815966e-6
1574.0 2.2417219084877647e-6
1575.0 2.2344403361383094e-6
1575.9999999999998 2.2271901201900587e-6
1577.0 2.219971058499281e-6
1578.0 2.2127829507056623e-6
1579.0 2.2056255982136916e-6
1580.0 2.198498804169702e-6
1581.0 2.191402373452491e-6
1582.0 2.184336112648714e-6
1583.0 2.177299830036802e-6
1584.0000000000002 2.170293335573486e-6
1585.0 2.1633164408724846e-6
1586.0 2.156368959188574e-6
1586.9999999999998 2.1494507054045693e-6
1588.0 2.1425614960099964e-6
1589.0 2.1357011490878737e-6
1590.0 2.1288694842991275e-6
1591.0 2.1220663228668823e-6
1592.0 2.115291487557745e-6
1593.0 2.1085448026715217e-6
1594.0 2.1018260940227017e-6
1595.0000000000002 2.0951351889272713e-6
1596.0 2.088471916185969e-6
1597.0 2.081836106073314e-6
1597.9999999999998 2.075227590319704e-6
1599.0 2.0686462020997056e-6
1600.0 2.062091776016368e-6
1601.0 2.0555641480908305e-6
1602.0 2.049063155743489e-6
1603.0 2.042588637784277e-6
1604.0 2.036140434399679e-6
1605.0 2.0297183871394997e-6
1606.0000000000002 2.0233223389001454e-6
1607.0 2.016952133918123e-6
1608.0 2.010607617752755e-6
1608.9999999999998 2.0042886372765188e-6
1610.0 1.997995040660115e-6
1611.0 1.991726677364257e-6
1612.0 1.985483398124722e-6
1613.0 1.9792650549414906e-6
1614.0 1.9730715010667996e-6
1615.0 1.9669025909962815e-6
1616.0 1.9607581804531417e-6
1617.0000000000002 1.954638126380243e-6
1618.0 1.948542286929114e-6
1619.0 1.9424705214490005e-6
1619.9999999999998 1.936422690473592e-6
1621.0 1.9303986557154164e-6
1622.0 1.924398280047927e-6
1622.9999999999998 1.9184214275044746e-6
1624.0 1.912467963262076e-6
1625.0 1.9065377536326628e-6
1626.0 1.9006306660519368e-6
1627.0 1.8947465690745924e-6
1628.0000000000002 1.8888853323589679e-6
1629.0 1.883046826659859e-6
1630.0 1.8772309238206795e-6
1630.9999999999998 1.8714374967616711e-6
1632.0 1.8656664194730072e-6
1633.0 1.8599175670036417e-6
1633.9999999999998 1.854190815453434e-6
1635.0 1.8484860419662031e-6
1636.0 1.8428031247183871e-6
1637.0 1.837141942913118e-6
1638.0 1.8315023767682744e-6
1639.0000000000002 1.8258843075127036e-6
1640.0 1.8202876173736714e-6
1641.0 1.8147121895726138e-6
1641.9999999999998 1.8091579083145783e-6
1643.0 1.8036246587819233e-6
1644.0 1.7981123271266593e-6
1644.9999999999998 1.7926208004605706e-6
1646.0 1.787149966851343e-6
1647.0 1.7816997153129759e-6
1648.0 1.7762699357975075e-6
1649.0 1.7708605191910713e-6
1650.0000000000002 1.7654713573042507e-6
1651.0 1.7601023428648078e-6
1652.0 1.7547533695127963e-6
1652.9999999999998 1.7494243317928262e-6
1654.0 1.744115125148355e-6
1655.0 1.7388256459113752e-6
1655.9999999999998 1.733555791302415e-6
1657.0 1.7283054594160641e-6
1658.0 1.723074549223288e-6
1659.0 1.7178629605581896e-6
1660.0 1.7126705941163613e-6
1661.0000000000002 1.707497351445945e-6
1662.0 1.7023431349436662e-6
1663.0 1.6972078478473174e-6
1664.0000000000002 1.6920913942334454e-6
1665.0 1.6869936790055213e-6
1666.0 1.6819146078962694e-6
1666.9999999999998 1.6768540874535002e-6
1668.0 1.6718120250423069e-6
1669.0 1.6667883288342907e-6
1670.0 1.6617829078067754e-6
1671.0 1.656795671733884e-6
1672.0000000000002 1.6518265311827264e-6
1673.0 1.6468753975085241e-6
1674.0 1.6419421828512048e-6
1675.0000000000002 1.6370268001267894e-6
1676.0 1.6321291630259374e-6
1677.0 1.6272491860090418e-6
1677.9999999999998 1.6223867842977438e-6
1679.0 1.6175418738758875e-6
1680.0 1.6127143714804044e-6
1681.0 1.607904194600409e-6
1682.0 1.6031112614690987e-6
1683.0000000000002 1.5983354910630513e-6
1684.0 1.5935768030949176e-6
1685.0 1.5888351180121327e-6
1686.0000000000002 1.584110356989936e-6
1687.0 1.579402441929254e-6
1688.0 1.5747112954519634e-6
1688.9999999999998 1.5700368408968186e-6
1690.0 1.5653790023160531e-6
1691.0 1.5607377044703954e-6
1692.0 1.5561128728261658e-6
1693.0 1.5515044335522585e-6
1694.0000000000002 1.5469123135148229e-6
1695.0 1.5423364402748013e-6
1696.0 1.5377767420830448e-6
1697.0000000000002 1.5332331478775554e-6
1698.0 1.5287055872808832e-6
1699.0 1.5241939905957926e-6
1699.9999999999998 1.5196982888000313e-6
1701.0 1.5152184135459967e-6
1702.0 1.5107542971557712e-6
1703.0 1.5063058726190299e-6
1704.0 1.5018730735858262e-6
1705.0000000000002 1.4974558343697211e-6
1706.0 1.4930540899377764e-6
1707.0 1.4886677759131404e-6
1708.0000000000002 1.4842968285683933e-6
1709.0 1.4799411848218654e-6
1710.0 1.475600782238554e-6
1710.9999999999998 1.4712755590226486e-6
1712.0 1.4669654540159695e-6
1713.0 1.462670406696179e-6
1714.0 1.4583903571708516e-6
1715.0 1.4541252461776172e-6
1716.0 1.4498750150789324e-6
1717.0 1.4456396058589782e-6
1718.0 1.441418961121776e-6
1719.0000000000002 1.4372130240867582e-6
1720.0 1.433021738588319e-6
1721.0 1.4288450490686868e-6
1721.9999999999998 1.4246829005777964e-6
1723.0 1.4205352387692634e-6
1724.0 1.4164020098976551e-6
1725.0 1.4122831608149663e-6
1726.0 1.4081786389668357e-6
1727.0 1.404088392389858e-6
1728.0 1.4000123697099148e-6
1729.0 1.3959505201365099e-6
1730.0000000000002 1.3919027934594201e-6
1731.0 1.3878691400483291e-6
1732.0 1.3838495108459085e-6
1732.9999999999998 1.3798438573664212e-6
1734.0 1.3758521316929298e-6
1735.0 1.3718742864705669e-6
1736.0 1.3679102749061883e-6
1737.0 1.3639600507635175e-6
1738.0 1.3600235683591886e-6
1739.0 1.3561007825585194e-6
1740.0 1.3521916487732328e-6
1741.0000000000002 1.3482961229571201e-6
1742.0 1.344414161599954e-6
1743.0 1.3405457217256648e-6
1743.9999999999998 1.3366907608882125e-6
1745.0 1.332849237165001e-6
1746.0 1.3290211091558739e-6
1747.0 1.3252063359748733e-6
1748.0 1.3214048772493159e-6
1749.0 1.3176166931121882e-6
1750.0 1.3138417441988165e-6
1751.0 1.310079991642088e-6
1752.0000000000002 1.3063313970674763e-6
1753.0 1.3025959225858155e-6
1754.0 1.2988735307917552e-6
1754.9999999999998 1.2951641847536967e-6
1756.0 1.2914678480136318e-6
1757.0 1.2877844845768767e-6
1758.0 1.2841140589078583e-6
1759.0 1.2804565359257632e-6
1760.0 1.2768118809955344e-6
1761.0 1.2731800599242757e-6
1762.0 1.269561038952033e-6
1763.0000000000002 1.2659547847488522e-6
1764.0 1.2623612644049665e-6
1765.0 1.2587804454242034e-6
1765.9999999999998 1.2552122957200251e-6
1767.0 1.251656783603389e-6
1768.0 1.2481138777806103e-6
1769.0 1.2445835473405723e-6
1770.0 1.2410657617520232e-6
1771.0 1.2375604908525582e-6
1772.0 1.2340677048403324e-6
1773.0 1.2305873742689326e-6
1774.0000000000002 1.2271194700356668e-6
1775.0 1.223663963375081e-6
1776.0 1.2202208258479675e-6
1776.9999999999998 1.2167900293361568e-6
1778.0 1.2133715460304862e-6
1779.0 1.2099653484212137e-6
1780.0 1.2065714092923936e-6
1781.0 1.2031897017078133e-6
1782.0 1.199820199004811e-6
1783.0 1.1964628747807216e-6
1784.0 1.1931177028878965e-6
1785.0000000000002 1.1897846574198371e-6
1786.0 1.1864637127006301e-6
1787.0 1.1831548432786454e-6
1787.9999999999998 1.1798580239105858e-6
1789.0 1.1765732295562348e-6
1790.0 1.173300435362228e-6
1791.0 1.1700396166566013e-6
1792.0 1.1667907489347082e-6
1793.0 1.1635538078474895e-6
1794.0 1.1603287691945747e-6
1795.0 1.1571156089076822e-6
1796.0000000000002 1.1539143030446691e-6
1797.0 1.1507248277734673e-6
1798.0 1.1475471593654063e-6
1798.9999999999998 1.1443812741811177e-6
1800.0 1.141227148658825e-6
1801.0 1.1380847593066565e-6
1802.0 1.1349540826871674e-6
1803.0 1.1318350954097732e-6
1804.0 1.128727774116601e-6
1805.0 1.1256320954740233e-6
1806.0 1.122548036160345e-6
1807.0000000000002 1.1194755728557734e-6
1808.0 1.1164146822323027e-6
1809.0 1.1133653409406719e-6
1809.9999999999998 1.1103275256037272e-6
1811.0 1.1073012128028747e-6
1812.0 1.1042863790704767e-6
1813.0 1.101283000879728e-6
1814.0 1.0982910546351255e-6
1815.0 1.0953105166629786e-6
1816.0 1.0923413632022756e-6
1817.0 1.0893835703980009e-6
1818.0000000000002 1.0864371142915208e-6
1819.0 1.0835019708124228e-6
1820.0 1.0805781157718118e-6
1820.9999999999998 1.077665524856319e-6
1822.0 1.0747641736191064e-6
1823.0 1.071874037475332e-6
1824.0 1.0689950916967642e-6
1825.0 1.0661273114059756e-6
1826.0 1.063270671571039e-6
1827.0 1.060425147002648e-6
1828.0 1.0575907123504032e-6
1829.0000000000002 1.0547673420982151e-6
1830.0 1.0519550105636438e-6
1831.0 1.0491536918957048e-6
1831.9999999999998 1.0463633600724532e-6
1833.0 1.0435839889024323e-6
1834.0 1.040815552023057e-6
1835.0 1.03805802290098e-6
1836.0 1.0353113748355387e-6
1837.0 1.0325755809589288e-6
1838.0 1.029850614240099e-6
1839.0 1.0271364474870482e-6
1840.0000000000002 1.0244330533521517e-6
1841.0 1.021740404336194e-6
1842.0 1.0190584727946844e-6
1842.9999999999998 1.0163872309433535e-6
1844.0 1.0137266508659106e-6
1845.0 1.0110767045209432e-6
1846.0 1.0084373637518259e-6
1847.0 1.0058086002938576e-6
1848.0 1.0031903857859038e-6
1849.0 1.0005826917804142e-6
1850.0 9.979854897541289e-7
1851.0000000000002 9.953987511201388e-7
1852.0 9.92822447242553e-7
1853.0 9.902565494455826e-7
1853.9999999999998 9.877010290324595e-7
1855.0 9.8515585729498e-7
1856.0 9.82621005533007e-7
1857.0 9.800964450668149e-7
1858.0 9.775821472563144e-7
1859.0 9.750780835144887e-7
1860.0 9.725842253280282e-7
1861.0 9.70100544272424e-7
1862.0000000000002 9.676270120315922e-7
1863.0 9.651636004167406e-7
1864.0 9.627102813843408e-7
1864.9999999999998 9.602670270557747e-7
1866.0 9.578338097377997e-7
1867.0 9.554106019413975e-7
1868.0 9.529973764033194e-7
1869.0 9.505941061053103e-7
1870.0 9.48200764294597e-7
1871.0 9.458173245062167e-7
1872.0 9.434437605823662e-7
1873.0000000000002 9.41080046692923e-7
1874.0 9.387261573583757e-7
1875.0 9.363820674688282e-7
1875.9999999999998 9.340477523053363e-7
1877.0 9.317231875610511e-7
1878.0 9.294083493610283e-7
1878.9999999999998 9.271032142831646e-7
1880.0 9.248077593785114e-7
1881.0 9.225219621895905e-7
1882.0 9.202458007728543e-7
1883.0 9.179792537144802e-7
1884.0000000000002 9.157223001520758e-7
1885.0 9.13474919791411e-7
1886.0 9.112370929247008e-7
1886.9999999999998 9.090088004487682e-7
1888.0 9.067900238813852e-7
1889.0 9.045807453771819e-7
1889.9999999999998 9.023809477444782e-7
1891.0 9.001906144593127e-7
1892.0 8.980097296810907e-7
1893.0 8.958382782655178e-7
1894.0 8.936762457782677e-7
1895.0000000000002 8.915236185064992e-7
1896.0 8.893803834715719e-7
1897.0 8.87246528438998e-7
1897.9999999999998 8.85122041929048e-7
1899.0 8.830069132251543e-7
1900.0 8.809011323831148e-7
1900.9999999999998 8.788046902384301e-7
1902.0 8.767175784113979e-7
1903.0 8.746397893157954e-7
1904.0 8.725713161609015e-7
1905.0 8.705121529562952e-7
1906.0000000000002 8.684622945155097e-7
1907.0 8.664217364568828e-7
1908.0 8.643904752058693e-7
1908.9999999999998 8.623685079944913e-7
1910.0 8.603558328603418e-7
1911.0 8.58352448645563e-7
1911.9999999999998 8.563583549932042e-7
1913.0 8.543735523446473e-7
1914.0 8.523980419346649e-7
1915.0 8.50431825785569e-7
1916.0 8.484749067007401e-7
1917.0000000000002 8.465272882579629e-7
1918.0 8.445889748006564e-7
1919.0 8.426599714285472e-7
1919.9999999999998 8.40740283987959e-7
1921.0 8.38829919060184e-7
1922.0 8.369288839506808e-7
1922.9999999999998 8.350371866750005e-7
1924.0 8.331548359462777e-7
1925.0 8.312818411599585e-7
1926.0 8.294182123795037e-7
1927.0 8.275639603193063e-7
1928.0000000000002 8.25719096328e-7
1929.0 8.238836323714165e-7
1930.0 8.220575810134514e-7
1931.0000000000002 8.202409553978269e-7
1932.0 8.18433769226428e-7
1933.0 8.166360367406367e-7
1933.9999999999998 8.1484777269905e-7
1935.0 8.130689923555822e-7
1936.0 8.112997114372356e-7
1937.0 8.095399461200357e-7
1938.0 8.077897130064076e-7
1939.0000000000002 8.060490291000762e-7
1940.0 8.043179117805663e-7
1941.0 8.025963787787967e-7
1942.0000000000002 8.008844481501463e-7
1943.0 7.991821382486988e-7
1944.0 7.974894676999491e-7
1944.9999999999998 7.958064553728474e-7
1946.0 7.941331203529868e-7
1947.0 7.9246948191345e-7
1948.0 7.908155594865901e-7
1949.0 7.891713726355779e-7
1950.0000000000002 7.875369410242344e-7
1951.0 7.859122843883186e-7
1952.0 7.842974225052791e-7
1953.0000000000002 7.826923751644785e-7
1954.0 7.810971621362918e-7
1955.0 7.795118031431973e-7
1955.9999999999998 7.77936317827604e-7
1957.0 7.763707257219154e-7
1958.0 7.748150462181034e-7
1959.0 7.7326929853622e-7
1960.0 7.717335016940554e-7
1961.0000000000002 7.702076744756643e-7
1962.0 7.686918354014795e-7
1963.0 7.671860026970579e-7
1964.0000000000002 7.656901942616426e-7
1965.0 7.642044276393644e-7
1966.0 7.62728719987222e-7
1966.9999999999998 7.612630880459799e-7
1968.0 7.598075481092629e-7
1969.0 7.58362115994864e-7
1970.0 7.569268070143158e-7
1971.0 7.555016359445162e-7
1972.0 7.540866169987773e-7
1973.0 7.526817637980297e-7
1974.0 7.512870893433484e-7
1975.0000000000002 7.499026059883577e-7
1976.0 7.485283254117057e-7
1977.0 7.471642585914826e-7
1977.9999999999998 7.458104157784744e-7
1979.0 7.444668064708198e-7
1980.0 7.431334393900322e-7
1981.0 7.418103224556057e-7
1982.0 7.404974627627678e-7
1983.0 7.391948665590334e-7
1984.0 7.379025392222186e-7
1985.0 7.366204852396723e-7
1986.0000000000002 7.353487081874758e-7
1987.0 7.34087210710684e-7
1988.0 7.328359945050882e-7
1988.9999999999998 7.315950602989403e-7
1990.0 7.303644078358795e-7
1991.0 7.29144035859353e-7
1992.0 7.279339420973953e-7
1993.0 7.267341232479168e-7
1994.0 7.255445749664571e-7
1995.0 7.243652918537301e-7
1996.0 7.231962674446785e-7
1997.0000000000002 7.220374941980104e-7
1998.0 7.208889634881343e-7
1999.0 7.197506655967452e-7
1999.9999999999998 7.186225897060892e-7
