0.0 7.54772730122421e-6
1.0 7.547745550770899e-6
2.0 7.5478003003538774e-6
3.0 7.5478915527932566e-6
4.0 7.548019312785735e-6
5.0 7.548183586906084e-6
6.0 7.548384383622868e-6
7.0 7.548621713285326e-6
8.0 7.548895588119376e-6
9.0 7.549206022253403e-6
10.0 7.549553031703948e-6
10.999999999999998 7.549936634382551e-6
12.0 7.550356850104152e-6
13.000000000000002 7.5508137005887835e-6
14.0 7.551307209469542e-6
14.999999999999998 7.551837402289819e-6
16.0 7.552404306521296e-6
17.0 7.5530079515619675e-6
18.0 7.553648368744183e-6
19.0 7.554325591343842e-6
20.0 7.555039654591634e-6
21.0 7.555790595673271e-6
21.999999999999996 7.556578453740676e-6
23.0 7.557403269931572e-6
24.0 7.558265087363277e-6
25.0 7.5591639511512375e-6
26.000000000000004 7.560099908421762e-6
27.0 7.561073008319954e-6
28.0 7.562083302026446e-6
29.0 7.563130842755465e-6
29.999999999999996 7.5642156857879215e-6
31.0 7.565337888473052e-6
32.0 7.566497510235593e-6
33.0 7.5676946126143555e-6
34.0 7.568929259245512e-6
35.0 7.570201515913782e-6
36.0 7.571511450523779e-6
37.0 7.572859133172934e-6
38.0 7.574244636113474e-6
39.0 7.575668033807004e-6
40.0 7.577129402935754e-6
41.0 7.578628822406818e-6
42.0 7.580166373395378e-6
43.0 7.581742139345316e-6
43.99999999999999 7.5833562059997635e-6
45.0 7.5850086614237115e-6
46.0 7.586699596027623e-6
47.0 7.588429102584044e-6
48.0 7.590197276254234e-6
49.0 7.592004214613981e-6
50.0 7.593850017693225e-6
51.0 7.595734787967796e-6
52.00000000000001 7.59765863043536e-6
53.0 7.599621652586951e-6
54.0 7.601623964484368e-6
55.0 7.603665678759419e-6
56.0 7.605746910662776e-6
57.0 7.607867778092963e-6
58.0 7.6100284016080544e-6
59.0 7.612228904491754e-6
59.99999999999999 7.614469412760829e-6
61.0 7.616750055217496e-6
62.0 7.619070963467747e-6
63.0 7.6214322719812e-6
64.0 7.623834118116564e-6
65.0 7.626276642149856e-6
66.0 7.628759987347345e-6
67.0 7.631284299973856e-6
68.0 7.63384972934678e-6
69.0 7.636456427893486e-6
70.0 7.639104551179494e-6
71.0 7.641794257961767e-6
72.0 7.644525710238828e-6
73.0 7.647299073292022e-6
74.0 7.650114515742847e-6
75.0 7.652972209609456e-6
76.0 7.655872330346398e-6
77.0 7.658815056913104e-6
78.0 7.661800571815332e-6
79.0 7.664829061188817e-6
80.0 7.667900714830342e-6
81.0 7.671015726268122e-6
82.0 7.674174292842016e-6
83.00000000000001 7.677376615747385e-6
84.0 7.680622900102925e-6
85.0 7.683913355036963e-6
86.0 7.687248193740643e-6
87.0 7.690627633550559e-6
87.99999999999999 7.694051896018278e-6
89.0 7.697521206977488e-6
90.0 7.701035796660532e-6
91.0 7.704595899719076e-6
92.0 7.70820175536977e-6
92.99999999999999 7.711853607439391e-6
94.0 7.715551704463393e-6
95.0 7.71929629979272e-6
96.0 7.723087651666197e-6
97.0 7.726926023312222e-6
98.0 7.73081168305998e-6
99.00000000000001 7.734744904429776e-6
100.0 7.738725966238443e-6
101.0 7.74275515272153e-6
102.0 7.746832753624137e-6
103.0 7.750959064328353e-6
104.00000000000001 7.75513438597786e-6
105.0 7.759359025589074e-6
106.0 7.763633296169303e-6
107.0 7.76795751687369e-6
108.0 7.772332013121875e-6
108.99999999999999 7.776757116713416e-6
110.0 7.781233166023067e-6
111.0 7.785760506095867e-6
112.0 7.79033948883063e-6
113.0 7.79497047312069e-6
114.0 7.799653825008704e-6
115.00000000000001 7.804389917878767e-6
116.0 7.80917913260289e-6
117.0 7.814021857717176e-6
118.0 7.81891848962466e-6
119.0 7.823869432759785e-6
119.99999999999999 7.828875099799364e-6
121.0 7.833935911855002e-6
122.0 7.83905229867702e-6
123.0 7.844224698882232e-6
124.0 7.849453560159767e-6
124.99999999999999 7.854739339512524e-6
126.0 7.860082503473736e-6
127.0 7.865483528372195e-6
128.0 7.870942900580537e-6
129.0 7.876461116762846e-6
130.0 7.882038684149358e-6
131.0 7.887676120837773e-6
132.0 7.893373956047766e-6
133.0 7.899132730435092e-6
134.0 7.904952996416937e-6
135.0 7.91083531846364e-6
136.0 7.916780273456195e-6
137.0 7.92278845101067e-6
138.0 7.928860453841981e-6
139.0 7.93499689813946e-6
140.0 7.94119841393147e-6
141.0 7.947465645516266e-6
142.0 7.953799251832696e-6
143.0 7.96019990691531e-6
144.0 7.96666830031282e-6
145.0 7.973205137585114e-6
146.0 7.979811140742816e-6
147.0 7.986487048755274e-6
148.0 7.993233618076074e-6
149.0 8.00005162315906e-6
150.0 8.00694185703032e-6
151.0 8.013905131846289e-6
152.0 8.020942279515167e-6
153.0 8.028054152301052e-6
154.0 8.035241623485736e-6
155.0 8.042505588047631e-6
156.0 8.04984696333415e-6
157.0 8.057266689829912e-6
158.0 8.064765731896477e-6
159.0 8.072345078578801e-6
160.0 8.080005744426621e-6
161.0 8.087748770346023e-6
162.0 8.095575224501366e-6
163.0 8.10348620328978e-6
164.0 8.111482832239337e-6
164.99999999999997 8.119566267113869e-6
166.00000000000003 8.127737694917818e-6
167.0 8.135998335049821e-6
168.0 8.144349440425474e-6
169.0 8.15279229872298e-6
170.0 8.161328233638996e-6
171.0 8.169958606220172e-6
172.0 8.178684816249838e-6
173.0 8.18750830369481e-6
174.0 8.196430550241805e-6
174.99999999999997 8.205453080882235e-6
175.99999999999997 8.214577465575766e-6
177.00000000000003 8.223805321020768e-6
178.0 8.233138312468126e-6
179.0 8.242578155654262e-6
180.0 8.252126618830153e-6
181.0 8.261785524875689e-6
182.0 8.271556753512868e-6
183.0 8.281442243683905e-6
184.0 8.29144399598571e-6
185.0 8.301564075264224e-6
185.99999999999997 8.31180461334394e-6
187.00000000000003 8.322167811890808e-6
188.0 8.332655945450508e-6
189.0 8.343271364608127e-6
190.0 8.354016499366997e-6
191.0 8.36489386268843e-6
192.0 8.375906054218696e-6
193.0 8.387055764252976e-6
194.0 8.39834577789961e-6
195.0 8.40977897950485e-6
196.0 8.421358357284408e-6
196.99999999999997 8.433087008330718e-6
198.00000000000003 8.444968143767434e-6
199.0 8.457005094359112e-6
200.0 8.469201316353361e-6
201.0 8.48156039774498e-6
202.0 8.494086064884606e-6
203.0 8.506782189545921e-6
204.0 8.519652796388106e-6
205.0 8.532702070941645e-6
206.0 8.545934368086499e-6
206.99999999999997 8.559354221093188e-6
208.00000000000003 8.57296635128209e-6
209.00000000000003 8.586775678305765e-6
210.0 8.600787331151983e-6
211.0 8.615006659882779e-6
212.0 8.629439248252781e-6
213.0 8.644090927151419e-6
214.0 8.658967789050251e-6
215.0 8.674076203509559e-6
216.0 8.689422833818061e-6
217.0 8.705014654893539e-6
217.99999999999997 8.720858972515464e-6
219.00000000000003 8.736963444078019e-6
220.0 8.753336100974706e-6
221.0 8.76998537273616e-6
222.0 8.786920113106702e-6
223.0 8.80414962832948e-6
224.0 8.821683707723941e-6
225.0 8.839532656871123e-6
226.0 8.857707333708803e-6
227.0 8.87621918770298e-6
228.0 8.89508030257697e-6
228.99999999999997 8.914303442909671e-6
230.00000000000003 8.933902104989557e-6
231.0 8.953890572493188e-6
232.0 8.974283977466072e-6
233.0 8.9950983672588e-6
234.0 9.016350778058453e-6
235.0 9.038059315949835e-6
236.0 9.060243246245093e-6
237.0 9.082923092240352e-6
238.0 9.10612074459631e-6
238.99999999999997 9.129859582599903e-6
239.99999999999997 9.154164609053458e-6
241.00000000000003 9.179062600543042e-6
242.0 9.204582275068343e-6
243.0 9.230754479796462e-6
244.0 9.257612401418553e-6
245.0 9.285191802778016e-6
246.0 9.313531289324706e-6
247.0 9.342672610286066e-6
248.0 9.372660999561926e-6
249.0 9.403545562795999e-6
249.99999999999997 9.43537971812032e-6
251.00000000000003 9.468221699077804e-6
252.0 9.502135130274029e-6
253.0 9.537189688136198e-6
254.0 9.573461861103458e-6
255.0 9.611035827050233e-6
256.0 9.650004468482276e-6
257.0 9.69047055030347e-6
258.0 9.73254808981884e-6
259.0 9.776363954184462e-6
260.0 9.822059727322206e-6
261.0 9.869793896507438e-6
262.0 9.919744417653372e-6
263.0 9.972111729622498e-6
264.0 1.0027122299529405e-5
265.0 1.0085032794553212e-5
266.0 1.0146134989844407e-5
267.0 1.0210761536144382e-5
268.0 1.0279292723473596e-5
269.0 1.0352164385255462e-5
270.0 1.0429877089631202e-5
271.0 1.0513006752151194e-5
272.0 1.0602216774209725e-5
273.0 1.0698271753510508e-5
274.0 1.0802052715872963e-5
275.0 1.0914573676694965e-5
276.0 1.103699914688608e-5
277.0 1.1170661960212827e-5
278.0 1.1317080538951071e-5
279.0 1.1477974484579035e-5
280.0 1.1655277263976985e-5
281.0 1.1851144876074591e-5
282.0 1.206795984913521e-5
283.0 1.2308330829393299e-5
284.0 1.2575089357973807e-5
285.0 1.2871287029712585e-5
286.0 1.3200197734456385e-5
287.0 1.3565330671550058e-5
288.0 1.3970459912629475e-5
289.0 1.4419675352407338e-5
290.0 1.4917458123473703e-5
291.0 1.5468781448545394e-5
292.0 1.6079235967520585e-5
293.0 1.6755177087781147e-5
294.0 1.750389071237929e-5
295.0 1.8333772127951005e-5
296.0 1.9254509647381398e-5
297.0 2.0277257918064536e-5
298.0 2.141477268598399e-5
299.0 2.268145468198762e-5
300.0 2.4093207793935885e-5
301.0 2.566694449079875e-5
302.0 2.741945354115245e-5
303.0 2.9365163537120902e-5
304.0 3.151208490002103e-5
305.0 3.385494375306044e-5
306.0 3.636444821451183e-5
307.0 3.8972327739689594e-5
308.0 4.155436553488878e-5
309.0 4.391925332593235e-5
310.0 4.581842811714543e-5
311.0 4.6992899225498046e-5
312.0 4.725416662674636e-5
313.0 4.656047039274623e-5
314.0 4.503506954184637e-5
315.0 4.2912246057938624e-5
316.0 4.0452096196361205e-5
317.0 3.7875313567801105e-5
318.0 3.5337193991024535e-5
319.0 3.293084852876994e-5
320.0 3.070257971630972e-5
321.0 2.8668130833640248e-5
322.0 2.682535266784044e-5
323.0 2.5162725943116974e-5
324.0 2.366459431153159e-5
325.0 2.2314158908927534e-5
326.0 2.1095073306608827e-5
327.0 1.9992210874411534e-5
328.0 1.8991964515455292e-5
329.0 1.8082294639684857e-5
329.99999999999994 1.7252650478645723e-5
331.0 1.6493835169412624e-5
332.00000000000006 1.5797852953979387e-5
333.0 1.5157758463175472e-5
334.0 1.4567517727611462e-5
335.0 1.4021884912270163e-5
336.0 1.3516295813138906e-5
337.0 1.30467777124397e-5
338.0 1.2609874588465196e-5
339.0 1.220258653402817e-5
340.0 1.1822322309206383e-5
340.99999999999994 1.1466864094880662e-5
342.0 1.1134343604690657e-5
343.00000000000006 1.0823228621971434e-5
344.0 1.0532318603392993e-5
345.0 1.026074701335444e-5
346.0 1.0007986293876024e-5
347.0 9.773848665079922e-6
348.0 9.558472463237443e-6
349.0 9.36228039790071e-6
349.99999999999994 9.185895143289036e-6
351.0 9.03000252815871e-6
351.99999999999994 8.895166383433375e-6
353.0 8.781621083598738e-6
354.00000000000006 8.68908954948167e-6
355.0 8.616681307675516e-6
356.0 8.5629063573234e-6
357.0 8.525801411906722e-6
358.0 8.503126841717608e-6
359.0 8.492576320562948e-6
360.0 8.491951198398478e-6
360.99999999999994 8.49927598199527e-6
362.0 8.512854489143572e-6
363.00000000000006 8.531279793468976e-6
364.0 8.553414810670126e-6
365.0 8.578358116489928e-6
366.0 8.60540519914107e-6
367.0 8.634011164489842e-6
368.0 8.663757816151477e-6
369.0 8.694326080932253e-6
370.0 8.72547367793256e-6
371.0 8.75701743371168e-6
371.99999999999994 8.788819483737104e-6
373.0 8.820776610950993e-6
374.00000000000006 8.85281205957028e-6
375.0 8.884869272787922e-6
376.0 8.916907111451825e-6
377.0 8.948896205825873e-6
378.0 8.980816171116355e-6
379.0 9.012653480572055e-6
380.0 9.044399838472214e-6
381.0 9.076050933917019e-6
382.0 9.107605484540013e-6
382.99999999999994 9.139064501606281e-6
384.0 9.170430724432936e-6
385.00000000000006 9.201708184466926e-6
386.0 9.232901869148632e-6
387.0 9.264017462336818e-6
388.0 9.29506114415362e-6
389.0 9.326039436482451e-6
390.0 9.35695908404984e-6
391.0 9.387826963039511e-6
392.0 9.418650011213605e-6
393.0 9.449435174687866e-6
393.99999999999994 9.480189367809972e-6
395.0 9.510919443146377e-6
396.00000000000006 9.541632169487579e-6
397.0 9.572334216044638e-6
398.0 9.603032141464982e-6
399.0 9.633732386649276e-6
400.0 9.664441270537604e-6
401.0 9.695164988090213e-6
402.0 9.725909610116638e-6
403.0 9.756681084395448e-6
404.0 9.78748523782621e-6
404.99999999999994 9.81832777934184e-6
406.0 9.84921430343463e-6
407.00000000000006 9.880150294001479e-6
408.0 9.911141128588429e-6
409.0 9.942192082690191e-6
410.0 9.97330833424652e-6
411.0 1.0004494968220242e-5
412.0 1.0035756981000269e-5
413.0 1.0067099285046165e-5
413.99999999999994 1.0098526713181477e-5
415.0 1.0130044023086628e-5
416.00000000000006 1.0161655901448361e-5
417.0 1.019336696822435e-5
418.00000000000006 1.0225181780592221e-5
419.0 1.0257104836992535e-5
420.0 1.0289140580914988e-5
421.0 1.0321293404574282e-5
422.0 1.0353567652563923e-5
423.0 1.038596762531045e-5
424.0 1.0418497582458696e-5
424.99999999999994 1.0451161746118268e-5
426.0 1.0483964304072426e-5
427.00000000000006 1.051690941278927e-5
428.0 1.0550001200430708e-5
429.0 1.058324376971677e-5
430.0 1.0616641200712934e-5
431.0 1.065019755356575e-5
432.0 1.0683916871096774e-5
433.0 1.0717803181398363e-5
434.0 1.0751860500283075e-5
435.0 1.078609283373924e-5
435.99999999999994 1.0820504180271383e-5
437.0 1.0855098533202577e-5
438.00000000000006 1.0889879882915824e-5
439.0 1.0924852219066398e-5
440.0 1.096001953270091e-5
441.0 1.0995385818385428e-5
442.0 1.1030955076232962e-5
443.0 1.1066731313968376e-5
444.0 1.1102718548860335e-5
445.0 1.113892080971469e-5
446.0 1.1175342138782485e-5
446.99999999999994 1.1211986593644127e-5
448.0 1.1248858249100198e-5
449.00000000000006 1.1285961198995451e-5
450.0 1.1323299558063942e-5
451.0 1.1360877463719478e-5
452.0 1.1398699077881148e-5
453.0 1.1436768588698653e-5
454.0 1.1475090212364788e-5
455.0 1.1513668194883003e-5
456.0 1.1552506813767834e-5
457.0 1.1591610379844346e-5
457.99999999999994 1.1630983238929454e-5
459.0 1.167062977365521e-5
460.00000000000006 1.171055440513141e-5
461.0 1.1750761594722745e-5
462.0 1.1791255845785561e-5
463.0 1.183204170544273e-5
464.0 1.187312376629475e-5
465.0 1.1914506668242041e-5
466.0 1.1956195100201232e-5
467.0 1.1998193801937591e-5
468.0 1.2040507565847555e-5
468.99999999999994 1.2083141238785108e-5
470.0 1.2126099723878129e-5
471.00000000000006 1.2169387982400329e-5
472.0 1.2213011035603907e-5
473.0 1.2256973966679718e-5
474.0 1.2301281922575708e-5
475.0 1.2345940116029483e-5
476.0 1.239095382747199e-5
477.0 1.2436328407043976e-5
477.99999999999994 1.2482069276612718e-5
479.0 1.2528181931818819e-5
479.99999999999994 1.2574671944157207e-5
481.0 1.2621544963122299e-5
482.00000000000006 1.2668806718328948e-5
483.0 1.271646302170646e-5
484.0 1.2764519769781164e-5
485.0 1.2812982945841546e-5
486.0 1.2861858622381724e-5
487.0 1.2911152963343578e-5
488.0 1.296087222661386e-5
488.99999999999994 1.301102276638832e-5
490.0 1.3061611035777087e-5
491.00000000000006 1.3112643589239874e-5
492.0 1.3164127085326672e-5
493.0 1.3216068289216599e-5
494.0 1.3268474075562802e-5
495.0 1.3321351431145672e-5
496.0 1.3374707457826783e-5
497.0 1.3428549375412576e-5
498.0 1.3482884524641695e-5
499.0 1.3537720370220218e-5
499.99999999999994 1.3593064503951593e-5
501.0 1.364892464795978e-5
502.00000000000006 1.3705308657881902e-5
503.0 1.3762224526333415e-5
504.0 1.3819680386207452e-5
505.0 1.3877684514309089e-5
506.0 1.393624533492793e-5
507.0 1.3995371423465901e-5
508.0 1.4055071510364382e-5
509.0 1.4115354484875215e-5
510.0 1.417622939910927e-5
510.99999999999994 1.4237705472123073e-5
512.0 1.429979209411977e-5
513.0 1.4362498830760883e-5
514.0 1.4425835427614376e-5
515.0 1.4489811814652551e-5
516.0 1.4554438111025255e-5
517.0 1.4619724629732995e-5
518.0 1.468568188261962e-5
519.0 1.4752320585528873e-5
520.0 1.4819651663291425e-5
521.0 1.4887686255290758e-5
522.0 1.4956435720861442e-5
523.0 1.5025911644972055e-5
524.0 1.509612584399329e-5
525.0 1.5167090371758409e-5
526.0 1.5238817525695437e-5
527.0 1.531131985309293e-5
528.0 1.538461015770292e-5
529.0 1.5458701506369192e-5
530.0 1.5533607235985008e-5
531.0 1.5609340960562358e-5
532.0 1.5685916578517413e-5
533.0 1.5763348280251198e-5
534.0 1.584165055583055e-5
535.0 1.5920838203027308e-5
536.0 1.6000926335506778e-5
537.0 1.6081930391288877e-5
538.0 1.616386614147077e-5
539.0 1.6246749699194265e-5
540.0 1.633059752895095e-5
541.0 1.641542645605646e-5
542.0 1.6501253676524533e-5
543.0 1.6588096767167e-5
544.0 1.6675973696073428e-5
545.0 1.676490283333053e-5
546.0 1.6854902962152117e-5
547.0 1.694599329037878e-5
548.0 1.7038193462134918e-5
549.0 1.7131523570129413e-5
550.0 1.7226004168172136e-5
551.0 1.7321656284158097e-5
552.0 1.741850143326252e-5
553.0 1.7516561632005157e-5
554.0 1.76158594121896e-5
555.0 1.7716417835746855e-5
556.0 1.7818260509816523e-5
557.0 1.7921411602345062e-5
558.0 1.8025895858287873e-5
559.0 1.8131738616116857e-5
560.0 1.8238965825128367e-5
561.0 1.8347604063053168e-5
562.0 1.8457680554473215e-5
563.0 1.8569223189540025e-5
564.0 1.8682260543671207e-5
565.0 1.8796821897465858e-5
566.0 1.8912937257667315e-5
567.0 1.9030637378414468e-5
568.0 1.9149953783632873e-5
569.0 1.927091878960888e-5
570.0 1.9393565528773464e-5
571.0 1.951792797400457e-5
572.0 1.9644040963733176e-5
573.0 1.9771940227991778e-5
574.0 1.9901662415026482e-5
575.0 2.003324511911453e-5
576.0 2.016672690900348e-5
577.0 2.0302147357428153e-5
578.0 2.0439547071347986e-5
579.0 2.0578967723418816e-5
580.0 2.072045208428823e-5
581.0 2.0864044055884794e-5
582.0 2.100978870591334e-5
583.0 2.1157732303124066e-5
584.0 2.130792235409506e-5
585.0 2.146040764066086e-5
586.0 2.161523825884506e-5
587.0 2.17724656586705e-5
588.0 2.193214268559049e-5
589.0 2.209432362243795e-5
590.0 2.2259064233202275e-5
591.0 2.242642180783852e-5
592.0 2.2596455208189568e-5
593.0 2.276922491528025e-5
594.0 2.294479307786751e-5
595.0 2.3123223562313178e-5
596.0 2.3304582003420903e-5
597.0 2.348893585700502e-5
598.0 2.3676354453076165e-5
599.0 2.3866909050796767e-5
600.0 2.406067289411505e-5
601.0 2.4257721268962784e-5
602.0 2.4458131561030054e-5
603.0 2.466198331498706e-5
604.0 2.4869358294230082e-5
605.0 2.5080340541596506e-5
606.0 2.5295016440893288e-5
607.0 2.5513474778655865e-5
608.0 2.573580680632921e-5
609.0 2.5962106302945945e-5
610.0 2.6192469637294158e-5
611.0 2.642699583007754e-5
612.0 2.6665786615253802e-5
613.0 2.6908946500736105e-5
614.0 2.715658282716057e-5
615.0 2.740880582555995e-5
616.0 2.766572867220007e-5
617.0 2.7927467540778596e-5
618.0 2.819414165102274e-5
619.0 2.84658733131836e-5
620.0 2.8742787967092573e-5
621.0 2.9025014215556345e-5
622.0 2.9312683850548844e-5
623.0 2.9605931871074834e-5
624.0 2.9904896491417272e-5
625.0 3.0209719138732157e-5
626.0 3.05205444370575e-5
627.0 3.083752017782777e-5
628.0 3.116079727239265e-5
629.0 3.1490529686957434e-5
630.0 3.182687435466542e-5
631.0 3.216999106384969e-5
632.0 3.252004231837349e-5
633.0 3.28771931664437e-5
634.0 3.324161099454572e-5
635.0 3.3613465281292435e-5
636.0 3.3992927306543045e-5
637.0 3.438016981096284e-5
638.0 3.477536659907456e-5
639.0 3.5178692079749596e-5
640.0 3.559032073725021e-5
641.0 3.6010426523309065e-5
642.0 3.6439182163923575e-5
643.0 3.687675836860007e-5
644.0 3.732332293359379e-5
645.0 3.7779039726800414e-5
646.0 3.824406754187347e-5
647.0 3.8718558809114695e-5
648.0 3.920265814715238e-5
649.0 3.969650074200111e-5
650.0 4.020021053519422e-5
651.0 4.0713898204658e-5
652.0 4.1237658920237246e-5
653.0000000000001 4.17715698541158e-5
654.0 4.231568742694395e-5
655.0 4.287004427012712e-5
656.0 4.343464588379037e-5
657.0 4.4009466971456246e-5
658.0 4.459444743253307e-5
659.0 4.518948799766858e-5
659.9999999999999 4.579444548967078e-5
661.0 4.640912770250529e-5
662.0 4.7033287891403996e-5
663.0 4.766661887402762e-5
664.0000000000001 4.830874675342172e-5
665.0 4.895922427815379e-5
666.0 4.9617523873521504e-5
667.0 5.028303038599324e-5
668.0 5.095503360744761e-5
669.0 5.163272065704524e-5
670.0 5.2315168330833826e-5
670.9999999999999 5.3001335548638716e-5
672.0 5.369005605868941e-5
673.0 5.438003159228987e-5
674.0 5.5069825691921456e-5
675.0000000000001 5.575785847020692e-5
676.0 5.644240258978592e-5
677.0 5.712158078346244e-5
678.0 5.7793365261180514e-5
679.0 5.845557936632053e-5
680.0 5.9105901852782284e-5
681.0 5.974187414955973e-5
681.9999999999999 6.036091095409601e-5
683.0 6.0960314455844e-5
684.0 6.153729242303593e-5
685.0 6.208898029567042e-5
686.0000000000001 6.261246731364206e-5
687.0 6.310482656103276e-5
688.0 6.356314865514111e-5
688.9999999999999 6.398457862103867e-5
690.0 6.436635531266723e-5
691.0 6.470585255466217e-5
692.0 6.500062101144372e-5
692.9999999999999 6.524842964832466e-5
694.0 6.544730554933556e-5
695.0 6.559557081016062e-5
696.0 6.569187523910548e-5
697.0000000000001 6.573522368211318e-5
698.0 6.572499693845858e-5
699.0 6.566096544665408e-5
699.9999999999999 6.554329518509482e-5
701.0 6.537254553300905e-5
702.0 6.514965915545538e-5
703.0 6.487594429108858e-5
703.9999999999999 6.45530501127736e-5
705.0 6.418293608028238e-5
706.0 6.376783639676511e-5
707.0 6.331022080907867e-5
708.0000000000001 6.281275304996175e-5
709.0 6.227824821164288e-5
710.0 6.1709630271541e-5
710.9999999999999 6.110989087127347e-5
712.0 6.048205029453902e-5
713.0 5.982912140775906e-5
714.0 5.915407713840086e-5
715.0000000000001 5.845982187526713e-5
716.0 5.7749166998942966e-5
717.0 5.702481058893573e-5
718.0 5.628932122164595e-5
719.0000000000001 5.554512566090076e-5
720.0 5.479450016261265e-5
721.0 5.403956505393785e-5
721.9999999999999 5.328228221590533e-5
723.0 5.2524455081090223e-5
724.0 5.176773075906457e-5
725.0 5.1013603916637375e-5
726.0000000000001 5.026342206483892e-5
727.0 4.9518391930015646e-5
728.0 4.8779586622727325e-5
729.0 4.8047953354701216e-5
730.0 4.7324321484476873e-5
731.0 4.660941071051945e-5
732.0 4.590383926031052e-5
732.9999999999999 4.5208131952282676e-5
734.0 4.452272803598174e-5
735.0 4.3847988734984154e-5
736.0 4.318420444149737e-5
737.0000000000001 4.253160152146308e-5
738.0 4.189034871219051e-5
739.0 4.1260563096563906e-5
740.0 4.0642315654038885e-5
741.0 4.003563639347791e-5
742.0 3.9440519076283816e-5
743.0 3.885692554837017e-5
743.9999999999999 3.828478969547072e-5
745.0 3.772402104434408e-5
746.0 3.717450802967414e-5
747.0 3.6636120949099944e-5
748.0000000000001 3.6108714629102856e-5
749.0 3.5592130821430776e-5
750.0 3.5086200353222175e-5
751.0 3.4590745050139624e-5
752.0 3.410557945155704e-5
753.0 3.36305123368731e-5
754.0 3.316534807883954e-5
754.9999999999999 3.270988784119963e-5
756.0 3.2263930634642075e-5
757.0 3.18272742443929e-5
758.0 3.139971604361947e-5
759.0000000000001 3.098105370196707e-5
760.0 3.05710858018139e-5
761.0 3.0169612371081678e-5
762.0 2.977643534051621e-5
763.0 2.939135893564372e-5
764.0 2.901419000811523e-5
765.0 2.8644738314718647e-5
765.9999999999999 2.82828167493759e-5
767.0 2.7928241533368817e-5
768.0 2.75808323686335e-5
769.0 2.7240412558758467e-5
770.0000000000001 2.6906809100960672e-5
771.0 2.6579852753229383e-5
772.0 2.625937807913432e-5
773.0 2.5945223473353693e-5
774.0 2.563723117051679e-5
775.0 2.5335247239356365e-5
776.0 2.503912156412704e-5
776.9999999999999 2.4748707815508737e-5
778.0 2.4463863411892464e-5
779.0 2.4184449472842247e-5
780.0 2.3910330766030433e-5
781.0000000000001 2.3641375648581776e-5
782.0 2.3377456003647626e-5
783.0 2.311844717338416e-5
784.0 2.2864227889064315e-5
785.0 2.2614680198409994e-5
786.0 2.236968939180801e-5
787.0 2.2129143926730063e-5
787.9999999999999 2.1892935351690083e-5
789.0 2.166095822969929e-5
790.0 2.1433110061596535e-5
791.0 2.1209291209635903e-5
792.0000000000001 2.098940482172159e-5
793.0 2.07733567559477e-5
794.0 2.056105550637136e-5
795.0 2.0352412129651123e-5
796.0 2.014734017282375e-5
797.0 1.9945755602321864e-5
798.0 1.9747576734577304e-5
798.9999999999999 1.955272416763172e-5
800.0 1.9361120714516067e-5
801.0 1.917269133821243e-5
802.0 1.8987363087873267e-5
803.0000000000001 1.8805065036808547e-5
804.0 1.8625728222020034e-5
805.0 1.8449285585373135e-5
806.0 1.8275671916184333e-5
807.0 1.8104823795572378e-5
808.0 1.7936679542280918e-5
809.0 1.7771179160045614e-5
809.9999999999999 1.7608264286499547e-5
811.0 1.744787814359599e-5
812.0 1.7289965489513388e-5
813.0 1.713447257194858e-5
814.0000000000001 1.698134708287021e-5
815.0 1.6830538114708713e-5
816.0 1.6681996117806687e-5
816.9999999999999 1.6535672859190287e-5
818.0 1.6391521382807817e-5
819.0 1.6249495970735408e-5
820.0 1.6109552105878967e-5
820.9999999999999 1.5971646435697587e-5
822.0 1.5835736737114654e-5
823.0 1.5701781882553447e-5
824.0 1.556974180717626e-5
825.0000000000001 1.5439577476921197e-5
826.0 1.531125085783378e-5
827.0 1.5184724886221927e-5
827.9999999999999 1.5059963439803115e-5
829.0 1.493693130988547e-5
830.0 1.4815594174301785e-5
831.0 1.4695918571272998e-5
832.0000000000001 1.4577871874159517e-5
833.0 1.4461422266999818e-5
834.0 1.4346538720778644e-5
835.0 1.4233190970613733e-5
836.0000000000001 1.4121349493475083e-5
837.0 1.4010985486813119e-5
838.0 1.3902070847694927e-5
838.9999999999999 1.3794578152834507e-5
840.0 1.3688480639005914e-5
841.0 1.3583752184302252e-5
842.0 1.348036728985996e-5
843.0000000000001 1.337830106222036e-5
844.0 1.327752919622469e-5
845.0 1.3178027958544447e-5
846.0 1.3079774171552678e-5
847.0000000000001 1.2982745197891349e-5
848.0 1.2886918925446165e-5
849.0 1.2792273752756258e-5
849.9999999999999 1.2698788574925315e-5
851.0 1.2606442770060563e-5
852.0 1.2515216185906678e-5
853.0 1.242508912716727e-5
854.0000000000001 1.2336042342989416e-5
855.0 1.224805701501383e-5
856.0 1.216111474567146e-5
857.0 1.2075197546898296e-5
858.0 1.1990287829195894e-5
859.0 1.190636839099499e-5
860.0 1.1823422408382227e-5
860.9999999999999 1.1741433425131111e-5
862.0 1.1660385342996133e-5
863.0 1.1580262412357707e-5
864.0 1.1501049223102078e-5
865.0000000000001 1.1422730695840221e-5
866.0 1.1345292073279656e-5
867.0 1.126871891197158e-5
868.0 1.1192997074229188e-5
869.0 1.1118112720302645e-5
870.0 1.1044052300833355e-5
871.0 1.0970802549417417e-5
871.9999999999999 1.0898350475527002e-5
873.0 1.0826683357502611e-5
874.0 1.0755788735906551e-5
875.0 1.068565440687581e-5
876.0000000000001 1.0616268415864555e-5
877.0 1.054761905141087e-5
878.0 1.0479694839168701e-5
879.0 1.0412484536092723e-5
880.0 1.034597712477512e-5
881.0 1.0280161807952999e-5
882.0 1.0215028003196429e-5
882.9999999999999 1.0150565337689425e-5
884.0 1.0086763643190535e-5
885.0 1.0023612951170216e-5
886.0 9.96110348801292e-6
887.0000000000001 9.89922567038162e-6
888.0 9.83797010077554e-6
889.0 9.777327563080931e-6
890.0 9.717289018375163e-6
891.0 9.657845600746924e-6
892.0 9.598988613298825e-6
893.0 9.540709524201777e-6
893.9999999999999 9.482999962932738e-6
895.0 9.425851716516417e-6
896.0 9.369256725956667e-6
897.0 9.313207082728107e-6
898.0000000000001 9.257695025329156e-6
899.0 9.202712935993022e-6
900.0 9.14825333744016e-6
901.0 9.09430888970446e-6
902.0 9.040872387139021e-6
903.0 8.98793675534911e-6
904.0 8.935495048335079e-6
904.9999999999999 8.883540445649177e-6
906.0 8.832066249637542e-6
907.0 8.78106588275398e-6
908.0 8.730532884957175e-6
909.0000000000001 8.680460911142938e-6
910.0 8.630843728687738e-6
911.0 8.581675215003335e-6
912.0 8.532949355217185e-6
913.0 8.484660239827822e-6
914.0 8.436802062507944e-6
915.0 8.389369117900764e-6
915.9999999999999 8.342355799520012e-6
917.0 8.29575659764653e-6
918.0 8.249566097321313e-6
919.0 8.203778976384666e-6
920.0000000000001 8.158390003546434e-6
921.0 8.113394036518192e-6
922.0 8.068786020185508e-6
923.0 8.024560984821923e-6
924.0 7.980714044366369e-6
925.0 7.937240394716158e-6
926.0 7.894135312080814e-6
926.9999999999999 7.851394151370901e-6
928.0 7.80901234462157e-6
929.0 7.766985399474102e-6
930.0 7.725308897648006e-6
931.0000000000001 7.68397849352082e-6
932.0 7.642989912669816e-6
933.0 7.60233895049253e-6
934.0 7.562021470868503e-6
935.0 7.522033404809085e-6
936.0 7.4823707491715905e-6
937.0 7.4430295654211254e-6
937.9999999999999 7.404005978352545e-6
939.0 7.3652961749451925e-6
940.0 7.326896403149407e-6
941.0 7.28880297075297e-6
942.0000000000001 7.251012244274299e-6
943.0 7.213520647852295e-6
944.0 7.176324662202011e-6
944.9999999999999 7.1394208235581215e-6
946.0 7.102805722674432e-6
947.0 7.066476003814743e-6
948.0 7.03042836380755e-6
948.9999999999999 6.994659551080775e-6
950.0 6.959166364756202e-6
951.0 6.923945653733777e-6
952.0 6.888994315834314e-6
953.0000000000001 6.854309296913558e-6
954.0 6.819887590046217e-6
955.0 6.785726234705649e-6
955.9999999999999 6.751822315951404e-6
957.0 6.718172963661411e-6
958.0 6.684775351781274e-6
959.0 6.651626697549628e-6
959.9999999999999 6.618724260811651e-6
961.0 6.586065343278145e-6
962.0 6.553647287865248e-6
963.0 6.521467477988963e-6
964.0000000000001 6.489523336936285e-6
965.0 6.457812327204797e-6
966.0 6.426331949888354e-6
966.9999999999999 6.395079744054298e-6
968.0 6.364053286159004e-6
969.0 6.333250189462776e-6
970.0 6.302668103456764e-6
971.0000000000001 6.272304713325112e-6
972.0 6.242157739389451e-6
973.0 6.212224936588967e-6
974.0 6.182504093982751e-6
975.0000000000001 6.152993034229771e-6
976.0 6.123689613114516e-6
977.0 6.0945917190673605e-6
977.9999999999999 6.065697272711431e-6
979.0 6.037004226409008e-6
980.0 6.008510563824089e-6
981.0 5.9802142994953654e-6
982.0000000000001 5.952113478421713e-6
983.0 5.924206175673742e-6
984.0 5.896490495985001e-6
985.0 5.868964573373396e-6
986.0 5.841626570783542e-6
987.0 5.814474679706078e-6
988.0 5.78750711986135e-6
988.9999999999999 5.760722138832944e-6
990.0 5.73411801174993e-6
991.0 5.707693040962922e-6
992.0 5.681445555751728e-6
993.0000000000001 5.6553739120003595e-6
994.0 5.629476491936267e-6
995.0 5.603751703826728e-6
996.0 5.578197981722208e-6
997.0 5.552813785189419e-6
998.0 5.527597599058358e-6
999.0 5.5025479331823784e-6
999.9999999999999 5.477663322193683e-6
1001.0 5.45294232528601e-6
1002.0 5.428383525997654e-6
1003.0 5.403985531992289e-6
1004.0000000000001 5.379746974857547e-6
1005.0 5.355666509925932e-6
1006.0 5.331742816070681e-6
1007.0 5.3079745955335114e-6
1008.0 5.28436057376717e-6
1009.0 5.260899499248007e-6
1010.0 5.2375901433374494e-6
1010.9999999999999 5.2144313001328385e-6
1012.0 5.19142178631706e-6
1013.0 5.168560441026116e-6
1014.0 5.145846125732275e-6
1015.0000000000001 5.1232777241069665e-6
1016.0 5.100854141910677e-6
1017.0 5.0785743068919474e-6
1018.0 5.0564371686707134e-6
1019.0 5.034441698659573e-6
1020.0 5.012586889942763e-6
1021.0 4.990871757224739e-6
1021.9999999999999 4.969295336716622e-6
1023.0 4.947856686087511e-6
1024.0 4.926554884373145e-6
1025.0 4.9053890319111205e-6
1026.0 4.884358250291398e-6
1027.0 4.8634616822745986e-6
1028.0 4.842698491757856e-6
1029.0 4.8220678636963305e-6
1030.0 4.801569004082089e-6
1031.0 4.781201139866532e-6
1032.0 4.760963518936992e-6
1033.0 4.740855410055452e-6
1034.0 4.7208761028217845e-6
1035.0 4.701024907627471e-6
1036.0 4.681301155616714e-6
1037.0 4.66170419863449e-6
1038.0 4.642233409184348e-6
1039.0 4.622888180386207e-6
1040.0 4.6036679259157655e-6
1041.0 4.584572079963127e-6
1042.0 4.565600097164612e-6
1043.0 4.546751452558353e-6
1044.0 4.528025641498815e-6
1045.0 4.509422179598598e-6
1046.0 4.490940602639498e-6
1047.0 4.472580466490858e-6
1048.0 4.4543413470125336e-6
1049.0 4.436222839944411e-6
1050.0 4.418224560794315e-6
1051.0 4.400346144708547e-6
1052.0 4.382587246325217e-6
1053.0 4.364947539615749e-6
1054.0 4.347426717720054e-6
1055.0 4.330024492760517e-6
1056.0 4.31274059560755e-6
1057.0 4.295574775692844e-6
1058.0 4.278526800726514e-6
1059.0 4.261596456441842e-6
1060.0 4.244783546302457e-6
1061.0 4.228087891165751e-6
1062.0 4.211509328960478e-6
1063.0 4.1950477142793605e-6
1064.0 4.178702917999054e-6
1065.0 4.162474826820486e-6
1066.0 4.14636334280733e-6
1067.0 4.130368382865438e-6
1068.0 4.114489878206572e-6
1069.0 4.098727773753673e-6
1070.0 4.083082027511807e-6
1071.0 4.067552609904074e-6
1072.0 4.052139503046985e-6
1073.0 4.036842699996257e-6
1074.0 4.021662203932685e-6
1075.0 4.006598027292243e-6
1076.0 3.9916501908770325e-6
1077.0 3.976818722859389e-6
1078.0 3.962103657790293e-6
1079.0 3.947505035504622e-6
1080.0 3.933022899997437e-6
1081.0 3.918657298229669e-6
1082.0 3.90440827887414e-6
1083.0 3.890275891020723e-6
1084.0 3.876260182780181e-6
1085.0 3.862361199879432e-6
1086.0 3.848578984149215e-6
1087.0 3.834913571980518e-6
1088.0 3.821364992707376e-6
1089.0 3.8079332669342724e-6
1090.0 3.79461840480388e-6
1091.0 3.7814204042076436e-6
1092.0 3.7683392489406717e-6
1093.0 3.75537490680198e-6
1094.0 3.742527327650294e-6
1095.0 3.7297964414017235e-6
1096.0 3.7171821559914003e-6
1097.0 3.7046843552959664e-6
1098.0 3.6923028970116014e-6
1099.0 3.6800376105098696e-6
1100.0 3.6678882946679835e-6
1101.0 3.655854715669195e-6
1102.0 3.6439366048107437e-6
1103.0 3.632133656283724e-6
1104.0 3.6204455249722554e-6
1105.0 3.608871824254508e-6
1106.0 3.5974121238250343e-6
1107.0 3.5860659475509014e-6
1108.0 3.574832771351861e-6
1109.0 3.563712021142628e-6
1110.0 3.5527030708305774e-6
1111.0 3.5418052403735217e-6
1112.0 3.531017793935319e-6
1113.0 3.520339938113901e-6
1114.0 3.509770820294052e-6
1115.0 3.499309527091959e-6
1116.0 3.488955082953351e-6
1117.0 3.4787064488739486e-6
1118.0 3.468562521271234e-6
1119.0 3.4585221310264337e-6
1120.0 3.4485840427008865e-6
1121.0 3.4387469539288264e-6
1122.0 3.4290094950114688e-6
1123.0 3.4193702287232817e-6
1124.0 3.409827650312943e-6
1125.0 3.4003801877489913e-6
1126.0 3.3910262021822232e-6
1127.0 3.3817639886524608e-6
1128.0 3.3725917770270964e-6
1129.0 3.3635077332010755e-6
1130.0 3.3545099605329463e-6
1131.0 3.3455965015364176e-6
1132.0 3.3367653398261118e-6
1133.0 3.3280144023097757e-6
1134.0 3.3193415616252747e-6
1135.0 3.3107446388279945e-6
1136.0 3.3022214063045315e-6
1137.0 3.2937695909220764e-6
1138.0 3.2853868774018465e-6
1139.0 3.277070911886249e-6
1140.0 3.26881930572253e-6
1141.0 3.2606296394178983e-6
1142.0 3.2524994667666484e-6
1143.0 3.244426319128327e-6
1144.0 3.2364077098444215e-6
1145.0 3.2284411387646495e-6
1146.0 3.2205240968788548e-6
1147.0 3.212654071017247e-6
1148.0 3.204828548609282e-6
1149.0 3.1970450224786377e-6
1150.0 3.1893009956435032e-6
1151.0 3.1815939861148316e-6
1152.0 3.1739215316551606e-6
1153.0 3.166281194485459e-6
1154.0 3.1586705659187214e-6
1155.0 3.1510872708924246e-6
1156.0 3.1435289723843756e-6
1157.0 3.1359933756930186e-6
1158.0 3.1284782325597384e-6
1159.0 3.120981345116626e-6
1160.0 3.113500569648677e-6
1161.0 3.106033820146978e-6
1162.0 3.0985790716412068e-6
1163.0 3.091134363308387e-6
1164.0 3.083697801334509e-6
1165.0 3.0762675615268613e-6
1166.0 3.068841891670839e-6
1167.0 3.0614191136246883e-6
1168.0 3.05399762514272e-6
1169.0 3.046575901434795e-6
1170.0 3.039152496455405e-6
1171.0 3.0317260439222934e-6
1172.0 3.024295258072256e-6
1173.0 3.01685893415527e-6
1174.0 3.009415948667432e-6
1175.0 3.001965259345616e-6
1176.0 2.9945059049089063e-6
1177.0 2.987037004576369e-6
1178.0 2.9795577573585137e-6
1179.0 2.97206744113857e-6
1180.0 2.964565411554122e-6
1181.0 2.95705110069371e-6
1182.0 2.949524015613116e-6
1183.0 2.9419837366954143e-6
1184.0 2.9344299158623693e-6
1185.0 2.9268622746482013e-6
1186.0 2.9192806021542835e-6
1187.0 2.9116847528995365e-6
1188.0 2.9040746445726635e-6
1189.0 2.8964502557046855e-6
1190.0 2.888811623277293e-6
1191.0 2.8811588402739036e-6
1192.0 2.8734920531848327e-6
1193.0 2.8658114594918685e-6
1194.0 2.858117305118485e-6
1195.0 2.850409881885823e-6
1196.0 2.842689524958664e-6
1197.0 2.834956610305628e-6
1198.0 2.82721155218449e-6
1199.0 2.8194548006410127e-6
1200.0 2.8116868390591245e-6
1201.0 2.8039081817393982e-6
1202.0 2.796119371532758e-6
1203.0 2.788320977526784e-6
1204.0 2.7805135927893136e-6
1205.0 2.772697832173101e-6
1206.0 2.7648743301916885e-6
1207.0 2.757043738961794e-6
1208.0 2.7492067262175493e-6
1209.0 2.7413639734025014e-6
1210.0 2.733516173833807e-6
1211.0 2.7256640309475035e-6
1212.0 2.717808256619472e-6
1213.0 2.7099495695672417e-6
1214.0 2.7020886938261666e-6
1215.0 2.694226357310487e-6
1216.0 2.6863632904450576e-6
1217.0 2.6785002248811e-6
1218.0 2.6706378922788095e-6
1219.0 2.6627770231730775e-6
1220.0 2.654918345906283e-6
1221.0 2.6470625856368664e-6
1222.0 2.639210463408192e-6
1223.0 2.631362695297327e-6
1224.0 2.6235199916168633e-6
1225.0 2.615683056188588e-6
1226.0 2.607852585671529e-6
1227.0 2.6000292689508855e-6
1228.0 2.592213786584921e-6
1229.0 2.5844068103011017e-6
1230.0 2.576609002548234e-6
1231.0 2.568821016092695e-6
1232.0 2.561043493664315e-6
1233.0 2.553277067647207e-6
1234.0 2.545522359807845e-6
1235.0 2.537779981070646e-6
1236.0 2.530050531322186e-6
1237.0 2.522334599255983e-6
1238.0 2.5146327622509493e-6
1239.0 2.506945586277643e-6
1240.0 2.4992736258382097e-6
1241.0 2.491617423925721e-6
1242.0 2.4839775120192412e-6
1243.0 2.4763544100947696e-6
1244.0 2.468748626661107e-6
1245.0 2.461160658817214e-6
1246.0 2.4535909923224104e-6
1247.0 2.4460401016940364e-6
1248.0 2.4385084503087405e-6
1249.0 2.4309964905300926e-6
1250.0 2.423504663839736e-6
1251.0 2.4160334009842737e-6
1252.0 2.408583122136772e-6
1253.0 2.4011542370601536e-6
1254.0 2.393747145285313e-6
1255.0 2.386362236295137e-6
1256.0 2.378999889711995e-6
1257.0 2.3716604754976937e-6
1258.0 2.3643443541540737e-6
1259.0 2.357051876925923e-6
1260.0 2.3497833860146833e-6
1261.0 2.3425392147861632e-6
1262.0 2.335319687989201e-6
1263.0 2.3281251219696377e-6
1264.0 2.3209558248889384e-6
1265.0 2.3138120969420925e-6
1266.0 2.3066942305759577e-6
1267.0 2.2996025107102e-6
1268.0 2.2925372149527056e-6
1269.0 2.285498613818199e-6
1270.0 2.2784869709441934e-6
1271.0 2.271502543306259e-6
1272.0 2.2645455814309654e-6
1273.0 2.2576163296070194e-6
1274.0 2.2507150260933163e-6
1275.0 2.2438419033280047e-6
1276.0 2.2369971881309813e-6
1277.0 2.2301811019063682e-6
1278.0 2.223393860840785e-6
1279.0 2.2166356761006698e-6
1280.0 2.209906754022954e-6
1281.0 2.2032072963088796e-6
1282.0 2.1965375002075118e-6
1283.0 2.1898975587027144e-6
1284.0 2.1832876606915584e-6
1285.0 2.176707991162412e-6
1286.0 2.170158731370048e-6
1287.0 2.1636400590067022e-6
1288.0 2.1571521483693156e-6
1289.0 2.150695170524683e-6
1290.0 2.144269293472254e-6
1291.0 2.13787468229946e-6
1292.0 2.1315114993403765e-6
1293.0 2.1251799043274697e-6
1294.0 2.1188800545393694e-6
1295.0 2.112612104948365e-6
1296.0 2.1063762083649115e-6
1297.0 2.1001725155757107e-6
1298.0 2.094001175485267e-6
1299.0 2.0878623352477345e-6
1300.0 2.081756140401605e-6
1301.0 2.075682734999819e-6
1302.0 2.0696422617367975e-6
1303.0 2.0636348620741553e-6
1304.0 2.057660676365332e-6
1305.0 2.0517198439730946e-6
1306.0000000000002 2.045812503392824e-6
1307.0 2.039938792364959e-6
1308.0 2.0340988479943297e-6
1308.9999999999998 2.0282928068603666e-6
1310.0 2.0225208051295394e-6
1311.0 2.016782978666247e-6
1312.0 2.011079463139234e-6
1313.0 2.0054103941306507e-6
1314.0 1.9997759072406428e-6
1315.0 1.9941761381917394e-6
1316.0 1.988611222933095e-6
1317.0000000000002 1.9830812977414316e-6
1318.0 1.9775864993244418e-6
1319.0 1.9721269649198334e-6
1319.9999999999998 1.966702832395285e-6
1321.0 1.9613142403482798e-6
1322.0 1.955961328204504e-6
1323.0 1.9506442363163977e-6
1324.0 1.9453631060602747e-6
1325.0 1.940118079934696e-6
1326.0 1.9349093016566513e-6
1327.0 1.929736916261167e-6
1328.0000000000002 1.924601070195643e-6
1329.0 1.9195019114185015e-6
1330.0 1.9144395894974783e-6
1330.9999999999998 1.909414255705086e-6
1332.0 1.9044260631182711e-6
1333.0 1.899475166714803e-6
1334.0 1.8945617234731776e-6
1335.0 1.889685892471108e-6
1336.0 1.8848478349833218e-6
1337.0 1.8800477145838806e-6
1338.0 1.8752856972447162e-6
1339.0000000000002 1.8705619514358415e-6
1340.0 1.8658766482291033e-6
1341.0 1.8612299613974412e-6
1341.9999999999998 1.8566220675196958e-6
1343.0 1.8520531460819757e-6
1344.0 1.8475233795819623e-6
1345.0 1.8430329536328577e-6
1346.0 1.8385820570679427e-6
1347.0 1.834170882046183e-6
1348.0 1.8297996241560105e-6
1349.0 1.8254684825224638e-6
1350.0000000000002 1.821177659912612e-6
1351.0 1.816927362839846e-6
1352.0 1.81271780167298e-6
1352.9999999999998 1.8085491907385321e-6
1354.0 1.8044217484281406e-6
1355.0 1.800335697302148e-6
1356.0 1.7962912641945399e-6
1357.0 1.792288680316156e-6
1358.0 1.7883281813563035e-6
1359.0 1.7844100075835888e-6
1360.0 1.780534403945801e-6
1361.0000000000002 1.7767016201656875e-6
1362.0 1.772911910836691e-6
1363.0 1.7691655355159815e-6
1363.9999999999998 1.7654627588128385e-6
1365.0 1.7618038504743139e-6
1366.0 1.7581890854689374e-6
1366.9999999999998 1.7546187440645002e-6
1368.0 1.7510931118998846e-6
1369.0 1.7476124800561415e-6
1370.0 1.7441771451170974e-6
1371.0 1.7407874092263154e-6
1372.0000000000002 1.7374435801374802e-6
1373.0 1.734145971256005e-6
1374.0 1.7308949016737326e-6
1374.9999999999998 1.7276906961945179e-6
1376.0 1.7245336853501993e-6
1377.0 1.7214242054071325e-6
1377.9999999999998 1.7183625983628596e-6
1379.0 1.715349211926901e-6
1380.0 1.7123843994971484e-6
1381.0 1.709468520113283e-6
1382.0 1.706601938405629e-6
1383.0000000000002 1.7037850245229433e-6
1384.0 1.7010181540472088e-6
1385.0 1.6983017078923622e-6
1385.9999999999998 1.695636072183745e-6
1387.0 1.6930216381210794e-6
1388.0 1.6904588018237517e-6
1388.9999999999998 1.687947964151518e-6
1390.0 1.6854895305096967e-6
1391.0 1.6830839106300628e-6
1392.0 1.680731518330691e-6
1393.0 1.6784327712508402e-6
1394.0000000000002 1.6761880905637006e-6
1395.0 1.6739979006657008e-6
1396.0 1.6718626288357287e-6
1396.9999999999998 1.6697827048748517e-6
1398.0 1.667758560714761e-6
1399.0 1.665790630000974e-6
1399.9999999999998 1.6638793476504468e-6
1401.0 1.6620251493775675e-6
1402.0 1.660228471196562e-6
1403.0 1.658489748892278e-6
1404.0 1.6568094174654617e-6
1405.0000000000002 1.6551879105481644e-6
1406.0 1.653625659792301e-6
1407.0 1.652123094229919e-6
1407.9999999999998 1.6506806396080586e-6
1409.0 1.6492987176934129e-6
1410.0 1.647977745555545e-6
1410.9999999999998 1.6467181348217776e-6
1412.0 1.6455202909093007e-6
1413.0 1.6443846122345307e-6
1414.0 1.643311489400644e-6
1415.0 1.6423013043658198e-6
1416.0000000000002 1.6413544295905105e-6
1417.0 1.6404712271727413e-6
1418.0 1.6396520479626965e-6
1419.0000000000002 1.6388972306698773e-6
1420.0 1.6382071009558832e-6
1421.0 1.63758197052197e-6
1421.9999999999998 1.6370221361896157e-6
1423.0 1.6365278789759857e-6
1424.0 1.6360994631744898e-6
1425.0 1.6357371354300691e-6
1426.0 1.635441123826468e-6
1427.0000000000002 1.635211636976232e-6
1428.0 1.6350488631271775e-6
1429.0 1.634952969276583e-6
1430.0000000000002 1.63492410030675e-6
1431.0 1.6349623781399196e-6
1432.0 1.6350679009124945e-6
1432.9999999999998 1.635240742180398e-6
1434.0 1.635480950147737e-6
1435.0 1.6357885469302809e-6
1436.0 1.6361635278509586e-6
1437.0 1.6366058607727314e-6
1438.0000000000002 1.6371154854691003e-6
1439.0 1.6376923130356876e-6
1440.0 1.6383362253462277e-6
1441.0000000000002 1.6390470745502188e-6
1442.0 1.6398246826219703e-6
1443.0 1.6406688409513398e-6
1443.9999999999998 1.6415793099881617e-6
1445.0 1.6425558189356425e-6
1446.0 1.6435980654934447e-6
1447.0 1.6447057156525309e-6
1448.0 1.6458784035416336e-6
1449.0000000000002 1.647115731328539e-6
1450.0 1.6484172691666847e-6
1451.0 1.649782555197314e-6
1452.0000000000002 1.6512110956030943e-6
1453.0 1.652702364707568e-6
1454.0 1.6542558051256007e-6
1454.9999999999998 1.6558708279650795e-6
1456.0 1.6575468130635532e-6
1457.0 1.6592831092840391e-6
1458.0 1.6610790348462232e-6
1459.0 1.6629338776942758e-6
1460.0 1.6648468959171663e-6
1461.0 1.6668173181919508e-6
1462.0 1.6688443442757786e-6
1463.0000000000002 1.67092714551984e-6
1464.0 1.6730648654219046e-6
1465.0 1.6752566202040058e-6
1465.9999999999998 1.67750149941881e-6
1467.0 1.6797985665819498e-6
1468.0 1.6821468598250734e-6
1469.0 1.6845453925644185e-6
1470.0 1.68699315420032e-6
1471.0 1.6894891108202129e-6
1472.0 1.6920322059212132e-6
1473.0 1.694621361149706e-6
1474.0000000000002 1.697255477044168e-6
1475.0 1.6999334337897185e-6
1476.0 1.7026540919816257e-6
1476.9999999999998 1.7054162933954085e-6
1478.0 1.7082188617578594e-6
1479.0 1.7110606035225115e-6
1480.0 1.7139403086534598e-6
1481.0 1.7168567513980324e-6
1482.0 1.719808691069736e-6
1483.0 1.7227948728284028e-6
1484.0 1.7258140284515466e-6
1485.0000000000002 1.7288648771136302e-6
1486.0 1.7319461261581471e-6
1487.0 1.7350564718590497e-6
1487.9999999999998 1.7381946001903216e-6
1489.0 1.7413591875820343e-6
1490.0 1.7445489016761564e-6
1491.0 1.7477624020745611e-6
1492.0 1.7509983410835044e-6
1493.0 1.754255364450908e-6
1494.0 1.7575321121007388e-6
1495.0 1.7608272188581998e-6
1496.0000000000002 1.7641393151737116e-6
1497.0 1.7674670278332803e-6
1498.0 1.7708089806750268e-6
1498.9999999999998 1.7741637952863003e-6
1500.0 1.7775300917092452e-6
1501.0 1.7809064891229626e-6
1502.0 1.7842916065411467e-6
1503.0 1.7876840634837311e-6
1504.0 1.7910824806600744e-6
1505.0 1.7944854806327776e-6
1506.0 1.7978916884839907e-6
1507.0000000000002 1.8012997324720778e-6
1508.0 1.8047082446875188e-6
1509.0 1.8081158616989093e-6
1509.9999999999998 1.8115212251911247e-6
1511.0 1.81492298260247e-6
1512.0 1.8183197877583373e-6
1513.0 1.8217103014889136e-6
1514.0 1.8250931922477383e-6
1515.0 1.8284671367276387e-6
1516.0 1.8318308204591128e-6
1517.0 1.8351829384116194e-6
1518.0000000000002 1.8385221955842948e-6
1519.0 1.8418473075901836e-6
1520.0 1.845157001231965e-6
1520.9999999999998 1.848450015070131e-6
1522.0 1.8517250999886015e-6
1523.0 1.8549810197418487e-6
1524.0 1.8582165515022595e-6
1525.0 1.8614304863944164e-6
1526.0 1.864621630022025e-6
1527.0 1.8677888029832583e-6
1528.0 1.8709308413806925e-6
1529.0000000000002 1.874046597309137e-6
1530.0 1.8771349393514498e-6
1531.0 1.8801947530432604e-6
1531.9999999999998 1.8832249413442363e-6
1533.0 1.886224425081866e-6
1534.0 1.8891921433930794e-6
1535.0 1.8921270541474902e-6
1536.0 1.8950281343640557e-6
1537.0 1.8978943806065048e-6
1538.0 1.9007248093691613e-6
1539.0 1.9035184574492995e-6
1540.0000000000002 1.9062743823000384e-6
1541.0 1.9089916623751347e-6
1542.0 1.9116693974557957e-6
1542.9999999999998 1.9143067089552137e-6
1544.0 1.916902740218627e-6
1545.0 1.919456656802227e-6
1546.0 1.921967646728447e-6
1547.0 1.924434920738553e-6
1548.0 1.926857712516198e-6
1549.0 1.9292352788988468e-6
1550.0 1.9315669000740303e-6
1551.0000000000002 1.933851879754119e-6
1552.0 1.9360895453318324e-6
1553.0 1.938279248026937e-6
1553.9999999999998 1.940420363003615e-6
1555.0 1.9425122894790645e-6
1556.0 1.944554450806611e-6
1557.0 1.9465462945494312e-6
1558.0 1.948487292528515e-6
1559.0 1.9503769408551337e-6
1560.0 1.9522147599491288e-6
1561.0 1.954000294530526e-6
1562.0000000000002 1.9557331136077524e-6
1563.0 1.9574128104303306e-6
1564.0 1.959039002440861e-6
1564.9999999999998 1.9606113311982786e-6
1566.0 1.9621294622897947e-6
1567.0 1.963593085223732e-6
1568.0 1.965001913308703e-6
1569.0 1.9663556835115094e-6
1570.0 1.9676541563066072e-6
1571.0 1.968897115498657e-6
1572.0 1.9700843680435862e-6
1573.0000000000002 1.971215743844395e-6
1574.0 1.9722910955358743e-6
1575.0 1.97331029825573e-6
1575.9999999999998 1.9742732494014374e-6
1577.0 1.9751798683738964e-6
1578.0 1.976030096307822e-6
1579.0 1.9768238957889102e-6
1580.0 1.9775612505643897e-6
1581.0 1.9782421652318697e-6
1582.0 1.978866664927681e-6
1583.0 1.979434795000127e-6
1584.0000000000002 1.979946620669798e-6
1585.0 1.980402226688434e-6
1586.0 1.980801716980195e-6
1586.9999999999998 1.981145214279785e-6
1588.0 1.9814328597620405e-6
1589.0 1.981664812663171e-6
1590.0 1.9818412498942917e-6
1591.0 1.9819623656505776e-6
1592.0 1.982028371015179e-6
1593.0 1.9820394935539335e-6
1594.0 1.9819959769109484e-6
1595.0000000000002 1.9818980803940747e-6
1596.0 1.9817460785632215e-6
1597.0 1.981540260807325e-6
1597.9999999999998 1.981280930927928e-6
1599.0 1.9809684067118746e-6
1600.0 1.9806030195095545e-6
1601.0 1.980185113805169e-6
1602.0 1.979715046793302e-6
1603.0 1.9791931879485765e-6
1604.0 1.9786199185992547e-6
1605.0 1.977995631501607e-6
1606.0000000000002 1.977320730412708e-6
1607.0 1.9765956296670435e-6
1608.0 1.975820753752702e-6
1608.9999999999998 1.974996536893454e-6
1610.0 1.9741234226281668e-6
1611.0 1.9732018633978206e-6
1612.0 1.972232320132532e-6
1613.0 1.971215261844355e-6
1614.0 1.970151165223341e-6
1615.0 1.9690405142358533e-6
1616.0 1.9678837997318543e-6
1617.0000000000002 1.966681519051136e-6
1618.0 1.9654341756405253e-6
1619.0 1.9641422786702748e-6
1619.9999999999998 1.9628063426625653e-6
1621.0 1.9614268871186738e-6
1622.0 1.9600044361597367e-6
1622.9999999999998 1.9585395181654988e-6
1624.0 1.957032665425222e-6
1625.0 1.955484413794094e-6
1626.0 1.953895302353157e-6
1627.0 1.9522658730797877e-6
1628.0000000000002 1.9505966705218434e-6
1629.0 1.9488882414817624e-6
1630.0 1.947141134704557e-6
1630.9999999999998 1.9453559005756327e-6
1632.0 1.9435330908232996e-6
1633.0 1.9416732582321245e-6
1633.9999999999998 1.9397769563583956e-6
1635.0 1.9378447392579928e-6
1636.0 1.9358771612185332e-6
1637.0 1.933874776499575e-6
1638.0 1.931838139081868e-6
1639.0000000000002 1.9297678024198505e-6
1640.0 1.927664319207069e-6
1641.0 1.925528241143701e-6
1641.9999999999998 1.923360118715287e-6
1643.0 1.921160500976356e-6
1644.0 1.918929935341799e-6
1644.9999999999998 1.9166689673871817e-6
1646.0 1.9143781406526645e-6
1647.0 1.9120579964580127e-6
1648.0 1.909709073721047e-6
1649.0 1.9073319087855443e-6
1650.0000000000002 1.9049270352543243e-6
1651.0 1.902494983830228e-6
1652.0 1.9000362821627692e-6
1652.9999999999998 1.897551454702599e-6
1654.0 1.8950410225606302e-6
1655.0 1.892505503375126e-6
1655.9999999999998 1.889945411184831e-6
1657.0 1.8873612563065554e-6
1658.0 1.884753545221473e-6
1659.0 1.8821227804654016e-6
1660.0 1.879469460525087e-6
1661.0000000000002 1.8767940797408053e-6
1662.0 1.8740971282145671e-6
1663.0 1.8713790917223061e-6
1664.0000000000002 1.8686404516342217e-6
1665.0 1.865881684836043e-6
1666.0 1.8631032636609249e-6
1666.9999999999998 1.86030565582061e-6
1668.0 1.8574893243451297e-6
1669.0 1.8546547275264475e-6
1670.0 1.851802318865775e-6
1671.0 1.8489325470257352e-6
1672.0000000000002 1.8460458557874099e-6
1673.0 1.8431426840110117e-6
1674.0 1.8402234656007343e-6
1675.0000000000002 1.8372886294727148e-6
1676.0 1.8343385995299672e-6
1677.0 1.8313737946361253e-6
1677.9999999999998 1.8283946285965271e-6
1679.0 1.8254015101421113e-6
1680.0 1.8223948429150366e-6
1681.0 1.8193750254599364e-6
1682.0 1.816342451215658e-6
1683.0000000000002 1.8132975085123183e-6
1684.0 1.8102405805699012e-6
1685.0 1.8071720455006701e-6
1686.0000000000002 1.8040922763127501e-6
1687.0 1.8010016409179845e-6
1688.0 1.7979005021407154e-6
1688.9999999999998 1.7947892177308714e-6
1690.0 1.7916681403771122e-6
1691.0 1.7885376177234746e-6
1692.0 1.7853979923878473e-6
1693.0 1.7822496019833511e-6
1694.0000000000002 1.7790927791392196e-6
1695.0 1.77592785152614e-6
1696.0 1.7727551418820014e-6
1697.0000000000002 1.76957496803812e-6
1698.0 1.7663876429507782e-6
1699.0 1.7631934747302957e-6
1699.9999999999998 1.7599927666732327e-6
1701.0 1.7567858172955952e-6
1702.0 1.7535729203683107e-6
1703.0 1.7503543649525214e-6
1704.0 1.7471304354357152e-6
1705.0000000000002 1.7439014115714564e-6
1706.0 1.74066756851575e-6
1707.0 1.7374291768705523e-6
1708.0000000000002 1.7341865027210815e-6
1709.0 1.7309398076784335e-6
1710.0 1.727689348923406e-6
1710.9999999999998 1.7244353792469373e-6
1712.0 1.7211781470951624e-6
1713.0 1.7179178966138312e-6
1714.0 1.7146548676912671e-6
1715.0 1.7113892960061266e-6
1716.0 1.7081214130706098e-6
1717.0 1.7048514462771102e-6
1718.0 1.701579618945567e-6
1719.0000000000002 1.6983061503683193e-6
1720.0 1.6950312558594475e-6
1721.0 1.6917551467985329e-6
1721.9999999999998 1.6884780306809632e-6
1723.0 1.6852001111633053e-6
1724.0 1.681921588112348e-6
1725.0 1.6786426576519254e-6
1726.0 1.6753635122100005e-6
1727.0 1.6720843405674096e-6
1728.0 1.6688053279053164e-6
1729.0 1.6655266558526335e-6
1730.0000000000002 1.6622485025325755e-6
1731.0 1.6589710426125555e-6
1732.0 1.655694447348922e-6
1732.9999999999998 1.652418884635835e-6
1734.0 1.6491445190522302e-6
1735.0 1.6458715119074671e-6
1736.0 1.6426000212891096e-6
1737.0 1.63933020210932e-6
1738.0 1.636062206150257e-6
1739.0 1.632796182111042e-6
1740.0 1.6295322756528965e-6
1741.0000000000002 1.6262706294448211e-6
1742.0 1.6230113832082798e-6
1743.0 1.6197546737619116e-6
1743.9999999999998 1.616500635067292e-6
1745.0 1.6132493982710886e-6
1746.0 1.6100010917508599e-6
1747.0 1.606755841156255e-6
1748.0 1.6035137694543833e-6
1749.0 1.6002749969709235e-6
1750.0 1.5970396414328612e-6
1751.0 1.5938078180106846e-6
1752.0000000000002 1.5905796393598732e-6
1753.0 1.5873552156611104e-6
1754.0 1.5841346546627617e-6
1754.9999999999998 1.5809180617183125e-6
1756.0 1.5777055398301334e-6
1757.0 1.574497189685249e-6
1758.0 1.571293109696014e-6
1759.0 1.5680933960394095e-6
1760.0 1.564898142693091e-6
1761.0 1.5617074414756677e-6
1762.0 1.558521382080913e-6
1763.0000000000002 1.5553400521178803e-6
1764.0 1.5521635371450158e-6
1765.0 1.548991920705945e-6
1765.9999999999998 1.5458252843674432e-6
1767.0 1.5426637077509722e-6
1768.0 1.5395072685709613e-6
1769.0 1.5363560426649795e-6
1770.0 1.5332101040312811e-6
1771.0 1.5300695248599188e-6
1772.0 1.5269343755648261e-6
1773.0 1.5238047248191242e-6
1774.0000000000002 1.5206806395841066e-6
1775.0 1.5175621851427272e-6
1776.0 1.5144494251284634e-6
1776.9999999999998 1.511342421558879e-6
1778.0 1.5082412348636349e-6
1779.0 1.5051459239143488e-6
1780.0 1.5020565460555422e-6
1781.0 1.4989731571317245e-6
1782.0 1.495895811517198e-6
1783.0 1.4928245621423753e-6
1784.0 1.4897594605242507e-6
1785.0000000000002 1.4867005567911245e-6
1786.0 1.4836478997098334e-6
1787.0 1.4806015367141247e-6
1787.9999999999998 1.4775615139276536e-6
1789.0 1.4745278761926828e-6
1790.0 1.471500667092124e-6
1791.0 1.4684799289774341e-6
1792.0 1.4654657029913598e-6
1793.0 1.4624580290914455e-6
1794.0 1.4594569460761805e-6
1795.0 1.4564624916050383e-6
1796.0000000000002 1.4534747022246726e-6
1797.0 1.4504936133881926e-6
1798.0 1.4475192594806908e-6
1798.9999999999998 1.4445516738386294e-6
1800.0 1.4415908887718046e-6
1801.0 1.438636935585842e-6
1802.0 1.4356898446012558e-6
1803.0 1.432749645174902e-6
1804.0 1.4298163657195581e-6
1805.0 1.426890033723725e-6
1806.0 1.4239706757718332e-6
1807.0000000000002 1.4210583175622068e-6
1808.0 1.4181529839274592e-6
1809.0 1.415254698850239e-6
1809.9999999999998 1.412363485484694e-6
1811.0 1.4094793661713536e-6
1812.0 1.4066023624567565e-6
1813.0 1.4037324951097672e-6
1814.0 1.4008697841386507e-6
1815.0 1.3980142488077486e-6
1816.0 1.3951659076533933e-6
1817.0 1.3923247785010599e-6
1818.0000000000002 1.3894908784803898e-6
1819.0 1.3866642240401875e-6
1820.0 1.3838448309646689e-6
1820.9999999999998 1.3810327143885119e-6
1822.0 1.3782278888101139e-6
1823.0 1.375430368107532e-6
1824.0 1.3726401655520314e-6
1825.0 1.3698572938223282e-6
1826.0 1.3670817650175355e-6
1827.0 1.364313590671338e-6
1828.0 1.3615527817656533e-6
1829.0000000000002 1.3587993487414289e-6
1830.0 1.3560533015137032e-6
1831.0 1.3533146494834944e-6
1831.9999999999998 1.3505834015486087e-6
1833.0 1.3478595661181362e-6
1834.0 1.3451431511222467e-6
1835.0 1.3424341640240743e-6
1836.0 1.3397326118323544e-6
1837.0 1.3370385011110906e-6
1838.0 1.33435183799158e-6
1839.0 1.331672628182413e-6
1840.0000000000002 1.3290008769803798e-6
1841.0 1.3263365892809265e-6
1842.0 1.3236797695884513e-6
1842.9999999999998 1.3210304220253127e-6
1844.0 1.3183885503431848e-6
1845.0 1.3157541579310893e-6
1846.0 1.313127247826218e-6
1847.0 1.3105078227217436e-6
1848.0 1.307895884977089e-6
1849.0 1.3052914366264593e-6
1850.0 1.3026944793871735e-6
1851.0000000000002 1.3001050146681259e-6
1852.0 1.2975230435799354e-6
1853.0 1.2949485669398498e-6
1853.9999999999998 1.2923815852839e-6
1855.0 1.2898220988705077e-6
1856.0 1.28727010769208e-6
1857.0 1.2847256114799102e-6
1858.0 1.2821886097137123e-6
1859.0 1.2796591016267106e-6
1860.0 1.2771370862149006e-6
1861.0 1.2746225622426251e-6
1862.0000000000002 1.2721155282502646e-6
1863.0 1.2696159825607693e-6
1864.0 1.2671239232863454e-6
1864.9999999999998 1.2646393483343575e-6
1866.0 1.2621622554146476e-6
1867.0 1.259692642044987e-6
1868.0 1.2572305055579978e-6
1869.0 1.2547758431063488e-6
1870.0 1.2523286516682827e-6
1871.0 1.2498889280550332e-6
1872.0 1.2474566689150635e-6
1873.0000000000002 1.245031870739089e-6
1874.0 1.242614529867416e-6
1875.0 1.2402046424938838e-6
1875.9999999999998 1.2378022046705708e-6
1877.0 1.2354072123144779e-6
1878.0 1.2330196612110911e-6
1878.9999999999998 1.2306395470199041e-6
1880.0 1.2282668652791439e-6
1881.0 1.225901611409763e-6
1882.0 1.2235437807216126e-6
1883.0 1.2211933684155852e-6
1884.0000000000002 1.21885036959038e-6
1885.0 1.2165147792451598e-6
1886.0 1.2141865922839604e-6
1886.9999999999998 1.2118658035208523e-6
1888.0 1.2095524076828096e-6
1889.0 1.2072463994138109e-6
1889.9999999999998 1.2049477732793244e-6
1891.0 1.202656523769015e-6
1892.0 1.2003726453015733e-6
1893.0 1.1980961322276684e-6
1894.0 1.1958269788334354e-6
1895.0000000000002 1.1935651793440609e-6
1896.0 1.1913107279271296e-6
1897.0 1.189063618695806e-6
1897.9999999999998 1.186823845712438e-6
1899.0 1.184591402990868e-6
1900.0 1.1823662845004952e-6
1900.9999999999998 1.180148484168721e-6
1902.0 1.177937995883326e-6
1903.0 1.1757348134969434e-6
1904.0 1.1735389308282943e-6
1905.0 1.1713503416652413e-6
1906.0000000000002 1.1691690397680338e-6
1907.0 1.1669950188711538e-6
1908.0 1.164828272686803e-6
1908.9999999999998 1.1626687949065268e-6
1910.0 1.160516579203426e-6
1911.0 1.1583716192358846e-6
1911.9999999999998 1.156233908647918e-6
1913.0 1.1541034410731671e-6
1914.0 1.1519802101362473e-6
1915.0 1.1498642094548589e-6
1916.0 1.1477554326416011e-6
1917.0000000000002 1.1456538733067925e-6
1918.0 1.143559525059949e-6
1919.0 1.1414723815115538e-6
1919.9999999999998 1.1393924362751215e-6
1921.0 1.1373196829687674e-6
1922.0 1.1352541152177619e-6
1922.9999999999998 1.1331957266547895e-6
1924.0 1.1311445109229006e-6
1925.0 1.1291004616764623e-6
1926.0 1.1270635725834513e-6
1927.0 1.1250338373257319e-6
1928.0000000000002 1.123011249601357e-6
1929.0 1.120995803126174e-6
1930.0 1.1189874916345107e-6
1931.0000000000002 1.1169863088815925e-6
1932.0 1.1149922486431724e-6
1933.0 1.1130053047183442e-6
1933.9999999999998 1.1110254709300194e-6
1935.0 1.1090527411263336e-6
1936.0 1.1070871091816743e-6
1937.0 1.1051285689973981e-6
1938.0 1.1031771145039034e-6
1939.0000000000002 1.1012327396608644e-6
1940.0 1.0992954384578306e-6
1941.0 1.0973652049161937e-6
1942.0000000000002 1.095442033089264e-6
1943.0 1.0935259170637751e-6
1944.0 1.0916168509603528e-6
1944.9999999999998 1.0897148289340342e-6
1946.0 1.0878198451758435e-6
1947.0 1.0859318939123917e-6
1948.0 1.0840509694074917e-6
1949.0 1.0821770659627028e-6
1950.0000000000002 1.080310177917429e-6
1951.0 1.0784502996502144e-6
1952.0 1.076597425578575e-6
1953.0000000000002 1.0747515501602344e-6
1954.0 1.072912667892723e-6
1955.0 1.0710807733151255e-6
1955.9999999999998 1.0692558610073486e-6
1957.0 1.0674379255907066e-6
1958.0 1.0656269617292173e-6
1959.0 1.06382296412874e-6
1960.0 1.0620259275381883e-6
1961.0000000000002 1.060235846748943e-6
1962.0 1.0584527165962603e-6
1963.0 1.05667653195869e-6
1964.0000000000002 1.0549072877578613e-6
1965.0 1.0531449789601856e-6
1966.0 1.0513896005754983e-6
1966.9999999999998 1.0496411476579743e-6
1968.0 1.0478996153057706e-6
1969.0 1.0461649986615417e-6
1970.0 1.0444372929120818e-6
1971.0 1.0427164932888442e-6
1972.0 1.0410025950675838e-6
1973.0 1.0392955935679897e-6
1974.0 1.0375954841543499e-6
1975.0000000000002 1.0359022622350547e-6
1976.0 1.0342159232622328e-6
1977.0 1.032536462732434e-6
1977.9999999999998 1.0308638761858047e-6
1979.0 1.0291981592056901e-6
1980.0 1.0275393074198116e-6
1981.0 1.0258873164978046e-6
1982.0 1.0242421821532175e-6
1983.0 1.0226039001418527e-6
1984.0 1.0209724662617329e-6
1985.0 1.0193478763533099e-6
1986.0000000000002 1.0177301262983987e-6
1987.0 1.0161192120203103e-6
1988.0 1.014515129483307e-6
1988.9999999999998 1.0129178746923587e-6
1990.0 1.0113274436921742e-6
1991.0 1.0097438325676457e-6
1992.0 1.0081670374427216e-6
1993.0 1.0065970544798422e-6
1994.0 1.005033879879975e-6
1995.0 1.0034775098816938e-6
1996.0 1.0019279407610142e-6
1997.0000000000002 1.000385168830064e-6
1998.0 9.988491904372714e-7
1999.0 9.973200019666452e-7
1999.9999999999998 9.957975998365458e-7
