0.0 6.194162051894753e-6
1.0 6.194196924050157e-6
2.0 6.194301545311972e-6
3.0 6.194475930099413e-6
4.0 6.194720102401219e-6
5.0 6.195034095836207e-6
6.0 6.195417953696663e-6
7.0 6.195871728870578e-6
8.0 6.19639548394064e-6
9.0 6.1969892911815254e-6
10.0 6.197653232625691e-6
10.999999999999998 6.198387400005237e-6
12.0 6.19919189490388e-6
13.000000000000002 6.200066828758889e-6
14.0 6.2010123228504685e-6
14.999999999999998 6.202028508439569e-6
16.0 6.203115526761623e-6
17.0 6.204273529138911e-6
18.0 6.205502676970372e-6
19.0 6.206803141864498e-6
20.0 6.2081751057242605e-6
21.0 6.2096187607476015e-6
21.999999999999996 6.2111343095715215e-6
23.0 6.212721965339445e-6
24.0 6.214381951805717e-6
25.0 6.216114503421946e-6
26.000000000000004 6.217919865423236e-6
27.0 6.219798293959441e-6
28.0 6.2217500561907285e-6
29.0 6.223775430414105e-6
29.999999999999996 6.225874706184613e-6
31.0 6.22804818443771e-6
32.0 6.230296177634431e-6
33.0 6.232619009869347e-6
34.0 6.235017017044009e-6
35.0 6.237490547045524e-6
36.0 6.24003995975872e-6
37.0 6.242665627474134e-6
38.0 6.24536793482008e-6
39.0 6.24814727907126e-6
40.0 6.25100407029136e-6
41.0 6.253938731511553e-6
42.0 6.2569516989795965e-6
43.0 6.260043422266335e-6
43.99999999999999 6.26321436457787e-6
45.0 6.266465002886215e-6
46.0 6.26979582823686e-6
47.0 6.273207345918052e-6
48.0 6.2767000757087e-6
49.0 6.280274552170583e-6
50.0 6.283931324873508e-6
51.0 6.287670958639767e-6
52.00000000000001 6.291494033927951e-6
53.0 6.295401146936318e-6
54.0 6.299392910061481e-6
55.0 6.303469952171419e-6
56.0 6.307632918811234e-6
57.0 6.311882472707711e-6
58.0 6.316219293928846e-6
59.0 6.320644080390198e-6
59.99999999999999 6.325157548110469e-6
61.0 6.329760431620667e-6
62.0 6.334453484320358e-6
63.0 6.339237478943616e-6
64.0 6.344113207940929e-6
65.0 6.349081483838871e-6
66.0 6.3541431397585025e-6
67.0 6.359299029873072e-6
68.0 6.364550029831621e-6
69.0 6.369897037244093e-6
70.0 6.375340972264198e-6
71.0 6.380882778012511e-6
72.0 6.386523421148698e-6
73.0 6.392263892471747e-6
74.0 6.398105207395428e-6
75.0 6.40404840663225e-6
76.0 6.410094556825631e-6
77.0 6.416244751067531e-6
78.0 6.422500109636849e-6
79.0 6.428861780755654e-6
80.0 6.435330941109913e-6
81.0 6.4419087967311015e-6
82.0 6.448596583694592e-6
83.00000000000001 6.455395568902329e-6
84.0 6.462307050917671e-6
85.0 6.469332360764712e-6
86.0 6.4764728628109525e-6
87.0 6.483729955730902e-6
87.99999999999999 6.49110507330277e-6
89.0 6.49859968548472e-6
90.0 6.5062152994466305e-6
91.0 6.513953460427328e-6
92.0 6.521815753023139e-6
92.99999999999999 6.529803802210505e-6
94.0 6.53791927445324e-6
95.0 6.546163879008377e-6
96.0 6.554539369111009e-6
97.0 6.563047543243424e-6
98.0 6.571690246560162e-6
99.00000000000001 6.580469372244105e-6
100.0 6.589386862913439e-6
101.0 6.598444712220763e-6
102.0 6.60764496628968e-6
103.0 6.616989725455697e-6
104.00000000000001 6.626481145960917e-6
105.0 6.636121441588003e-6
106.0 6.64591288558878e-6
107.0 6.655857812652086e-6
108.0 6.665958620689122e-6
108.99999999999999 6.6762177730558946e-6
110.0 6.686637800684097e-6
111.0 6.697221304215825e-6
112.0 6.7079709564743555e-6
113.0 6.718889504799003e-6
114.0 6.729979773564388e-6
115.00000000000001 6.74124466693442e-6
116.0 6.752687171498351e-6
117.0 6.764310359208588e-6
118.0 6.776117390317941e-6
119.0 6.788111516616088e-6
119.99999999999999 6.800296084641111e-6
121.0 6.812674539079804e-6
122.0 6.825250426357081e-6
123.0 6.83802739845403e-6
124.0 6.85100921664884e-6
124.99999999999999 6.864199755836265e-6
126.0 6.877603008572773e-6
127.0 6.891223089694923e-6
128.0 6.9050642411022915e-6
129.0 6.919130836437402e-6
130.0 6.93342738643937e-6
131.0 6.947958544357662e-6
132.0 6.962729111490711e-6
133.0 6.977744043284471e-6
134.0 6.993008455587053e-6
135.0 7.008527631096211e-6
136.0 7.0243070264522255e-6
137.0 7.040352279382216e-6
138.0 7.056669216407907e-6
139.0 7.073263860783797e-6
140.0 7.090142441156257e-6
141.0 7.107311400362453e-6
142.0 7.124777404824635e-6
143.0 7.142547354580026e-6
144.0 7.160628393508582e-6
145.0 7.179027920732884e-6
146.0 7.197753601951164e-6
147.0 7.216813381916464e-6
148.0 7.236215497382398e-6
149.0 7.255968490961441e-6
150.0 7.276081225532378e-6
151.0 7.2965628998770416e-6
152.0 7.317423064802001e-6
153.0 7.338671640630123e-6
154.0 7.360318935394271e-6
155.0 7.3823756644542964e-6
156.0 7.404852971006865e-6
157.0 7.42776244813822e-6
158.0 7.45111616216583e-6
159.0 7.474926677408965e-6
160.0 7.499207082585945e-6
161.0 7.523971018849112e-6
162.0 7.549232709715394e-6
163.0 7.575006993116739e-6
164.0 7.601309355047837e-6
164.99999999999997 7.6281559661955916e-6
166.00000000000003 7.655563720339313e-6
167.0 7.683550276023252e-6
168.0 7.712134100313829e-6
169.0 7.741334516477014e-6
170.0 7.771171754336272e-6
171.0 7.80166700424784e-6
172.0 7.832842475317438e-6
173.0 7.864721457239305e-6
174.0 7.897328387164221e-6
174.99999999999997 7.9306889207646e-6
175.99999999999997 7.96483000907568e-6
177.00000000000003 7.999779980964764e-6
178.0 8.035568631013842e-6
179.0 8.072227315078925e-6
180.0 8.109789051963088e-6
181.0 8.148288633757053e-6
182.0 8.187762743376178e-6
183.0 8.228250082464751e-6
184.0 8.269791507984834e-6
185.0 8.312430179675093e-6
185.99999999999997 8.35621171931082e-6
187.00000000000003 8.40118438151055e-6
188.0 8.447399238754365e-6
189.0 8.49491037974927e-6
190.0 8.543775124142727e-6
191.0 8.594054253844606e-6
192.0 8.645812261547954e-6
193.0 8.69911761999664e-6
194.0 8.754043070892086e-6
195.0 8.81066593750296e-6
196.0 8.869068460019327e-6
196.99999999999997 8.929338158509287e-6
198.00000000000003 8.991568222626636e-6
199.0 9.055857931264077e-6
200.0 9.12231310504144e-6
201.0 9.191046592165634e-6
202.0 9.26217879172822e-6
203.0 9.335838215911572e-6
204.0 9.412162093935592e-6
205.0 9.491297021777781e-6
206.0 9.573399659001919e-6
206.99999999999997 9.658637478250529e-6
208.00000000000003 9.747189568791849e-6
209.00000000000003 9.839247501018956e-6
210.0 9.935016253904002e-6
211.0 1.0034715213117235e-5
212.0 1.0138579244489593e-5
213.0 1.024685985081154e-5
214.0 1.0359826420366199e-5
215.0 1.0477767576664448e-5
216.0 1.0600992642539831e-5
217.0 1.0729833232519437e-5
217.99999999999997 1.0864644989859936e-5
219.00000000000003 1.1005809490524828e-5
220.0 1.1153736339430078e-5
221.0 1.1308865485790689e-5
222.0 1.1471669797185425e-5
223.0 1.1642657932249056e-5
224.0 1.182237756518912e-5
225.0 1.2011419017447002e-5
226.0 1.2210419372341131e-5
227.0 1.2420067152786956e-5
228.0 1.2641107658569227e-5
228.99999999999997 1.2874349081341228e-5
230.00000000000003 1.31206695286559e-5
231.0 1.3381025113506951e-5
232.0 1.3656459301243298e-5
233.0 1.3948113725960657e-5
234.0 1.4257240737419768e-5
235.0 1.458521799344525e-5
236.0 1.4933565457247965e-5
237.0 1.530396525460386e-5
238.0 1.5698284918252146e-5
238.99999999999997 1.611860467800668e-5
239.99999999999997 1.6567249593886567e-5
241.00000000000003 1.7046827512108135e-5
242.0 1.756027404855353e-5
243.0 1.811090610823475e-5
244.0 1.870248580012159e-5
245.0 1.933929709779461e-5
246.0 2.0026238161646167e-5
247.0 2.0768933037223426e-5
248.0 2.157386739237614e-5
249.0 2.2448554186225582e-5
249.99999999999997 2.34017367626287e-5
251.00000000000003 2.444363878448029e-5
252.0 2.5586272843111638e-5
253.0 2.684382249640001e-5
254.0 2.82331155590193e-5
255.0 2.9774209682636065e-5
256.0 3.149111297167942e-5
257.0 3.3412660385902576e-5
258.0 3.557355510154186e-5
259.0 3.801555090987555e-5
260.0 4.0788671752745744e-5
261.0 4.395218632405906e-5
262.0 4.7574675348189395e-5
263.0 5.173174748437666e-5
264.0 5.6498425931753545e-5
265.0 6.193045005330167e-5
266.0 6.802451779054733e-5
267.0 7.464393780322677e-5
268.0 8.140342169818004e-5
269.0 8.755058620229585e-5
270.0 9.198262654437804e-5
271.0 9.359571486368374e-5
272.0 9.190472671065592e-5
273.0 8.73858301404485e-5
274.0 8.114368121962546e-5
275.0 7.428910658676984e-5
276.0 6.758213945390542e-5
277.0 6.141190863351364e-5
278.0 5.591566274134965e-5
279.0 5.109552141501202e-5
280.0 4.6893969369161506e-5
281.0 4.3234203785796e-5
282.0 4.003906316492797e-5
283.0 3.723869308192258e-5
284.0 3.477280984996406e-5
285.0 3.259059036362798e-5
286.0 3.064965331835571e-5
287.0 2.8914801405062288e-5
288.0 2.735680820987679e-5
289.0 2.5951353028461667e-5
290.0 2.4678126314925957e-5
291.0 2.352009538262191e-5
292.0 2.2462908525341177e-5
293.0 2.149441395707444e-5
294.0 2.0604271971665222e-5
295.0 1.978364194192805e-5
296.0 1.9024929087617482e-5
297.0 1.8321578905320185e-5
298.0 1.7667909633926903e-5
299.0 1.7058975119386145e-5
300.0 1.6490452071572857e-5
301.0 1.5958546942441982e-5
302.0 1.5459918678443623e-5
303.0 1.4991614332771702e-5
304.0 1.4551015184495405e-5
305.0 1.4135791434296148e-5
306.0 1.3743863968997844e-5
307.0 1.3373371958431123e-5
308.0 1.302264528118956e-5
309.0 1.2690180980603724e-5
310.0 1.2374623084041933e-5
311.0 1.2074745244651106e-5
312.0 1.1789435763252166e-5
313.0 1.151768461985111e-5
314.0 1.125857220991751e-5
315.0 1.1011259534672189e-5
316.0 1.0774979629420637e-5
317.0 1.0549030056333907e-5
318.0 1.0332766308168266e-5
319.0 1.012559600084729e-5
320.0 9.92697374583795e-6
321.0 9.736396611909093e-6
322.0 9.553400100407205e-6
323.0 9.377554566545743e-6
324.0 9.208462031474888e-6
325.0 9.04575333566448e-6
326.0 8.889085592588446e-6
327.0 8.738139906798483e-6
328.0 8.592619323066862e-6
329.0 8.452246984480558e-6
329.99999999999994 8.316764468633853e-6
331.0 8.185930288174962e-6
332.00000000000006 8.059518534258075e-6
333.0 7.937317647878958e-6
334.0 7.819129305574666e-6
335.0 7.704767407223657e-6
336.0 7.594057155478451e-6
337.0 7.486834217424169e-6
338.0 7.3829439601669505e-6
339.0 7.282240754024369e-6
340.0 7.184587334661047e-6
340.99999999999994 7.089854220973019e-6
342.0 6.997919183154979e-6
343.00000000000006 6.9086667554219234e-6
344.0 6.821987791020263e-6
345.0 6.737779055411145e-6
346.0 6.655942855777875e-6
347.0 6.5763867027992e-6
348.0 6.499023004149351e-6
349.0 6.423768788031468e-6
349.99999999999994 6.350545454060706e-6
351.0 6.279278552252993e-6
351.99999999999994 6.2098975880718e-6
353.0 6.142335854649186e-6
354.00000000000006 6.076530290369826e-6
355.0 6.012421363583938e-6
356.0 5.949952984868134e-6
357.0 5.889072446522503e-6
358.0 5.829730391880847e-6
359.0 5.771880814814353e-6
360.0 5.71548109194195e-6
360.99999999999994 5.660492048143968e-6
362.0 5.606878058288669e-6
363.00000000000006 5.554607187087714e-6
364.0 5.5036513679412245e-6
365.0 5.453986623344227e-6
366.0 5.4055933271107635e-6
367.0 5.358456509278204e-6
368.0 5.312566201400963e-6
369.0 5.2679178202095295e-6
370.0 5.224512584008107e-6
371.0 5.182357952448134e-6
371.99999999999994 5.141468077316902e-6
373.0 5.101864245878648e-6
374.00000000000006 5.063575292502737e-6
375.0 5.02663794631722e-6
376.0 4.9910970756561e-6
377.0 4.957005781504411e-6
378.0 4.9244252836967525e-6
379.0 4.89342453960307e-6
380.0 4.864079531841959e-6
381.0 4.83647216547479e-6
382.0 4.810688726550297e-6
382.99999999999994 4.786817874685699e-6
384.0 4.764948174340241e-6
385.00000000000006 4.745165211252212e-6
386.0 4.727548390417613e-6
387.0 4.7121675643871805e-6
388.0 4.699079686500429e-6
389.0 4.688325718022537e-6
390.0 4.6799280264168136e-6
391.0 4.673888493639894e-6
392.0 4.670187503814892e-6
393.0 4.668783905010008e-6
393.99999999999994 4.669615950487095e-6
395.0 4.672603134091646e-6
396.00000000000006 4.677648757070852e-6
397.0 4.684643010303447e-6
398.0 4.693466332653937e-6
399.0 4.70399281254261e-6
400.0 4.716093430397946e-6
401.0 4.729638985968767e-6
402.0 4.744502607237148e-6
403.0 4.760561788724554e-6
404.0 4.777699951144345e-6
404.99999999999994 4.795807547415553e-6
406.0 4.8147827634089e-6
407.00000000000006 4.834531873152025e-6
408.0 4.854969313637145e-6
409.0 4.876017541438261e-6
410.0 4.897606728890056e-6
411.0 4.919674348952245e-6
412.0 4.942164689637274e-6
413.0 4.965028331224924e-6
413.99999999999994 4.988221610608191e-6
415.0 5.011706092029879e-6
416.00000000000006 5.035448056636574e-6
417.0 5.0594180199547065e-6
418.00000000000006 5.083590282265963e-6
419.0 5.107942514749914e-6
420.0 5.132455381946137e-6
421.0 5.157112200030503e-6
422.0 5.181898629536443e-6
423.0 5.2068024003813724e-6
424.0 5.231813066769096e-6
424.99999999999994 5.2569217895466435e-6
426.0 5.282121143603084e-6
427.00000000000006 5.307404947485869e-6
428.0 5.332768113304226e-6
429.0 5.358206514579873e-6
430.0 5.383716869846447e-6
431.0 5.409296640727492e-6
432.0 5.434943942000303e-6
433.0 5.460657463173586e-6
434.0 5.486436399219341e-6
435.0 5.512280390387136e-6
435.99999999999994 5.538189468915365e-6
437.0 5.564164012734018e-6
438.00000000000006 5.5902047047044735e-6
439.0 5.616312496972176e-6
440.0 5.64248857974137e-6
441.0 5.6687343538982785e-6
442.0 5.6950514070534845e-6
443.0 5.7214414926488655e-6
444.0 5.747906511451571e-6
445.0 5.774448495626624e-6
446.0 5.801069594696336e-6
446.99999999999994 5.8277720631208135e-6
448.0 5.8545582497611475e-6
449.00000000000006 5.8814305884555145e-6
450.0 5.9083915898200625e-6
451.0 5.935443834279117e-6
452.0 5.962589965823011e-6
453.0 5.989832686705605e-6
454.0 6.0171747528758385e-6
455.0 6.04461897000739e-6
456.0 6.072168190063604e-6
457.0 6.099825308495927e-6
457.99999999999994 6.127593261656595e-6
459.0 6.1554750249751516e-6
460.00000000000006 6.183473611003693e-6
461.0 6.2115920682637995e-6
462.0 6.23983347988563e-6
463.0 6.268200963045423e-6
464.0 6.296697668033556e-6
465.0 6.325326778019257e-6
466.0 6.354091508664108e-6
467.0 6.382995108035811e-6
468.0 6.412040856681361e-6
468.99999999999994 6.441232067776405e-6
470.0 6.4705720873270085e-6
471.00000000000006 6.50006429469802e-6
472.0 6.529712102960321e-6
473.0 6.559518959551064e-6
474.0 6.589488346826274e-6
475.0 6.6196237829102066e-6
476.0 6.649928822421108e-6
477.0 6.6804070572778455e-6
477.99999999999994 6.711062117762517e-6
479.0 6.741897673328158e-6
479.99999999999994 6.772917433729225e-6
481.0 6.804125150118894e-6
482.00000000000006 6.8355246160720736e-6
483.0 6.867119668823396e-6
484.0 6.898914190555926e-6
485.0 6.930912109471391e-6
486.0 6.963117401291778e-6
487.0 6.99553409045758e-6
488.0 7.0281662516471065e-6
488.99999999999994 7.0610180110270695e-6
490.0 7.094093547909728e-6
491.00000000000006 7.127397096100388e-6
492.0 7.160932945566253e-6
493.0 7.194705443964751e-6
494.0 7.228718998241694e-6
495.0 7.262978076351566e-6
496.0 7.2974872089561725e-6
497.0 7.332250991204128e-6
498.0 7.367274084457075e-6
499.0 7.40256121821472e-6
499.99999999999994 7.4381171919612e-6
501.0 7.473946877097238e-6
502.00000000000006 7.5100552189274565e-6
503.0 7.546447238733656e-6
504.0 7.5831280357863486e-6
505.0 7.620102789510537e-6
506.0 7.657376761742657e-6
507.0 7.694955298801713e-6
508.0 7.732843834011794e-6
509.0 7.771047889859454e-6
510.0 7.809573080530807e-6
510.99999999999994 7.848425114373274e-6
512.0 7.887609796386569e-6
513.0 7.927133030864403e-6
514.0 7.967000824129551e-6
515.0 8.007219287162728e-6
516.0 8.047794638570229e-6
517.0 8.088733207308935e-6
518.0 8.130041435783277e-6
519.0 8.171725882928806e-6
520.0 8.213793227187972e-6
521.0 8.256250269881511e-6
522.0 8.299103938435768e-6
523.0 8.342361289871815e-6
524.0 8.386029514143185e-6
525.0 8.430115937909537e-6
526.0 8.474628028143078e-6
527.0 8.519573395876255e-6
528.0 8.564959800230296e-6
529.0 8.610795152296704e-6
530.0 8.657087519424693e-6
531.0 8.703845129309733e-6
532.0 8.751076374457278e-6
533.0 8.798789816754014e-6
534.0 8.846994191898613e-6
535.0 8.895698414399834e-6
536.0 8.944911582305288e-6
537.0 8.99464298243575e-6
538.0 9.044902095371848e-6
539.0 9.095698601031645e-6
540.0 9.14704238411121e-6
541.0 9.198943539695286e-6
542.0 9.251412379288647e-6
543.0 9.304459436707116e-6
544.0 9.358095474440217e-6
545.0 9.412331489940966e-6
546.0 9.467178722304472e-6
547.0 9.522648659187346e-6
548.0 9.578753043627315e-6
549.0 9.635503881495422e-6
550.0 9.692913448870722e-6
551.0 9.750994299842083e-6
552.0 9.809759274254896e-6
553.0 9.869221506297228e-6
554.0 9.929394432570355e-6
555.0 9.990291801039997e-6
556.0 1.0051927680043902e-5
557.0 1.011431646751526e-5
558.0 1.017747290066115e-5
559.0 1.0241412065852534e-5
560.0 1.0306149408750541e-5
561.0 1.0371700744965917e-5
562.0 1.0438082271000031e-5
563.0 1.0505310575215404e-5
564.0 1.0573402649847299e-5
565.0 1.0642375902599693e-5
566.0 1.0712248169244391e-5
567.0 1.0783037726327906e-5
568.0 1.0854763304290081e-5
569.0 1.092744410114142e-5
570.0 1.1001099796493266e-5
571.0 1.107575056602253e-5
572.0 1.11514170964483e-5
573.0 1.1228120601013203e-5
574.0 1.1305882835377788e-5
575.0 1.1384726114092918e-5
576.0 1.1464673327626433e-5
577.0 1.154574795986056e-5
578.0 1.1627974106110736e-5
579.0 1.1711376491853495e-5
580.0 1.1795980492021594e-5
581.0 1.1881812150690173e-5
582.0 1.1968898201811142e-5
583.0 1.2057266089971298e-5
584.0 1.2146943992466773e-5
585.0 1.223796084151833e-5
586.0 1.2330346347504976e-5
587.0 1.2424131022540829e-5
588.0 1.2519346205360351e-5
589.0 1.2616024086029474e-5
590.0 1.2714197732196252e-5
591.0 1.2813901115698628e-5
592.0 1.2915169139958455e-5
593.0 1.301803766805609e-5
594.0 1.3122543551706876e-5
595.0 1.3228724660814106e-5
596.0 1.3336619913890026e-5
597.0 1.3446269309235494e-5
598.0 1.3557713956687188e-5
599.0 1.3670996110145197e-5
600.0 1.3786159200772836e-5
601.0 1.3903247871046322e-5
602.0 1.4022308008987138e-5
603.0 1.414338678356138e-5
604.0 1.4266532679862917e-5
605.0 1.4391795535491537e-5
606.0 1.4519226576821515e-5
607.0 1.4648878455886044e-5
608.0 1.4780805287026384e-5
609.0 1.491506268419671e-5
610.0 1.5051707797549595e-5
611.0 1.5190799350557624e-5
612.0 1.5332397675727816e-5
613.0 1.547656475091746e-5
614.0 1.562336423360135e-5
615.0 1.5772861494799313e-5
616.0 1.5925123651274157e-5
617.0 1.6080219595778588e-5
618.0 1.6238220025574027e-5
619.0 1.6399197467865234e-5
620.0 1.6563226302034563e-5
621.0 1.6730382778768433e-5
622.0 1.690074503383804e-5
623.0 1.7074393097963302e-5
624.0 1.7251408899480595e-5
625.0 1.743187626136417e-5
626.0 1.761588088933075e-5
627.0 1.7803510352122784e-5
628.0 1.7994854050205293e-5
629.0 1.8190003173998174e-5
630.0 1.8389050647887332e-5
631.0 1.8592091059714047e-5
632.0 1.8799220572981335e-5
633.0 1.901053681966556e-5
634.0 1.9226138771871207e-5
635.0 1.9446126588531036e-5
636.0 1.967060143485533e-5
637.0 1.989966527131044e-5
638.0 2.0133420607608413e-5
639.0 2.037197021920007e-5
640.0 2.061541682001159e-5
641.0 2.0863862687669768e-5
642.0 2.1117409235841437e-5
643.0 2.1376156527216183e-5
644.0 2.164020272143771e-5
645.0 2.1909643450479737e-5
646.0 2.218457111383765e-5
647.0 2.2465074086696436e-5
648.0 2.275123583006329e-5
649.0 2.304313389615676e-5
650.0 2.3340838816704085e-5
651.0 2.3644412865239998e-5
652.0 2.3953908681928963e-5
653.0000000000001 2.4269367749875674e-5
654.0 2.4590818710253963e-5
655.0 2.4918275505566004e-5
656.0 2.5251735339486367e-5
657.0 2.5591176440436025e-5
658.0 2.5936555620535146e-5
659.0 2.6287805619407903e-5
659.9999999999999 2.664483222486149e-5
661.0 2.7007511166435705e-5
662.0 2.737568477965283e-5
663.0 2.7749158441891526e-5
664.0000000000001 2.8127696789917886e-5
665.0 2.8511019729183004e-5
666.0 2.889879826078132e-5
667.0 2.9290650152262586e-5
668.0 2.9686135498893545e-5
669.0 3.0084752226017748e-5
670.0 3.0485931603984463e-5
670.9999999999999 3.0889033858332914e-5
672.0 3.1293343979986855e-5
673.0 3.1698067855130044e-5
674.0 3.210232885640019e-5
675.0000000000001 3.250516505520346e-5
676.0 3.2905527234497554e-5
677.0 3.330227789828873e-5
678.0 3.369419148578945e-5
679.0 3.4079956008609126e-5
680.0 3.4458176328240726e-5
681.0 3.4827379285407346e-5
681.9999999999999 3.5186020872347495e-5
683.0 3.5532495608701795e-5
684.0 3.586514823586418e-5
685.0 3.618228778278621e-5
686.0000000000001 3.648220398435697e-5
687.0 3.676318593650499e-5
688.0 3.702354278144838e-5
688.9999999999999 3.7261626099604604e-5
690.0 3.7475853580183955e-5
691.0 3.7664733435899196e-5
692.0 3.7826888934110064e-5
692.9999999999999 3.796108234494753e-5
694.0 3.806623756253625e-5
695.0 3.8141460644798665e-5
696.0 3.818605754568663e-5
697.0000000000001 3.8199548382326526e-5
698.0 3.818167768684712e-5
699.0 3.813242023405489e-5
699.9999999999999 3.805198220412585e-5
701.0 3.7940797622849475e-5
702.0 3.7799520210171145e-5
703.0 3.762901094737542e-5
703.9999999999999 3.74303218330607e-5
705.0 3.720467642965818e-5
706.0 3.6953447895895804e-5
707.0 3.667813525558021e-5
708.0000000000001 3.6380338667292764e-5
709.0 3.6061734435631776e-5
710.0 3.572405044776456e-5
710.9999999999999 3.536904263754876e-5
712.0 3.499847297945463e-5
713.0 3.461408940310227e-5
714.0 3.421760790855964e-5
715.0000000000001 3.381069705344662e-5
716.0 3.339496488402401e-5
717.0 3.2971948294555545e-5
718.0 3.2543104729579965e-5
719.0000000000001 3.2109806086819236e-5
720.0 3.167333463577565e-5
721.0 3.123488074313649e-5
721.9999999999999 3.0795542180124106e-5
723.0 3.0356324784489493e-5
724.0 2.9918144251782896e-5
725.0 2.9481828846560245e-5
726.0000000000001 2.904812283605958e-5
727.0 2.8617690468325626e-5
728.0 2.819112033820752e-5
729.0 2.7768930004913882e-5
730.0 2.7351570743860613e-5
731.0 2.693943233658186e-5
732.0 2.653284781870017e-5
732.9999999999999 2.6132098123112235e-5
734.0 2.573741656901667e-5
735.0 2.5348993159436746e-5
736.0 2.4966978664088298e-5
737.0000000000001 2.459148846530915e-5
738.0 2.422260616265171e-5
739.0 2.386038692869518e-5
740.0 2.3504860618910755e-5
741.0 2.3156034640477434e-5
742.0 2.2813896585696846e-5
743.0 2.2478416643236016e-5
743.9999999999999 2.214954979512927e-5
745.0 2.1827237813496536e-5
746.0 2.1511411069318522e-5
747.0 2.1201990165424668e-5
748.0000000000001 2.0898887408057545e-5
749.0 2.0602008127277528e-5
750.0 2.0311251860428186e-5
751.0 2.0026513408742645e-5
752.0 1.974768377866544e-5
753.0 1.9474651018139374e-5
754.0 1.920730095722264e-5
754.9999999999999 1.8945517862405426e-5
756.0 1.8689185012476473e-5
757.0 1.8438185203704297e-5
758.0 1.8192401191988063e-5
759.0000000000001 1.79517160771354e-5
760.0 1.7716013636326668e-5
761.0 1.748517861190316e-5
762.0 1.725909695737498e-5
763.0 1.703765604775452e-5
764.0 1.682074485650658e-5
765.0 1.6608254104007585e-5
765.9999999999999 1.640007638016123e-5
767.0 1.6196106244144974e-5
768.0 1.5996240303965305e-5
769.0 1.580037727867432e-5
770.0000000000001 1.5608418044179294e-5
771.0 1.5420265666297546e-5
772.0 1.5235825420893684e-5
773.0 1.5055004804256118e-5
774.0 1.4877713533930253e-5
775.0 1.4703863541786881e-5
776.0 1.4533368960257613e-5
776.9999999999999 1.4366146102920174e-5
778.0 1.4202113439783958e-5
779.0 1.4041191568552755e-5
780.0 1.3883303182291802e-5
781.0000000000001 1.3728373034155262e-5
782.0 1.3576327899760412e-5
783.0 1.3427096537439977e-5
784.0 1.3280609647112739e-5
785.0 1.3136799827842059e-5
786.0 1.2995601534669203e-5
787.0 1.2856951034746133e-5
787.9999999999999 1.2720786363154226e-5
789.0 1.2587047278522865e-5
790.0 1.2455675218880613e-5
791.0 1.2326613257408217e-5
792.0000000000001 1.219980605884915e-5
793.0 1.2075199836061414e-5
794.0 1.1952742307368781e-5
795.0 1.1832382654389724e-5
796.0 1.1714071480612848e-5
797.0 1.1597760770675538e-5
798.0 1.1483403850641081e-5
798.9999999999999 1.1370955348758156e-5
800.0 1.1260371157406249e-5
801.0 1.1151608395817858e-5
802.0 1.1044625373690072e-5
803.0000000000001 1.0939381555648853e-5
804.0 1.08358375267002e-5
805.0 1.0733954958722051e-5
806.0 1.0633696577612389e-5
807.0 1.0535026131464195e-5
808.0 1.0437908359737623e-5
809.0 1.0342308963208889e-5
809.9999999999999 1.0248194574735797e-5
811.0 1.0155532731080695e-5
812.0 1.0064291845415809e-5
813.0 9.974441180709202e-6
814.0000000000001 9.885950823920504e-6
815.0 9.798791661016052e-6
816.0 9.71293535270779e-6
816.9999999999999 9.62835431099985e-6
818.0 9.545021676430268e-6
819.0 9.462911296059573e-6
820.0 9.381997702153326e-6
820.9999999999999 9.302256091505969e-6
822.0 9.223662305475162e-6
823.0 9.146192810596133e-6
824.0 9.069824679951888e-6
825.0000000000001 8.994535574913536e-6
826.0 8.920303727707008e-6
827.0 8.847107924355591e-6
827.9999999999999 8.774927488282124e-6
829.0 8.70374226444054e-6
830.0 8.633532603893238e-6
831.0 8.564279348930506e-6
832.0000000000001 8.495963818635682e-6
833.0 8.428567795020004e-6
834.0 8.362073509428563e-6
835.0 8.296463629595202e-6
836.0000000000001 8.231721246872054e-6
837.0 8.167829864134186e-6
838.0 8.104773383837917e-6
838.9999999999999 8.042536096639388e-6
840.0 7.981102670249315e-6
841.0 7.920458138740893e-6
842.0 7.860587892123925e-6
843.0000000000001 7.801477666296357e-6
844.0 7.743113533300107e-6
845.0 7.685481891923085e-6
846.0 7.6285694585134435e-6
847.0000000000001 7.572363258136164e-6
848.0 7.51685061608548e-6
849.0 7.462019149491987e-6
849.9999999999999 7.407856759336711e-6
851.0 7.354351622675166e-6
852.0 7.3014921850475425e-6
853.0 7.249267153221596e-6
854.0000000000001 7.197665488095413e-6
855.0 7.146676397823623e-6
856.0 7.0962893311747925e-6
857.0 7.046493971096473e-6
858.0 6.997280228465545e-6
859.0 6.948638236001142e-6
860.0 6.900558342436861e-6
860.9999999999999 6.853031106805954e-6
862.0 6.8060472929068705e-6
863.0 6.759597863966064e-6
864.0 6.713673977443175e-6
865.0000000000001 6.668266980001963e-6
866.0 6.623368402584297e-6
867.0 6.578969955705108e-6
868.0 6.535063524847862e-6
869.0 6.491641165973231e-6
870.0 6.448695101236841e-6
871.0 6.406217714707232e-6
871.9999999999999 6.3642015483633145e-6
873.0 6.3226392980604784e-6
874.0 6.281523809735819e-6
875.0 6.240848075641595e-6
876.0000000000001 6.200605230732449e-6
877.0 6.160788549116277e-6
878.0 6.121391440660891e-6
879.0 6.082407447638738e-6
880.0 6.043830241517292e-6
881.0 6.005653619805066e-6
882.0 5.967871503019841e-6
882.9999999999999 5.930477931708038e-6
884.0 5.893467063553623e-6
885.0 5.8568331706058355e-6
886.0 5.820570636523623e-6
887.0000000000001 5.78467395393937e-6
888.0 5.7491377219112775e-6
889.0 5.713956643377873e-6
890.0 5.679125522756314e-6
891.0 5.6446392635443075e-6
892.0 5.6104928660486985e-6
893.0 5.576681425106951e-6
893.9999999999999 5.54320012794893e-6
895.0 5.510044252033029e-6
896.0 5.477209163025683e-6
897.0 5.4446903127581065e-6
898.0000000000001 5.412483237269583e-6
899.0 5.380583554939453e-6
900.0 5.34898696458527e-6
901.0 5.317689243688408e-6
902.0 5.286686246640914e-6
903.0 5.255973903010881e-6
904.0 5.225548215909485e-6
904.9999999999999 5.195405260318701e-6
906.0 5.165541181566906e-6
907.0 5.13595219374038e-6
908.0 5.106634578212128e-6
909.0000000000001 5.0775846821657445e-6
910.0 5.0487989171897295e-6
911.0 5.020273757846747e-6
912.0 4.992005740383591e-6
913.0 4.963991461344232e-6
914.0 4.936227576332024e-6
915.0 4.908710798734356e-6
915.9999999999999 4.881437898507125e-6
917.0 4.854405700988546e-6
918.0 4.8276110857133e-6
919.0 4.80105098530314e-6
920.0000000000001 4.774722384352843e-6
921.0 4.7486223183568215e-6
922.0 4.722747872643047e-6
923.0 4.697096181351977e-6
924.0 4.671664426449411e-6
925.0 4.646449836728206e-6
926.0 4.621449686863094e-6
926.9999999999999 4.596661296489975e-6
928.0 4.572082029275884e-6
929.0 4.547709292052861e-6
930.0 4.523540533932403e-6
931.0000000000001 4.499573245488859e-6
932.0 4.475804957895298e-6
933.0 4.4522332421440655e-6
934.0 4.428855708267674e-6
935.0 4.405670004537158e-6
936.0 4.38267381674202e-6
937.0 4.359864867447682e-6
937.9999999999999 4.3372409152620695e-6
939.0 4.314799754169757e-6
940.0 4.292539212818297e-6
941.0 4.270457153863413e-6
942.0000000000001 4.248551473310764e-6
943.0 4.226820099887248e-6
944.0 4.20526099440606e-6
944.9999999999999 4.183872149169496e-6
946.0 4.162651587358737e-6
947.0 4.141597362462002e-6
948.0 4.1207075577058685e-6
948.9999999999999 4.099980285493129e-6
950.0 4.079413686859481e-6
951.0 4.059005930940807e-6
952.0 4.038755214464952e-6
953.0000000000001 4.018659761219872e-6
954.0 3.998717821574508e-6
955.0 3.978927671987788e-6
955.9999999999999 3.959287614524865e-6
957.0 3.93979597640299e-6
958.0 3.920451109530684e-6
959.0 3.901251390047302e-6
959.9999999999999 3.882195217916803e-6
961.0 3.863281016472037e-6
962.0 3.844507232018095e-6
963.0 3.825872333401492e-6
964.0000000000001 3.8073748116347626e-6
965.0 3.7890131794819555e-6
966.0 3.7707859710928077e-6
966.9999999999999 3.752691741615712e-6
968.0 3.7347290668333993e-6
969.0 3.716896542805073e-6
970.0 3.6991927855132694e-6
971.0000000000001 3.681616430518358e-6
972.0 3.6641661326170067e-6
973.0 3.646840565511214e-6
974.0 3.6296384215018487e-6
975.0000000000001 3.6125584111405994e-6
976.0 3.5955992629466627e-6
977.0 3.578759723082513e-6
977.9999999999999 3.5620385550646135e-6
979.0 3.545434539476683e-6
980.0 3.5289464736718307e-6
981.0 3.512573171493693e-6
982.0000000000001 3.496313463008017e-6
983.0 3.4801661942281912e-6
984.0 3.4641302268573856e-6
985.0 3.4482044380145936e-6
986.0 3.432387720002519e-6
987.0 3.416678980031464e-6
988.0 3.4010771400103834e-6
988.9999999999999 3.3855811362754034e-6
990.0 3.370189919376034e-6
991.0 3.3549024538331265e-6
992.0 3.3397177179245354e-6
993.0000000000001 3.3246347034533766e-6
994.0 3.3096524155437957e-6
995.0 3.2947698724161233e-6
996.0 3.2799861051872958e-6
997.0 3.2653001576636507e-6
998.0 3.250711086140996e-6
999.0 3.236217959208173e-6
999.9999999999999 3.221819857552873e-6
1001.0 3.2075158737734924e-6
1002.0 3.1933051121999988e-6
1003.0 3.179186688702234e-6
1004.0000000000001 3.165159730511329e-6
1005.0 3.151223376059861e-6
1006.0 3.137376774788833e-6
1007.0 3.1236190869935722e-6
1008.0 3.109949483659696e-6
1009.0 3.0963671462864544e-6
1010.0 3.0828712667397244e-6
1010.9999999999999 3.0694610470987317e-6
1012.0 3.056135699486203e-6
1013.0 3.042894445931728e-6
1014.0 3.02973651822541e-6
1015.0000000000001 3.0166611577627653e-6
1016.0 3.003667615405948e-6
1017.0 2.990755151349489e-6
1018.0 2.9779230349741436e-6
1019.0 2.965170544726218e-6
1020.0 2.9524969679616837e-6
1021.0 2.9399016008452104e-6
1021.9999999999999 2.927383748193676e-6
1023.0 2.9149427233787545e-6
1024.0 2.9025778481845626e-6
1025.0 2.8902884526861684e-6
1026.0 2.8780738751535567e-6
1027.0 2.865933461904085e-6
1028.0 2.853866567215695e-6
1029.0 2.8418725531888262e-6
1030.0 2.82995078966304e-6
1031.0 2.818100654087807e-6
1032.0 2.806321531427322e-6
1033.0 2.794612814048152e-6
1034.0 2.7829739016226636e-6
1035.0 2.7714042010266423e-6
1036.0 2.7599031262409675e-6
1037.0 2.748470098248327e-6
1038.0 2.73710454494506e-6
1039.0 2.725805901046586e-6
1040.0 2.7145736079876212e-6
1041.0 2.7034071138410805e-6
1042.0 2.6923058732195358e-6
1043.0 2.6812693471990857e-6
1044.0 2.670297003221926e-6
1045.0 2.659388315017601e-6
1046.0 2.648542762519675e-6
1047.0 2.6377598317811656e-6
1048.0 2.627039014898284e-6
1049.0 2.616379809928404e-6
1050.0 2.60578172081553e-6
1051.0 2.5952442573100853e-6
1052.0 2.5847669348984342e-6
1053.0 2.5743492747244375e-6
1054.0 2.5639908035179726e-6
1055.0 2.553691053536839e-6
1056.0 2.5434495624672734e-6
1057.0 2.5332658733902134e-6
1058.0 2.52313953468723e-6
1059.0 2.5130700999865365e-6
1060.0 2.5030571280983203e-6
1061.0 2.493100182937627e-6
1062.0 2.4831988334870563e-6
1063.0 2.4733526536998127e-6
1064.0 2.463561222474347e-6
1065.0 2.4538241235658752e-6
1066.0 2.444140945545107e-6
1067.0 2.43451128173291e-6
1068.0 2.424934730145218e-6
1069.0 2.41541089343616e-6
1070.0 2.4059393788439985e-6
1071.0 2.3965197981352634e-6
1072.0 2.387151767552663e-6
1073.0 2.377834907764035e-6
1074.0 2.3685688438106696e-6
1075.0 2.3593532050498184e-6
1076.0 2.3501876251211984e-6
1077.0 2.3410717418742763e-6
1078.0 2.3320051973459236e-6
1079.0 2.322987637691876e-6
1080.0 2.314018713152807e-6
1081.0 2.3050980780054233e-6
1082.0 2.2962253905107013e-6
1083.0 2.2874003128871228e-6
1084.0 2.27862251124164e-6
1085.0 2.269891655552218e-6
1086.0 2.2612074196078414e-6
1087.0 2.2525694809763995e-6
1088.0 2.243977520962028e-6
1089.0 2.235431224560818e-6
1090.0 2.2269302804275733e-6
1091.0 2.218474380833988e-6
1092.0 2.2100632216315737e-6
1093.0 2.2016965022121346e-6
1094.0 2.193373925473356e-6
1095.0 2.1850951977817173e-6
1096.0 2.176860028935224e-6
1097.0 2.168668132131889e-6
1098.0 2.160519223931591e-6
1099.0 2.152413024225707e-6
1100.0 2.1443492561993046e-6
1101.0 2.1363276463020286e-6
1102.0 2.128347924217205e-6
1103.0 2.1204098228225087e-6
1104.0 2.1125130781673643e-6
1105.0 2.10465742943914e-6
1106.0 2.096842618926184e-6
1107.0 2.0890683920045335e-6
1108.0 2.0813344970909887e-6
1109.0 2.0736406856214965e-6
1110.0 2.0659867120298294e-6
1111.0 2.0583723337052095e-6
1112.0 2.050797310979191e-6
1113.0 2.043261407086279e-6
1114.0 2.0357643881515707e-6
1115.0 2.0283060231462822e-6
1116.0 2.0208860838798093e-6
1117.0 2.013504344967668e-6
1118.0 2.006160583801325e-6
1119.0 1.998854580529285e-6
1120.0 1.9915861180364795e-6
1121.0 1.9843549819102386e-6
1122.0 1.9771609604273334e-6
1123.0 1.9700038445264913e-6
1124.0 1.9628834277848175e-6
1125.0 1.955799506395932e-6
1126.0 1.948751879151256e-6
1127.0 1.941740347416286e-6
1128.0 1.93476471510803e-6
1129.0 1.9278247886750354e-6
1130.0 1.920920377081897e-6
1131.0 1.9140512917775937e-6
1132.0 1.9072173466876895e-6
1133.0 1.9004183581883775e-6
1134.0 1.893654145087021e-6
1135.0 1.8869245286072874e-6
1136.0 1.8802293323671972e-6
1137.0 1.8735683823574663e-6
1138.0 1.8669415069321397e-6
1139.0 1.8603485367850019e-6
1140.0 1.853789304927958e-6
1141.0 1.8472636466847973e-6
1142.0 1.8407713996642351e-6
1143.0 1.8343124037482053e-6
1144.0 1.8278865010739068e-6
1145.0 1.8214935360150006e-6
1146.0 1.8151333551706303e-6
1147.0 1.8088058073453984e-6
1148.0 1.8025107435373124e-6
1149.0 1.796248016916886e-6
1150.0 1.7900174828181494e-6
1151.0 1.7838189987183283e-6
1152.0 1.777652424229514e-6
1153.0 1.7715176210764462e-6
1154.0 1.765414453090235e-6
1155.0 1.759342786185183e-6
1156.0 1.7533024883525941e-6
1157.0 1.7472934296441133e-6
1158.0 1.7413154821600371e-6
1159.0 1.7353685200312653e-6
1160.0 1.7294524194097871e-6
1161.0 1.7235670584570751e-6
1162.0 1.7177123173292955e-6
1163.0 1.711888078162997e-6
1164.0 1.706094225066544e-6
1165.0 1.700330644103903e-6
1166.0 1.6945972232872384e-6
1167.0 1.688893852561645e-6
1168.0 1.6832204237944522e-6
1169.0 1.6775768307626565e-6
1170.0 1.6719629691446259e-6
1171.0 1.666378736506001e-6
1172.0 1.660824032290392e-6
1173.0 1.6552987578074412e-6
1174.0 1.6498028162233881e-6
1175.0 1.6443361125515055e-6
1176.0 1.6388985536364341e-6
1177.0 1.6334900481540363e-6
1178.0 1.628110506593605e-6
1179.0 1.6227598412486188e-6
1180.0 1.6174379662104261e-6
1181.0 1.6121447973615968e-6
1182.0 1.6068802523583718e-6
1183.0 1.6016442506304702e-6
1184.0 1.5964367133663813e-6
1185.0 1.591257563510559e-6
1186.0 1.5861067257482273e-6
1187.0 1.5809841265069077e-6
1188.0 1.5758896939404126e-6
1189.0 1.5708233579265672e-6
1190.0 1.5657850500575784e-6
1191.0 1.5607747036346672e-6
1192.0 1.555792253661298e-6
1193.0 1.5508376368379026e-6
1194.0 1.5459107915534055e-6
1195.0 1.541011657883162e-6
1196.0 1.5361401775826248e-6
1197.0 1.5312962940796134e-6
1198.0 1.526479952477375e-6
1199.0 1.521691099539872e-6
1200.0 1.5169296836991813e-6
1201.0 1.512195655045896e-6
1202.0 1.5074889653265912e-6
1203.0 1.5028095679452645e-6
1204.0 1.4981574179595872e-6
1205.0 1.493532472078092e-6
1206.0 1.488934688662951e-6
1207.0 1.4843640277261817e-6
1208.0 1.4798204509350643e-6
1209.0 1.4753039216104662e-6
1210.0 1.4708144047254447e-6
1211.0 1.4663518669158348e-6
1212.0 1.4619162764773457e-6
1213.0 1.457507603370548e-6
1214.0 1.4531258192287847e-6
1215.0 1.4487708973603026e-6
1216.0 1.4444428127554079e-6
1217.0 1.4401415420979618e-6
1218.0 1.4358670637670516e-6
1219.0 1.4316193578511197e-6
1220.0 1.4273984061578186e-6
1221.0 1.4232041922255256e-6
1222.0 1.4190367013324934e-6
1223.0 1.4148959205155259e-6
1224.0 1.4107818385824928e-6
1225.0 1.4066944461276174e-6
1226.0 1.4026337355504465e-6
1227.0 1.3985997010744708e-6
1228.0 1.3945923387673103e-6
1229.0 1.3906116465605795e-6
1230.0 1.3866576242760402e-6
1231.0 1.3827302736483041e-6
1232.0 1.378829598350922e-6
1233.0 1.374955604024751e-6
1234.0 1.3711082983081386e-6
1235.0 1.367287690868657e-6
1236.0 1.363493793433837e-6
1237.0 1.3597266198274915e-6
1238.0 1.355986186008712e-6
1239.0 1.3522725101062734e-6
1240.0 1.3485856124656983e-6
1241.0 1.3449255156841144e-6
1242.0 1.3412922446628797e-6
1243.0 1.3376858266497274e-6
1244.0 1.3341062912908687e-6
1245.0 1.3305536706817492e-6
1246.0 1.3270279994182877e-6
1247.0 1.3235293146593499e-6
1248.0 1.3200576561760143e-6
1249.0 1.316613066421728e-6
1250.0 1.3131955905878473e-6
1251.0 1.3098052766729404e-6
1252.0 1.306442175550132e-6
1253.0 1.3031063410364562e-6
1254.0 1.2997978299650878e-6
1255.0 1.296516702261272e-6
1256.0 1.293263021018777e-6
1257.0 1.2900368525783789e-6
1258.0 1.2868382666116321e-6
1259.0 1.2836673362026069e-6
1260.0 1.2805241379341563e-6
1261.0 1.2774087519758005e-6
1262.0 1.2743212621736626e-6
1263.0 1.2712617561428608e-6
1264.0 1.2682303253576755e-6
1265.0 1.265227065248792e-6
1266.0 1.2622520752986774e-6
1267.0 1.2593054591372307e-6
1268.0 1.256387324641235e-6
1269.0 1.2534977840320159e-6
1270.0 1.2506369539745703e-6
1271.0 1.247804955677231e-6
1272.0 1.245001914989033e-6
1273.0 1.242227962500413e-6
1274.0 1.2394832336377612e-6
1275.0 1.2367678687613779e-6
1276.0 1.2340820132603485e-6
1277.0 1.2314258176435012e-6
1278.0 1.228799437628285e-6
1279.0 1.2262030342297528e-6
1280.0 1.2236367738390326e-6
1281.0 1.2211008283060458e-6
1282.0 1.2185953750087345e-6
1283.0 1.216120596923219e-6
1284.0 1.2136766826818133e-6
1285.0 1.2112638266308744e-6
1286.0 1.2088822288728311e-6
1287.0 1.2065320953055128e-6
1288.0 1.2042136376499736e-6
1289.0 1.2019270734662587e-6
1290.0 1.19967262616118e-6
1291.0 1.1974505249793883e-6
1292.0 1.1952610049858534e-6
1293.0 1.1931043070310928e-6
1294.0 1.190980677701995e-6
1295.0 1.188890369255423e-6
1296.0 1.1868336395377719e-6
1297.0 1.1848107518803845e-6
1298.0 1.1828219749825767e-6
1299.0 1.1808675827681339e-6
1300.0 1.1789478542236383e-6
1301.0 1.17706307321448e-6
1302.0 1.175213528275324e-6
1303.0 1.173399512378455e-6
1304.0 1.1716213226760547e-6
1305.0 1.1698792602156774e-6
1306.0000000000002 1.168173629630093e-6
1307.0 1.1665047387993808e-6
1308.0 1.164872898483894e-6
1308.9999999999998 1.1632784219305336e-6
1310.0 1.1617216244478205e-6
1311.0 1.1602028229540416e-6
1312.0 1.1587223354931674e-6
1313.0 1.1572804807247875e-6
1314.0 1.155877577381317e-6
1315.0 1.1545139436994554e-6
1316.0 1.1531898968208192e-6
1317.0000000000002 1.1519057521659486e-6
1318.0 1.150661822781413e-6
1319.0 1.1494584186609683e-6
1319.9999999999998 1.1482958460423201e-6
1321.0 1.1471744066802008e-6
1322.0 1.1460943970991944e-6
1323.0 1.1450561078257408e-6
1324.0 1.144059822604172e-6
1325.0 1.1431058175958832e-6
1326.0 1.1421943605677612e-6
1327.0 1.1413257100687027e-6
1328.0000000000002 1.1405001146003572e-6
1329.0 1.1397178117836103e-6
1330.0 1.1389790275219829e-6
1330.9999999999998 1.1382839751706345e-6
1332.0 1.1376328547083606e-6
1333.0 1.137025851918469e-6
1334.0 1.1364631375834734e-6
1335.0 1.1359448666949102e-6
1336.0 1.1354711776821806e-6
1337.0 1.135042191665176e-6
1338.0 1.1346580117321731e-6
1339.0000000000002 1.1343187222465446e-6
1340.0 1.1340243881897271e-6
1341.0 1.1337750545338448e-6
1341.9999999999998 1.1335707456578707e-6
1343.0 1.1334114648043354e-6
1344.0 1.1332971935740945e-6
1345.0 1.1332278914737032e-6
1346.0 1.1332034955067261e-6
1347.0 1.1332239198105994e-6
1348.0 1.1332890553493372e-6
1349.0 1.133398769652757e-6
1350.0000000000002 1.1335529066065117e-6
1351.0 1.1337512862973775e-6
1352.0 1.1339937049029216e-6
1352.9999999999998 1.1342799346372976e-6
1354.0 1.1346097237441141e-6
1355.0 1.13498279653594e-6
1356.0 1.1353988534825086e-6
1357.0 1.1358575713410662e-6
1358.0 1.1363586033331418e-6
1359.0 1.1369015793567002e-6
1360.0 1.1374861062377036e-6
1361.0000000000002 1.1381117680166854e-6
1362.0 1.1387781262662892e-6
1363.0 1.1394847204375104e-6
1363.9999999999998 1.140231068231662e-6
1365.0 1.141016665991261e-6
1366.0 1.1418409891153432e-6
1366.9999999999998 1.1427034924883186e-6
1368.0 1.1436036109158515e-6
1369.0 1.1445407595799975e-6
1370.0 1.1455143344922218e-6
1371.0 1.1465237129548823e-6
1372.0000000000002 1.1475682540237585e-6
1373.0 1.1486472989660842e-6
1374.0 1.1497601717159879e-6
1374.9999999999998 1.1509061793285966e-6
1376.0 1.15208461242178e-6
1377.0 1.1532947456091098e-6
1377.9999999999998 1.1545358379264283e-6
1379.0 1.1558071332472747e-6
1380.0 1.1571078606831065e-6
1381.0 1.1584372349750073e-6
1382.0 1.1597944568700948e-6
1383.0000000000002 1.1611787134948184e-6
1384.0 1.1625891787022793e-6
1385.0 1.1640250134264967e-6
1385.9999999999998 1.1654853660074496e-6
1387.0 1.1669693725254883e-6
1388.0 1.168476157119725e-6
1388.9999999999998 1.1700048322950224e-6
1390.0 1.1715544992392747e-6
1391.0 1.1731242481210346e-6
1392.0 1.1747131584042279e-6
1393.0 1.1763202991436978e-6
1394.0000000000002 1.1779447293017054e-6
1395.0 1.1795854980623056e-6
1396.0 1.1812416451447935e-6
1396.9999999999998 1.182912201141156e-6
1398.0 1.1845961878527158e-6
1399.0 1.1862926186418438e-6
1399.9999999999998 1.1880004988018e-6
1401.0 1.1897188259375092e-6
1402.0 1.1914465903638879e-6
1403.0 1.1931827755294015e-6
1404.0 1.1949263584501488e-6
1405.0000000000002 1.1966763101719974e-6
1406.0 1.1984315962500931e-6
1407.0 1.2001911772569765e-6
1407.9999999999998 1.2019540093057956e-6
1409.0 1.2037190446019686e-6
1410.0 1.2054852320203455e-6
1410.9999999999998 1.2072515176985937e-6
1412.0 1.2090168456626455e-6
1413.0 1.210780158466112e-6
1414.0 1.2125403978601424e-6
1415.0 1.2142965054784134e-6
1416.0000000000002 1.2160474235450446e-6
1417.0 1.2177920956036169e-6
1418.0 1.219529467257658e-6
1419.0000000000002 1.2212584869361658e-6
1420.0 1.2229781066643554e-6
1421.0 1.2246872828584784e-6
1421.9999999999998 1.2263849771213013e-6
1423.0 1.2280701570537339e-6
1424.0 1.229741797072632e-6
1425.0 1.23139887923036e-6
1426.0 1.2330403940432951e-6
1427.0000000000002 1.2346653413148663e-6
1428.0 1.2362727309649034e-6
1429.0 1.23786158384943e-6
1430.0000000000002 1.2394309325772402e-6
1431.0 1.2409798223220567e-6
1432.0 1.2425073116170266e-6
1432.9999999999998 1.244012473147231e-6
1434.0 1.2454943945184197e-6
1435.0 1.2469521790199344e-6
1436.0 1.2483849463614576e-6
1437.0 1.249791833394364e-6
1438.0000000000002 1.2511719948120156e-6
1439.0 1.25252460382269e-6
1440.0 1.2538488528046325e-6
1441.0000000000002 1.255143953928139e-6
1442.0 1.2564091397566225e-6
1443.0 1.2576436638139035e-6
1443.9999999999998 1.2588468011220434e-6
1445.0 1.2600178487138298e-6
1446.0 1.261156126106142e-6
1447.0 1.2622609757451643e-6
1448.0 1.263331763415493e-6
1449.0000000000002 1.2643678786204803e-6
1450.0 1.2653687349215882e-6
1451.0 1.2663337702462072e-6
1452.0000000000002 1.2672624471635408e-6
1453.0 1.2681542531191936e-6
1454.0 1.2690087006383427e-6
1454.9999999999998 1.2698253274970535e-6
1456.0 1.270603696848573e-6
1457.0 1.2713433973269193e-6
1458.0 1.2720440431109247e-6
1459.0 1.272705273949156e-6
1460.0 1.2733267551628744e-6
1461.0 1.273908177605597e-6
1462.0 1.2744492575993284e-6
1463.0000000000002 1.2749497368316905e-6
1464.0 1.2754093822276192e-6
1465.0 1.2758279857897857e-6
1465.9999999999998 1.2762053644086628e-6
1467.0 1.2765413596502583e-6
1468.0 1.2768358375100761e-6
1469.0 1.2770886881430902e-6
1470.0 1.277299825573765e-6
1471.0 1.277469187375091e-6
1472.0 1.2775967343298946e-6
1473.0 1.2776824500701285e-6
1474.0000000000002 1.2777263406948943e-6
1475.0 1.2777284343676234e-6
1476.0 1.2776887808985616e-6
1476.9999999999998 1.2776074513098443e-6
1478.0 1.2774845373824131e-6
1479.0 1.2773201511902582e-6
1480.0 1.2771144246229007e-6
1481.0 1.2768675088922176e-6
1482.0 1.2765795740301468e-6
1483.0 1.2762508083790676e-6
1484.0 1.275881418065662e-6
1485.0000000000002 1.2754716264777616e-6
1486.0 1.2750216737264832e-6
1487.0 1.274531816105062e-6
1487.9999999999998 1.274002325544148e-6
1489.0 1.2734334890638462e-6
1490.0 1.2728256082209876e-6
1491.0 1.272178998556914e-6
1492.0 1.2714939890446604e-6
1493.0 1.2707709215327855e-6
1494.0 1.2700101501972696e-6
1495.0 1.269212040986378e-6
1496.0000000000002 1.2683769710766688e-6
1497.0 1.267505328325045e-6
1498.0 1.2665975107314368e-6
1498.9999999999998 1.2656539259001998e-6
1500.0 1.2646749905123927e-6
1501.0 1.263661129798727e-6
1502.0 1.262612777023924e-6
1503.0 1.2615303729747341e-6
1504.0 1.2604143654572014e-6
1505.0 1.2592652088016463e-6
1506.0 1.2580833633749245e-6
1507.0000000000002 1.2568692951040954e-6
1508.0 1.2556234750062655e-6
1509.0 1.254346378731381e-6
1509.9999999999998 1.25303848611038e-6
1511.0 1.2517002807177238e-6
1512.0 1.2503322494430663e-6
1513.0 1.2489348820710615e-6
1514.0 1.2475086708753578e-6
1515.0 1.246054110221061e-6
1516.0 1.2445716961798257e-6
1517.0 1.243061926153791e-6
1518.0000000000002 1.241525298514005e-6
1519.0 1.239962312246368e-6
1520.0 1.238373466612389e-6
1520.9999999999998 1.236759260817827e-6
1522.0 1.2351201936955713e-6
1523.0 1.2334567633982674e-6
1524.0 1.2317694671011515e-6
1525.0 1.2300588007187305e-6
1526.0 1.2283252586294707e-6
1527.0 1.2265693334144618e-6
1528.0 1.2247915156032623e-6
1529.0000000000002 1.2229922934349153e-6
1530.0 1.2211721526245835e-6
1531.0 1.2193315761451544e-6
1531.9999999999998 1.217471044016564e-6
1533.0 1.215591033105099e-6
1534.0 1.2136920169340622e-6
1535.0 1.211774465503452e-6
1536.0 1.209838845118641e-6
1537.0 1.2078856182293427e-6
1538.0 1.2059152432776334e-6
1539.0 1.2039281745537253e-6
1540.0000000000002 1.201924862062924e-6
1541.0 1.1999057513980593e-6
1542.0 1.1978712836228256e-6
1542.9999999999998 1.1958218951617216e-6
1544.0 1.1937580176990419e-6
1545.0 1.1916800780835707e-6
1546.0 1.1895884982433382e-6
1547.0 1.1874836951053329e-6
1548.0 1.185366080523419e-6
1549.0 1.1832360612130548e-6
1550.0 1.181094038691295e-6
1551.0000000000002 1.1789404092247252e-6
1552.0 1.1767755637830647e-6
1553.0 1.174599887997291e-6
1553.9999999999998 1.1724137621259853e-6
1555.0 1.170217561024211e-6
1556.0 1.1680116541213758e-6
1557.0 1.1657964053989935e-6
1558.0 1.163572173378677e-6
1559.0 1.161339311111131e-6
1560.0 1.1590981661714547e-6
1561.0 1.1568490806580538e-6
1562.0000000000002 1.154592391194092e-6
1563.0 1.1523284289375346e-6
1564.0 1.150057519588374e-6
1564.9999999999998 1.1477799834054892e-6
1566.0 1.1454961352222643e-6
1567.0 1.1432062844688432e-6
1568.0 1.140910735194341e-6
1569.0 1.1386097860953155e-6
1570.0 1.1363037305427724e-6
1571.0 1.133992856617305e-6
1572.0 1.1316774471400958e-6
1573.0000000000002 1.1293577797113014e-6
1574.0 1.1270341267495571e-6
1575.0 1.1247067555309853e-6
1575.9999999999998 1.1223759282334943e-6
1577.0 1.1200419019796844e-6
1578.0 1.1177049288849123e-6
1579.0 1.115365256103286e-6
1580.0 1.113023125877066e-6
1581.0 1.11067877558772e-6
1582.0 1.1083324378070046e-6
1583.0 1.1059843403490538e-6
1584.0000000000002 1.1036347063253354e-6
1585.0 1.1012837541984019e-6
1586.0 1.0989316978366137e-6
1586.9999999999998 1.0965787465726703e-6
1588.0 1.0942251052570139e-6
1589.0 1.0918709743183027e-6
1590.0 1.0895165498194384e-6
1591.0 1.0871620235172465e-6
1592.0 1.0848075829189595e-6
1593.0 1.0824534113438559e-6
1594.0 1.0800996879808371e-6
1595.0000000000002 1.0777465879479766e-6
1596.0 1.0753942823524048e-6
1597.0 1.0730429383495775e-6
1597.9999999999998 1.0706927192036078e-6
1599.0 1.06834378434528e-6
1600.0 1.0659962894329344e-6
1601.0 1.0636503864116234e-6
1602.0 1.0613062235713533e-6
1603.0 1.0589639456067351e-6
1604.0 1.0566236936760327e-6
1605.0 1.0542856054595266e-6
1606.0000000000002 1.0519498152160421e-6
1607.0 1.049616453843802e-6
1608.0 1.047285648934607e-6
1608.9999999999998 1.0449575248335086e-6
1610.0 1.0426322026934124e-6
1611.0 1.0403098005329123e-6
1612.0 1.0379904332907618e-6
1613.0 1.0356742128817598e-6
1614.0 1.0333612482507187e-6
1615.0 1.031051645428305e-6
1616.0 1.0287455075824116e-6
1617.0000000000002 1.026442935072678e-6
1618.0 1.0241440255031702e-6
1619.0 1.0218488737738335e-6
1619.9999999999998 1.0195575721312427e-6
1621.0 1.0172702102210592e-6
1622.0 1.014986875135722e-6
1622.9999999999998 1.0127076514666973e-6
1624.0 1.0104326213516516e-6
1625.0 1.0081618645230849e-6
1626.0 1.005895458355355e-6
1627.0 1.003633477913912e-6
1628.0000000000002 1.0013759959988949e-6
1629.0 9.99123083192077e-7
1630.0 9.968748079023464e-7
1630.9999999999998 9.946312364095415e-7
1632.0 9.923924329083375e-7
1633.0 9.901584595511485e-7
1633.9999999999998 9.879293764904873e-7
1635.0 9.857052419219655e-7
1636.0 9.83486112123911e-7
1637.0 9.812720414990955e-7
1638.0 9.79063082613419e-7
1639.0000000000002 9.768592862363925e-7
1640.0 9.746607013785585e-7
1641.0 9.724673753305279e-7
1641.9999999999998 9.702793536994383e-7
1643.0 9.680966804465307e-7
1644.0 9.659193979224264e-7
1644.9999999999998 9.63747546902695e-7
1646.0 9.615811666235373e-7
1647.0 9.594202948153442e-7
1648.0 9.572649677358825e-7
1649.0 9.5511522020467e-7
1650.0000000000002 9.529710856345581e-7
1651.0 9.508325960632713e-7
1652.0 9.486997821856863e-7
1652.9999999999998 9.465726733840538e-7
1654.0 9.444512977586774e-7
1655.0 9.423356821560784e-7
1655.9999999999998 9.402258522003185e-7
1657.0 9.381218323187576e-7
1658.0 9.360236457733897e-7
1659.0 9.339313146851092e-7
1660.0 9.318448600630819e-7
1661.0000000000002 9.297643018291778e-7
1662.0 9.276896588456148e-7
1663.0 9.256209489389724e-7
1664.0000000000002 9.235581889267047e-7
1665.0 9.215013946393531e-7
1666.0 9.194505809472572e-7
1666.9999999999998 9.174057617810692e-7
1668.0 9.153669501573382e-7
1669.0 9.133341581992383e-7
1670.0 9.113073971600128e-7
1671.0 9.092866774439386e-7
1672.0000000000002 9.072720086272258e-7
1673.0 9.052633994795335e-7
1674.0 9.032608579844269e-7
1675.0000000000002 9.012643913580962e-7
1676.0 8.99274006070592e-7
1677.0 8.97289707864056e-7
1677.9999999999998 8.953115017707775e-7
1679.0 8.933393921333641e-7
1680.0 8.913733826209741e-7
1681.0 8.894134762482618e-7
1682.0 8.874596753913902e-7
1683.0000000000002 8.855119818058118e-7
1684.0 8.83570396642343e-7
1685.0 8.81634920463823e-7
1686.0000000000002 8.797055532601073e-7
1687.0 8.777822944644234e-7
1688.0 8.758651429679204e-7
1688.9999999999998 8.73954097134857e-7
1690.0 8.720491548170395e-7
1691.0 8.701503133676947e-7
1692.0 8.682575696555778e-7
1693.0 8.663709200791471e-7
1694.0000000000002 8.644903605789092e-7
1695.0 8.626158866511801e-7
1696.0 8.607474933601193e-7
1697.0000000000002 8.58885175350419e-7
1698.0 8.570289268601324e-7
1699.0 8.551787417320325e-7
1699.9999999999998 8.533346134246261e-7
1701.0 8.514965350246309e-7
1702.0 8.496644992575438e-7
1703.0 8.478384984992173e-7
1704.0 8.46018524784675e-7
1705.0000000000002 8.442045698211162e-7
1706.0 8.423966249953792e-7
1707.0 8.405946813864142e-7
1708.0000000000002 8.38798729773364e-7
1709.0 8.370087606448693e-7
1710.0 8.352247642102202e-7
1710.9999999999998 8.334467304063236e-7
1712.0 8.316746489077065e-7
1713.0 8.299085091350632e-7
1714.0 8.281483002631822e-7
1715.0 8.263940112300749e-7
1716.0 8.246456307445189e-7
1717.0 8.229031472936966e-7
1718.0 8.211665491515569e-7
1719.0000000000002 8.194358243857631e-7
1720.0 8.177109608660719e-7
1721.0 8.159919462699277e-7
1721.9999999999998 8.142787680907162e-7
1723.0 8.125714136442681e-7
1724.0 8.108698700755896e-7
1725.0 8.091741243654587e-7
1726.0 8.074841633364576e-7
1727.0 8.057999736593247e-7
1728.0 8.04121541859929e-7
1729.0 8.024488543239959e-7
1730.0000000000002 8.007818973031069e-7
1731.0 7.991206569213573e-7
1732.0 7.974651191797217e-7
1732.9999999999998 7.958152699619291e-7
1734.0 7.941710950404195e-7
1735.0 7.925325800799238e-7
1736.0 7.908997106437803e-7
1737.0 7.892724721986198e-7
1738.0 7.876508501186542e-7
1739.0 7.860348296905823e-7
1740.0 7.844243961185912e-7
1741.0000000000002 7.82819534528421e-7
1742.0 7.812202299712964e-7
1743.0 7.796264674286937e-7
1743.9999999999998 7.780382318167791e-7
1745.0 7.76455507989308e-7
1746.0 7.748782807430033e-7
1747.0 7.73306534819818e-7
1748.0 7.717402549120832e-7
1749.0 7.701794256651769e-7
1750.0 7.686240316814173e-7
1751.0 7.6707405752375e-7
1752.0000000000002 7.65529487719177e-7
1753.0 7.63990306760819e-7
1754.0 7.624564991133219e-7
1754.9999999999998 7.609280492133384e-7
1756.0 7.594049414753793e-7
1757.0 7.578871602925148e-7
1758.0 7.563746900401209e-7
1759.0 7.548675150792838e-7
1760.0 7.533656197583331e-7
1761.0 7.518689884167659e-7
1762.0 7.503776053864428e-7
1763.0000000000002 7.488914549958782e-7
1764.0 7.474105215712079e-7
1765.0 7.459347894388868e-7
1765.9999999999998 7.444642429292041e-7
1767.0 7.429988663766766e-7
1768.0 7.415386441242081e-7
1769.0 7.40083560523204e-7
1770.0 7.386335999378762e-7
1771.0 7.371887467457255e-7
1772.0 7.357489853396161e-7
1773.0 7.343143001309494e-7
1774.0000000000002 7.328846755501425e-7
1775.0 7.314600960494885e-7
1776.0 7.300405461036387e-7
1776.9999999999998 7.286260102133585e-7
1778.0 7.272164729055255e-7
1779.0 7.258119187349032e-7
1780.0 7.244123322870479e-7
1781.0 7.230176981784306e-7
1782.0 7.216280010587901e-7
1783.0 7.202432256117002e-7
1784.0 7.188633565574463e-7
1785.0000000000002 7.174883786532848e-7
1786.0 7.16118276694641e-7
1787.0 7.147530355177496e-7
1787.9999999999998 7.133926399991535e-7
1789.0 7.120370750588051e-7
1790.0 7.106863256591219e-7
1791.0 7.093403768084561e-7
1792.0 7.079992135606822e-7
1793.0 7.066628210161985e-7
1794.0 7.053311843246766e-7
1795.0 7.040042886837383e-7
1796.0000000000002 7.026821193421723e-7
1797.0 7.0136466159894e-7
1798.0 7.000519008058933e-7
1798.9999999999998 6.987438223676551e-7
1800.0 6.974404117421748e-7
1801.0 6.961416544430816e-7
1802.0 6.94847536038725e-7
1803.0 6.935580421546257e-7
1804.0 6.922731584726712e-7
1805.0 6.909928707331326e-7
1806.0 6.897171647348086e-7
1807.0000000000002 6.884460263359326e-7
1808.0 6.871794414550725e-7
1809.0 6.859173960708295e-7
1809.9999999999998 6.846598762239605e-7
1811.0 6.834068680165006e-7
1812.0 6.821583576133968e-7
1813.0 6.809143312427867e-7
1814.0 6.796747751966807e-7
1815.0 6.784396758310536e-7
1816.0 6.772090195666705e-7
1817.0 6.75982792889893e-7
1818.0000000000002 6.747609823528957e-7
1819.0 6.735435745737592e-7
1820.0 6.7233055623741e-7
1820.9999999999998 6.711219140963614e-7
1822.0 6.699176349700617e-7
1823.0 6.6871770574626e-7
1824.0 6.675221133811311e-7
1825.0 6.663308448996843e-7
1826.0 6.651438873957316e-7
1827.0 6.639612280328265e-7
1828.0 6.62782854044479e-7
1829.0000000000002 6.616087527337958e-7
1830.0 6.60438911474792e-7
1831.0 6.592733177121572e-7
1831.9999999999998 6.581119589613886e-7
1833.0 6.569548228096668e-7
1834.0 6.558018969156048e-7
1835.0 6.546531690092714e-7
1836.0 6.535086268933783e-7
1837.0 6.523682584425676e-7
1838.0 6.512320516043078e-7
1839.0 6.500999943985034e-7
1840.0000000000002 6.489720749181441e-7
1841.0 6.478482813293516e-7
1842.0 6.467286018716671e-7
1842.9999999999998 6.456130248579805e-7
1844.0 6.445015386750043e-7
1845.0 6.43394131783102e-7
1846.0 6.422907927170115e-7
1847.0 6.411915100852026e-7
1848.0 6.400962725705935e-7
1849.0 6.390050689306565e-7
1850.0 6.379178879973248e-7
1851.0000000000002 6.368347186767879e-7
1852.0 6.357555499509897e-7
1853.0 6.34680370875594e-7
1853.9999999999998 6.336091705823889e-7
1855.0 6.325419382771976e-7
1856.0 6.314786632419181e-7
1857.0 6.30419334833067e-7
1858.0 6.293639424831728e-7
1859.0 6.283124756994923e-7
1860.0 6.272649240654521e-7
1861.0 6.262212772395969e-7
1862.0000000000002 6.251815249562439e-7
1863.0 6.241456570256636e-7
1864.0 6.231136633336513e-7
1864.9999999999998 6.220855338418037e-7
1866.0 6.210612585877685e-7
1867.0 6.200408276849767e-7
1868.0 6.190242313230517e-7
1869.0 6.180114597676141e-7
1870.0 6.170025033599556e-7
1871.0 6.15997352517973e-7
1872.0 6.149959977357028e-7
1873.0000000000002 6.139984295827554e-7
1874.0 6.130046387057009e-7
1875.0 6.120146158269997e-7
1875.9999999999998 6.110283517453494e-7
1877.0 6.100458373359982e-7
1878.0 6.090670635502737e-7
1878.9999999999998 6.080920214160326e-7
1880.0 6.071207020376377e-7
1881.0 6.061530965953827e-7
1882.0 6.051891963467693e-7
1883.0 6.042289926249406e-7
1884.0000000000002 6.032724768401555e-7
1885.0 6.023196404789822e-7
1886.0 6.013704751043723e-7
1886.9999999999998 6.004249723560895e-7
1888.0 5.994831239504944e-7
1889.0 5.985449216803523e-7
1889.9999999999998 5.976103574152641e-7
1891.0 5.966794231012006e-7
1892.0 5.957521107612628e-7
1893.0 5.948284124949264e-7
1894.0 5.939083204786064e-7
1895.0000000000002 5.92991826965327e-7
1896.0 5.920789242850099e-7
1897.0 5.911696048443519e-7
1897.9999999999998 5.902638611271395e-7
1899.0 5.893616856936237e-7
1900.0 5.884630711813548e-7
1900.9999999999998 5.875680103048619e-7
1902.0 5.866764958551779e-7
1903.0 5.857885207011377e-7
1904.0 5.849040777882223e-7
1905.0 5.840231601389352e-7
1906.0000000000002 5.831457608531862e-7
1907.0 5.8227187310792e-7
1908.0 5.814014901575608e-7
1908.9999999999998 5.805346053338605e-7
1910.0 5.796712120456605e-7
1911.0 5.788113037795566e-7
1911.9999999999998 5.779548740993576e-7
1913.0 5.771019166465694e-7
1914.0 5.762524251404172e-7
1915.0 5.754063933776302e-7
1916.0 5.745638152326436e-7
1917.0000000000002 5.737246846578247e-7
1918.0 5.72888995683508e-7
1919.0 5.72056742417863e-7
1919.9999999999998 5.712279190471753e-7
1921.0 5.704025198357613e-7
1922.0 5.695805391264278e-7
1922.9999999999998 5.687619713399382e-7
1924.0 5.679468109756814e-7
1925.0 5.671350526114837e-7
1926.0 5.663266909038738e-7
1927.0 5.655217205880047e-7
1928.0000000000002 5.647201364776532e-7
1929.0 5.639219334658633e-7
1930.0 5.631271065243323e-7
1931.0000000000002 5.62335650704453e-7
1932.0 5.615475611362033e-7
1933.0 5.607628330293887e-7
1933.9999999999998 5.599814616732167e-7
1935.0 5.592034424365179e-7
1936.0 5.584287707680134e-7
1937.0 5.576574421959808e-7
1938.0 5.568894523292963e-7
1939.0000000000002 5.561247968567372e-7
1940.0 5.553634715472774e-7
1941.0 5.546054722506473e-7
1942.0000000000002 5.538507948970084e-7
1943.0 5.530994354975735e-7
1944.0 5.523513901444618e-7
1944.9999999999998 5.516066550107416e-7
1946.0 5.50865226351048e-7
1947.0 5.501271005012937e-7
1948.0 5.493922738790063e-7
1949.0 5.486607429837868e-7
1950.0000000000002 5.479325043970121e-7
1951.0 5.472075547825336e-7
1952.0 5.464858908862676e-7
1953.0000000000002 5.457675095370119e-7
1954.0 5.450524076459839e-7
1955.0 5.443405822077993e-7
1955.9999999999998 5.436320303000537e-7
1957.0 5.429267490834905e-7
1958.0 5.422247358029329e-7
1959.0 5.415259877865792e-7
1960.0 5.408305024470044e-7
1961.0000000000002 5.401382772805609e-7
1962.0 5.394493098685128e-7
1963.0 5.387635978767261e-7
1964.0000000000002 5.380811390555362e-7
1965.0 5.374019312409463e-7
1966.0 5.367259723540188e-7
1966.9999999999998 5.360532604015249e-7
1968.0 5.353837934759058e-7
1969.0 5.347175697558415e-7
1970.0 5.340545875060867e-7
1971.0 5.333948450781309e-7
1972.0 5.327383409102509e-7
1973.0 5.320850735274879e-7
1974.0 5.314350415423825e-7
1975.0000000000002 5.30788243654836e-7
1976.0 5.301446786524195e-7
1977.0 5.29504345410855e-7
1977.9999999999998 5.288672428940826e-7
1979.0 5.282333701542201e-7
1980.0 5.276027263326696e-7
1981.0 5.269753106591212e-7
1982.0 5.263511224529851e-7
1983.0 5.257301611228869e-7
1984.0 5.25112426167121e-7
1985.0 5.244979171740291e-7
1986.0000000000002 5.238866338220437e-7
1987.0 5.232785758799743e-7
1988.0 5.226737432073349e-7
1988.9999999999998 5.220721357545148e-7
1990.0 5.214737535629159e-7
1991.0 5.208785967653309e-7
1992.0 5.202866655862247e-7
1993.0 5.196979603415216e-7
1994.0 5.1911248143939e-7
1995.0 5.185302293801343e-7
1996.0 5.179512047565306e-7
1997.0000000000002 5.173754082537417e-7
1998.0 5.168028406499851e-7
1999.0 5.162335028163433e-7
1999.9999999999998 5.156673957170718e-7
