0.0 2.8154917414300518e-5
1.0 2.8155120671104857e-5
2.0 2.8155730459596195e-5
3.0 2.815674683414448e-5
4.0 2.8158169885056808e-5
5.0 2.815999973904719e-5
6.0 2.816223655907651e-5
7.0 2.8164880544308512e-5
8.0 2.8167931930249557e-5
9.0 2.817139098870971e-5
10.0 2.8175258028142717e-5
10.999999999999998 2.817953339324458e-5
12.0 2.818421746534091e-5
13.000000000000002 2.818931066265065e-5
14.0 2.819481343990081e-5
14.999999999999998 2.8200726288737428e-5
16.0 2.8207049737777197e-5
17.0 2.8213784352818866e-5
18.0 2.822093073670165e-5
19.0 2.8228489529675857e-5
20.0 2.8236461409556886e-5
21.0 2.8244847091759245e-5
21.999999999999996 2.8253647329417515e-5
23.0 2.8262862913737076e-5
24.0 2.827249467403397e-5
25.0 2.8282543477961004e-5
26.000000000000004 2.829301023174656e-5
27.0 2.830389588024497e-5
28.0 2.8315201407350886e-5
29.0 2.8326927836070788e-5
29.999999999999996 2.8339076228854894e-5
31.0 2.835164768781629e-5
32.0 2.8364643354971176e-5
33.0 2.8378064412405048e-5
34.0 2.8391912082718176e-5
35.0 2.8406187629300096e-5
36.0 2.8420892356157502e-5
37.0 2.843602760912287e-5
38.0 2.845159477530179e-5
39.0 2.846759528375961e-5
40.0 2.8484030605955328e-5
41.0 2.850090225576295e-5
42.0 2.8518211790244885e-5
43.0 2.853596080953069e-5
43.99999999999999 2.855415095766152e-5
45.0 2.8572783922562847e-5
46.0 2.859186143678853e-5
47.0 2.861138527774733e-5
48.0 2.8631357267994097e-5
49.0 2.865177927606905e-5
50.0 2.8672653216533367e-5
51.0 2.8693981050524073e-5
52.00000000000001 2.87157647865873e-5
53.0 2.873800648048563e-5
54.0 2.876070823625155e-5
55.0 2.8783872206588094e-5
56.0 2.8807500593057255e-5
57.0 2.8831595647202415e-5
58.0 2.8856159670358765e-5
59.0 2.8881195015029905e-5
59.99999999999999 2.8906704084869133e-5
61.0 2.8932689335451076e-5
62.0 2.8959153274852986e-5
63.0 2.898609846437877e-5
64.0 2.901352751924452e-5
65.0 2.9041443108902437e-5
66.0 2.9069847957999955e-5
67.0 2.909874484711439e-5
68.0 2.912813661323532e-5
69.0 2.915802615045229e-5
70.0 2.9188416411184894e-5
71.0 2.9219310406351308e-5
72.0 2.9250711206303295e-5
73.0 2.9282621941976353e-5
74.0 2.9315045805083145e-5
75.0 2.9347986049413672e-5
76.0 2.9381445991775793e-5
77.0 2.9415429012301214e-5
78.0 2.9449938555813524e-5
79.0 2.9484978132766343e-5
80.0 2.952055131982739e-5
81.0 2.9556661761101835e-5
82.0 2.9593313168989702e-5
83.00000000000001 2.963050932533871e-5
84.0 2.9668254082377816e-5
85.0 2.9706551363667928e-5
86.0 2.9745405165294985e-5
87.0 2.9784819557201114e-5
87.99999999999999 2.982479868368172e-5
89.0 2.9865346765042532e-5
90.0 2.9906468099028785e-5
91.0 2.9948167061063305e-5
92.0 2.9990448106517678e-5
92.99999999999999 3.003331577153707e-5
94.0 3.0076774674087697e-5
95.0 3.012082951584388e-5
96.0 3.0165485083114044e-5
97.0 3.0210746248267977e-5
98.0 3.025661797143762e-5
99.00000000000001 3.0303105301801063e-5
100.0 3.035021337895945e-5
101.0 3.0397947434732197e-5
102.0 3.0446312794346197e-5
103.0 3.049531487834606e-5
104.00000000000001 3.054495920443129e-5
105.0 3.059525138845901e-5
106.0 3.064619714660079e-5
107.0 3.069780229747372e-5
108.0 3.075007276304888e-5
108.99999999999999 3.0803014571130336e-5
110.0 3.085663385726743e-5
111.0 3.0910936866228375e-5
112.0 3.096592995448541e-5
113.0 3.102161959205601e-5
114.0 3.10780123643055e-5
115.00000000000001 3.113511497465732e-5
116.0 3.119293424630906e-5
117.0 3.125147712459421e-5
118.0 3.13107506793019e-5
119.0 3.137076210704452e-5
119.99999999999999 3.1431518733782394e-5
121.0 3.149302801693438e-5
122.0 3.155529754815236e-5
123.0 3.1618335056113965e-5
124.0 3.1682148408662745e-5
124.99999999999999 3.1746745616092655e-5
126.0 3.181213483349522e-5
127.0 3.1878324363711775e-5
128.0 3.194532266080518e-5
129.0 3.2013138332095175e-5
130.0 3.208178014198097e-5
131.0 3.215125701505316e-5
132.0 3.222157803887702e-5
133.0 3.2292752467858674e-5
134.0 3.2364789726477433e-5
135.0 3.243769941247385e-5
136.0 3.251149130106914e-5
137.0 3.2586175348072904e-5
138.0 3.266176169410147e-5
139.0 3.273826066793131e-5
140.0 3.281568279120075e-5
141.0 3.289403878205076e-5
142.0 3.297333955929381e-5
143.0 3.3053596247027395e-5
144.0 3.3134820178535715e-5
145.0 3.321702290175628e-5
146.0 3.3300216183015435e-5
147.0 3.338441201233645e-5
148.0 3.3469622608196906e-5
149.0 3.355586042276972e-5
150.0 3.3643138146795194e-5
151.0 3.373146871543929e-5
152.0 3.3820865313255855e-5
153.0 3.3911341380326176e-5
154.0 3.400291061763881e-5
155.0 3.409558699345587e-5
156.0 3.4189384749036004e-5
157.0 3.4284318405216146e-5
158.0 3.438040276897161e-5
159.0 3.447765293985404e-5
160.0 3.4576084317200915e-5
161.0 3.467571260678424e-5
162.0 3.477655382820553e-5
163.0 3.487862432289344e-5
164.0 3.4981940760928444e-5
164.99999999999997 3.508652014968641e-5
166.00000000000003 3.519237984148717e-5
167.0 3.5299537542679594e-5
168.0 3.540801132124759e-5
169.0 3.5517819616782354e-5
170.0 3.562898124912813e-5
171.0 3.5741515427660156e-5
172.0 3.5855441761593636e-5
173.0 3.597078026931321e-5
174.0 3.6087551389611496e-5
174.99999999999997 3.620577599133283e-5
175.99999999999997 3.632547538485192e-5
177.00000000000003 3.6446671333917097e-5
178.0 3.656938606618953e-5
179.0 3.669364228626172e-5
180.0 3.681946318741478e-5
181.0 3.694687246522163e-5
182.0 3.707589432960188e-5
183.0 3.720655351965003e-5
184.0 3.7338875317097315e-5
185.0 3.747288556064692e-5
185.99999999999997 3.760861066164479e-5
187.00000000000003 3.77460776188039e-5
188.0 3.788531403507363e-5
189.0 3.8026348133191096e-5
190.0 3.816920877334056e-5
191.0 3.831392547097336e-5
192.0 3.846052841430324e-5
193.0 3.860904848384038e-5
194.0 3.8759517271329224e-5
195.0 3.891196710060327e-5
196.0 3.9066431047239137e-5
196.99999999999997 3.9222942961316525e-5
198.00000000000003 3.938153748900188e-5
199.0 3.9542250095523604e-5
200.0 3.970511708958182e-5
201.0 3.987017564730294e-5
202.0 4.0037463838313776e-5
203.0 4.020702065237592e-5
204.0 4.03788860258271e-5
205.0 4.055310087104336e-5
206.0 4.072970710495038e-5
206.99999999999997 4.0908747680450446e-5
208.00000000000003 4.109026661686433e-5
209.00000000000003 4.1274309033870845e-5
210.0 4.146092118436226e-5
211.0 4.165015049031484e-5
212.0 4.1842045579039305e-5
213.0 4.203665632101744e-5
214.0 4.2234033869533794e-5
215.0 4.243423070094014e-5
216.0 4.2637300657482816e-5
217.0 4.284329899110147e-5
217.99999999999997 4.305228240896555e-5
219.00000000000003 4.3264309120951205e-5
220.0 4.347943888958467e-5
221.0 4.369773308025185e-5
222.0 4.391925471521258e-5
223.0 4.414406852833214e-5
224.0 4.437224102375818e-5
225.0 4.4603840534694736e-5
226.0 4.483893728625061e-5
227.0 4.507760346096908e-5
228.0 4.531991326495131e-5
228.99999999999997 4.556594299952036e-5
230.00000000000003 4.581577113427386e-5
231.0 4.606947838227608e-5
232.0 4.6327147781401054e-5
233.0 4.6588864776426326e-5
234.0 4.6854717304744996e-5
235.0 4.712479588801218e-5
236.0 4.739919372497308e-5
237.0 4.767800679072617e-5
238.0 4.796133393856075e-5
238.99999999999997 4.82492770066374e-5
239.99999999999997 4.8541940930297864e-5
241.00000000000003 4.883943385890521e-5
242.0 4.9141867277376776e-5
243.0 4.9449356133798335e-5
244.0 4.9762018972480016e-5
245.0 5.007997807441797e-5
246.0 5.040335960173818e-5
247.0 5.073229375097435e-5
248.0 5.10669149135737e-5
249.0 5.140736184164187e-5
249.99999999999997 5.175377782471679e-5
251.00000000000003 5.210631087286441e-5
252.0 5.246511390779606e-5
253.0 5.283034496799037e-5
254.0 5.320216741670008e-5
255.0 5.3580750165760624e-5
256.0 5.396626790877619e-5
257.0 5.4358901365778705e-5
258.0 5.475883753922181e-5
259.0 5.5166269984913576e-5
260.0 5.558139909487832e-5
261.0 5.600443239591471e-5
262.0 5.643558486360184e-5
263.0 5.687507925168282e-5
264.0 5.7323146438729835e-5
265.0 5.778002579528493e-5
266.0 5.8245965566532514e-5
267.0 5.872122327906039e-5
268.0 5.920606616905851e-5
269.0 5.9700771630083906e-5
270.0 6.020562769074819e-5
271.0 6.0720933515160675e-5
272.0 6.124699993034914e-5
273.0 6.178414998706733e-5
274.0 6.233271954850245e-5
275.0 6.289305791304698e-5
276.0 6.346552847349251e-5
277.0 6.405050941358004e-5
278.0 6.464839444408289e-5
279.0 6.525959358311759e-5
280.0 6.588453397845878e-5
281.0 6.652366078441292e-5
282.0 6.717743808474704e-5
283.0 6.784634987434971e-5
284.0 6.853090109461784e-5
285.0 6.923161874024051e-5
286.0 6.994905302329289e-5
287.0 7.068377861417979e-5
288.0 7.143639595752181e-5
289.0 7.220753266580423e-5
290.0 7.29978450052948e-5
291.0 7.380801946817845e-5
292.0 7.463877444519015e-5
293.0 7.54908620043092e-5
294.0 7.636506977784143e-5
295.0 7.726222296921363e-5
296.0 7.81831864874928e-5
297.0 7.912886721640714e-5
298.0 8.010021642225965e-5
299.0 8.109823231954594e-5
300.0 8.212396279176728e-5
301.0 8.31785082909466e-5
302.0 8.426302490615989e-5
303.0 8.537872763763504e-5
304.0 8.652689385533925e-5
305.0 8.77088669837314e-5
306.0 8.892606040043338e-5
307.0 9.017996156262518e-5
308.0 9.147213638290258e-5
309.0 9.280423384463719e-5
310.0 9.417799087280079e-5
311.0 9.559523746696248e-5
312.0 9.705790208554044e-5
313.0 9.856801729210841e-5
314.0 0.00010012772564821262
315.0 0.00010173928583652561
316.0 0.00010340507900056742
317.0 0.0001051276152531391
318.0 0.00010690954032215451
319.0 0.00010875364225617544
320.0 0.00011066285811290436
321.0 0.0001126402805137917
322.0 0.00011468916391817195
323.0 0.0001168129304391394
324.0 0.00011901517494997042
325.0 0.00012129966919275399
326.0 0.0001236703645066258
327.0 0.0001261313926945775
328.0 0.00012868706446189263
329.0 0.00013134186465242712
329.99999999999994 0.00013410044343124136
331.0 0.00013696760224514334
332.00000000000006 0.0001399482732253958
333.0 0.00014304749033980393
334.0 0.00014627035026752017
335.0 0.0001496219605303374
336.0 0.00015310737191614592
337.0 0.00015673149166465876
338.0 0.00016049897323345744
339.0 0.0001644140777453629
340.0 0.00016848050151150058
340.99999999999994 0.00017270116321136222
342.0 0.00017707794369329464
343.00000000000006 0.00018161137086801577
344.0 0.00018630024201830175
345.0 0.00019114117637029893
346.0 0.00019612809212658902
347.0 0.00020125160504228578
348.0 0.0002064983502876704
349.0 0.00021185023663398102
349.99999999999994 0.00021728365262650405
351.0 0.0002227686586015815
351.99999999999994 0.00022826821683857024
353.0 0.00023373753395252678
354.00000000000006 0.00023912361357413138
355.0 0.00024436513990792717
356.0 0.00024939282900761123
357.0 0.0002541303871835753
358.0 0.00025849619631814337
359.0 0.0002624057964066251
360.0 0.0002657751519945916
360.99999999999994 0.00026852457484087094
362.0 0.000270583043901904
363.00000000000006 0.0002718925409881923
364.0 0.00027241193838584686
365.0 0.000272119964123842
366.0 0.00027101684878177865
367.0 0.00026912441932087596
368.0 0.0002664846200300777
369.0 0.0002631566606086875
370.0 0.00025921316722744527
371.0 0.0002547358086392981
371.99999999999994 0.0002498108750720937
373.0 0.00024452521579250625
374.00000000000006 0.0002389628212320414
375.0 0.00023320220083123023
376.0 0.0002273145860842041
377.0 0.00022136289638551078
378.0 0.0002154013485134359
379.0 0.00020947556606567216
380.0 0.00020362304498602608
381.0 0.0001978738467183243
382.0 0.00019225141377837167
382.99999999999994 0.00018677342763592
384.0 0.00018145265220054663
385.00000000000006 0.00017629772601383868
386.0 0.00017131388178317583
387.0 0.00016650358341184398
388.0 0.00016186707853986894
389.0 0.000157402869936913
390.0 0.00015310811198327497
391.0 0.00014897894012490986
392.0 0.0001450107416119372
393.0 0.00014119837574201778
393.99999999999994 0.0001375363512488687
395.0 0.00013401896774805958
396.00000000000006 0.00013064042732392934
397.0 0.00012739492151648253
398.0 0.00012427669819789182
399.0 0.00012128011211580181
400.0 0.00011839966225084597
401.0 0.00011563001861815085
402.0 0.00011296604065245592
403.0 0.00011040278895069292
404.0 0.00010793553179227688
404.99999999999994 0.00010555974762895226
406.0 0.00010327112444158516
407.00000000000006 0.00010106555676947834
408.0 9.893914097084327e-5
409.0 9.688816923453062e-5
410.0 9.490912269391733e-5
411.0 9.299866396219087e-5
412.0 9.115362932605772e-5
413.0 8.93710207583864e-5
413.99999999999994 8.764799792441224e-5
415.0 8.598187025174868e-5
416.00000000000006 8.437008917479988e-5
417.0 8.281024059144411e-5
418.00000000000006 8.1300037581407e-5
419.0 7.983731341066561e-5
420.0 7.842001484140948e-5
421.0 7.704619575847358e-5
422.0 7.57140111069901e-5
423.0 7.442171114685042e-5
424.0 7.316763601702091e-5
424.99999999999994 7.195021059883788e-5
426.0 7.076793966754704e-5
427.00000000000006 6.961940332814372e-5
428.0 6.850325271231516e-5
429.0 6.74182059321538e-5
430.0 6.636304427600498e-5
431.0 6.533660862758338e-5
432.0 6.433779610945142e-5
433.0 6.336555691989159e-5
434.0 6.241889137234415e-5
435.0 6.149684710303414e-5
435.99999999999994 6.0598516459703635e-5
437.0 5.972303404060319e-5
438.00000000000006 5.8869574387019666e-5
439.0 5.803734981446756e-5
440.0 5.7225608373760456e-5
441.0 5.643363193755668e-5
442.0 5.5660734399113495e-5
443.0 5.490625997860559e-5
444.0 5.41695816337484e-5
445.0 5.3450099560281296e-5
446.0 5.274723978236904e-5
446.99999999999994 5.206045282830663e-5
448.0 5.138921247859603e-5
449.00000000000006 5.0733014590550804e-5
450.0 5.009137599019286e-5
451.0 4.946383342537375e-5
452.0 4.8849942581356994e-5
453.0 4.824927715110675e-5
454.0 4.766142795720451e-5
455.0 4.7086002123927434e-5
456.0 4.6522622295568306e-5
457.0 4.5970925896347916e-5
457.99999999999994 4.543056443386926e-5
459.0 4.490120283598022e-5
460.00000000000006 4.4382518829549374e-5
461.0 4.3874202346404166e-5
462.0 4.3375954966946745e-5
463.0 4.288748938758823e-5
464.0 4.240852892140127e-5
465.0 4.1938807021179854e-5
466.0 4.147806682944294e-5
467.0 4.1026060751023654e-5
468.0 4.058255004703849e-5
468.99999999999994 4.014730445023871e-5
470.0 3.972010180037097e-5
471.00000000000006 3.930072769579874e-5
472.0 3.888897516497617e-5
473.0 3.84846443526318e-5
474.0 3.8087542222174295e-5
475.0 3.769748227175189e-5
476.0 3.7314284264861333e-5
477.0 3.693777397465973e-5
477.99999999999994 3.6567782937959274e-5
479.0 3.620414822426518e-5
479.99999999999994 3.584671221317554e-5
481.0 3.5495322382893294e-5
482.00000000000006 3.5149831109742766e-5
483.0 3.481009547544319e-5
484.0 3.4475977083438055e-5
485.0 3.4147341885244165e-5
486.0 3.382406001233548e-5
487.0 3.3506005617526695e-5
488.0 3.319305672179341e-5
488.99999999999994 3.288509507018745e-5
490.0 3.258200599118e-5
491.00000000000006 3.2283678264919926e-5
492.0 3.199000399534599e-5
493.0 3.1700878488793244e-5
494.0 3.141620013779543e-5
495.0 3.1135870309452705e-5
496.0 3.085979323861218e-5
497.0 3.058787592586744e-5
498.0 3.032002803974411e-5
499.0 3.005616182275229e-5
499.99999999999994 2.9796192001397912e-5
501.0 2.9540035700255067e-5
502.00000000000006 2.9287612359085747e-5
503.0 2.9038843653434963e-5
504.0 2.8793653418735576e-5
505.0 2.8551967577234668e-5
506.0 2.8313714067468984e-5
507.0 2.8078822777740404e-5
508.0 2.784722548037742e-5
509.0 2.7618855770492886e-5
510.0 2.7393649005734683e-5
510.99999999999994 2.7171542248931105e-5
512.0 2.6952474213109216e-5
513.0 2.6736385208235802e-5
514.0 2.6523217090056133e-5
515.0 2.631291321123808e-5
516.0 2.610541837364151e-5
517.0 2.590067878333993e-5
518.0 2.5698642006503343e-5
519.0 2.5499256926881152e-5
520.0 2.5302473705915286e-5
521.0 2.510824374283434e-5
522.0 2.4916519637349517e-5
523.0 2.4727255152923172e-5
524.0 2.454040518224342e-5
525.0 2.4355925712754773e-5
526.0 2.4173773794385304e-5
527.0 2.3993907508180866e-5
528.0 2.3816285935627454e-5
529.0 2.3640869129701667e-5
530.0 2.34676180861912e-5
531.0 2.3296494716816587e-5
532.0 2.3127461822621944e-5
533.0 2.296048306835973e-5
534.0 2.279552295840748e-5
535.0 2.2632546812422337e-5
536.0 2.2471520742821662e-5
537.0 2.2312411632196752e-5
538.0 2.2155187112341795e-5
539.0 2.1999815543022692e-5
540.0 2.184626599214723e-5
541.0 2.1694508216487312e-5
542.0 2.1544512642573322e-5
543.0 2.139625034886868e-5
544.0 2.1249693047918668e-5
545.0 2.1104813069562083e-5
546.0 2.0961583344420875e-5
547.0 2.0819977387680242e-5
548.0 2.067996928414075e-5
549.0 2.054153367282118e-5
550.0 2.0404645732765964e-5
551.0 2.026928116873332e-5
552.0 2.013541619807982e-5
553.0 2.0003027536829518e-5
554.0 1.987209238768764e-5
555.0 1.974258842721297e-5
556.0 1.9614493793819757e-5
557.0 1.9487787076330568e-5
558.0 1.9362447302502287e-5
559.0 1.9238453928128295e-5
560.0 1.9115786826501905e-5
561.0 1.8994426278014147e-5
562.0 1.8874352960074382e-5
563.0 1.875554793768364e-5
564.0 1.863799265356082e-5
565.0 1.852166891945723e-5
566.0 1.840655890696746e-5
567.0 1.8292645138933507e-5
568.0 1.817991048122527e-5
569.0 1.806833813442819e-5
570.0 1.795791162599638e-5
571.0 1.7848614802557065e-5
572.0 1.774043182248549e-5
573.0 1.7633347148564823e-5
574.0 1.752734554102021e-5
575.0 1.7422412050590128e-5
576.0 1.7318532011860258e-5
577.0 1.721569103680056e-5
578.0 1.711387500850525e-5
579.0 1.7013070075013258e-5
580.0 1.691326264325179e-5
581.0 1.681443937344863e-5
582.0 1.67165871731716e-5
583.0 1.661969319222053e-5
584.0 1.6523744816929626e-5
585.0 1.64287296651693e-5
586.0 1.633463558115264e-5
587.0 1.6241450630701183e-5
588.0 1.614916309606966e-5
589.0 1.6057761471687695e-5
590.0 1.596723445938415e-5
591.0 1.5877570963931043e-5
592.0 1.5788760088747255e-5
593.0 1.5700791131782127e-5
594.0 1.5613653581272637e-5
595.0 1.5527337111857027e-5
596.0 1.544183158064163e-5
597.0 1.5357127023312488e-5
598.0 1.5273213650573088e-5
599.0 1.51900818444544e-5
600.0 1.5107722154870543e-5
601.0 1.5026125296030319e-5
602.0 1.4945282143307337e-5
603.0 1.486518372971614e-5
604.0 1.4785821243031993e-5
605.0 1.4707186022435388e-5
606.0 1.4629269555611708e-5
607.0 1.4552063475716984e-5
608.0 1.4475559558600994e-5
609.0 1.439974971985703e-5
610.0 1.4324626012230085e-5
611.0 1.4250180622742837e-5
612.0 1.4176405870316022e-5
613.0 1.4103294202959417e-5
614.0 1.4030838195464454e-5
615.0 1.395903054689183e-5
616.0 1.3887864078171864e-5
617.0 1.3817331729874722e-5
618.0 1.3747426559813874e-5
619.0 1.3678141740889467e-5
620.0 1.3609470558971618e-5
621.0 1.354140641066052e-5
622.0 1.347394280136171e-5
623.0 1.3407073343109879e-5
624.0 1.3340791752733813e-5
625.0 1.3275091849796226e-5
626.0 1.3209967554864902e-5
627.0 1.3145412887443538e-5
628.0 1.3081421964401509e-5
629.0 1.3017988998029686e-5
630.0 1.295510829438288e-5
631.0 1.2892774251620077e-5
632.0 1.2830981358255449e-5
633.0 1.2769724191658358e-5
634.0 1.2708997416378776e-5
635.0 1.2648795782626228e-5
636.0 1.2589114124769777e-5
637.0 1.2529947359815444e-5
638.0 1.247129048603575e-5
639.0 1.2413138581422757e-5
640.0 1.2355486802382485e-5
641.0 1.2298330382360033e-5
642.0 1.2241664630484085e-5
643.0 1.2185484930259427e-5
644.0 1.2129786738291375e-5
645.0 1.2074565583009807e-5
646.0 1.201981706349542e-5
647.0 1.1965536848184103e-5
648.0 1.1911720673768798e-5
649.0 1.1858364343980362e-5
650.0 1.1805463728447865e-5
651.0 1.1753014761652367e-5
652.0 1.1701013441776377e-5
653.0000000000001 1.1649455829605962e-5
654.0 1.1598338047540069e-5
655.0 1.1547656278545645e-5
656.0 1.1497406765077955e-5
657.0 1.1447585808184063e-5
658.0 1.1398189766481949e-5
659.0 1.134921505514813e-5
659.9999999999999 1.1300658145056984e-5
661.0 1.125251556182255e-5
662.0 1.1204783884885886e-5
663.0 1.1157459746667841e-5
664.0000000000001 1.1110539831583552e-5
665.0 1.106402087531909e-5
666.0 1.1017899663856572e-5
667.0 1.0972173032746146e-5
668.0 1.092683786621912e-5
669.0 1.0881891096424015e-5
670.0 1.0837329702588969e-5
670.9999999999999 1.0793150710297076e-5
672.0 1.074935119066909e-5
673.0 1.0705928259660098e-5
674.0 1.0662879077267767e-5
675.0000000000001 1.0620200846819016e-5
676.0 1.0577890814281353e-5
677.0 1.053594626749581e-5
678.0 1.0494364535531047e-5
679.0 1.0453142987959075e-5
680.0 1.041227903420049e-5
681.0 1.0371770122844063e-5
681.9999999999999 1.0331613740988746e-5
683.0 1.0291807413601212e-5
684.0 1.025234870284595e-5
685.0 1.0213235207542156e-5
686.0000000000001 1.0174464562381708e-5
687.0 1.013603443749157e-5
688.0 1.0097942537694575e-5
688.9999999999999 1.006018660197525e-5
690.0 1.0022764402871148e-5
691.0 9.985673745884584e-6
692.0 9.94891246891304e-6
692.9999999999999 9.912478441678902e-6
694.0 9.876369565151181e-6
695.0 9.840583771007792e-6
696.0 9.805119021076493e-6
697.0000000000001 9.769973306801038e-6
698.0 9.735144648687833e-6
699.0 9.700631095782897e-6
699.9999999999999 9.666430725145231e-6
701.0 9.63254164131217e-6
702.0 9.598961975829945e-6
703.0 9.565689886690915e-6
703.9999999999999 9.532723557843076e-6
705.0 9.500061198720916e-6
706.0 9.467701043722889e-6
707.0 9.43564135172457e-6
708.0000000000001 9.403880405602684e-6
709.0 9.37241651176004e-6
710.0 9.341247999643436e-6
710.9999999999999 9.310373221255632e-6
712.0 9.279790550733358e-6
713.0 9.249498383846661e-6
714.0 9.219495137558862e-6
715.0000000000001 9.189779249562612e-6
716.0 9.160349177861722e-6
717.0 9.131203400285089e-6
718.0 9.102340414062758e-6
719.0000000000001 9.073758735400647e-6
720.0 9.045456899040558e-6
721.0 9.017433457822976e-6
721.9999999999999 8.98968698226275e-6
723.0 8.96221606015237e-6
724.0 8.935019296117938e-6
725.0 8.908095311197352e-6
726.0000000000001 8.881442742467542e-6
727.0 8.855060242611044e-6
728.0 8.828946479513844e-6
729.0 8.80310013587831e-6
730.0 8.777519908818492e-6
731.0 8.752204509472181e-6
732.0 8.727152662616723e-6
732.9999999999999 8.702363106280255e-6
734.0 8.677834591367026e-6
735.0 8.653565881248266e-6
736.0 8.629555751457725e-6
737.0000000000001 8.605802989250188e-6
738.0 8.582306393283722e-6
739.0 8.559064773232939e-6
740.0 8.536076949432314e-6
741.0 8.513341752556172e-6
742.0 8.49085802320405e-6
743.0 8.46862461161571e-6
743.9999999999999 8.446640377297444e-6
745.0 8.42490418868823e-6
746.0 8.403414922826838e-6
747.0 8.382171465019826e-6
748.0000000000001 8.361172708520408e-6
749.0 8.340417554194188e-6
750.0 8.31990491021737e-6
751.0 8.29963369174287e-6
752.0 8.279602820608826e-6
753.0 8.259811225021521e-6
754.0 8.240257839257034e-6
754.9999999999999 8.22094160336399e-6
756.0 8.201861462874458e-6
757.0 8.183016368503293e-6
758.0 8.164405275882915e-6
759.0000000000001 8.14602714527192e-6
760.0 8.12788094127377e-6
761.0 8.109965632593312e-6
762.0 8.092280191733769e-6
763.0 8.07482359477122e-6
764.0 8.057594821069264e-6
765.0 8.040592853047678e-6
765.9999999999999 8.023816675924218e-6
767.0 8.007265277483814e-6
768.0 7.99093764782567e-6
769.0 7.9748327791452e-6
770.0000000000001 7.958949665495052e-6
771.0 7.943287302570992e-6
772.0 7.927844687485143e-6
773.0 7.912620818560117e-6
774.0 7.897614695123841e-6
775.0 7.8828253172919e-6
776.0 7.868251685775851e-6
776.9999999999999 7.853892801698769e-6
778.0 7.83974766639368e-6
779.0 7.825815281223651e-6
780.0 7.812094647398596e-6
781.0000000000001 7.798584765806538e-6
782.0 7.785284636841075e-6
783.0 7.772193260234184e-6
784.0 7.759309634898121e-6
785.0 7.746632758765101e-6
786.0 7.734161628636928e-6
787.0 7.721895240042852e-6
787.9999999999999 7.709832587087602e-6
789.0 7.697972662318638e-6
790.0 7.686314456592242e-6
791.0 7.674856958935833e-6
792.0000000000001 7.663599156434822e-6
793.0 7.652540034093662e-6
794.0 7.641678574732685e-6
795.0 7.631013758864584e-6
796.0 7.620544564585101e-6
797.0 7.610269967465081e-6
798.0 7.6001889404509356e-6
798.9999999999999 7.590300453755058e-6
800.0 7.580603474765828e-6
801.0 7.571096967949632e-6
802.0 7.561779894761324e-6
803.0000000000001 7.552651213550011e-6
804.0 7.543709879475154e-6
805.0 7.534954844426833e-6
806.0 7.526385056936866e-6
807.0 7.517999462098939e-6
808.0 7.5097970014972356e-6
809.0 7.501776613124579e-6
809.9999999999999 7.493937231303468e-6
811.0 7.486277786624625e-6
812.0 7.47879720586079e-6
813.0 7.471494411903459e-6
814.0000000000001 7.464368323689119e-6
815.0 7.457417856128722e-6
816.0 7.450641920036521e-6
816.9999999999999 7.44403942206061e-6
818.0 7.43760926461223e-6
819.0 7.431350345792696e-6
820.0 7.425261559327474e-6
820.9999999999999 7.4193417944846604e-6
822.0 7.413589936009698e-6
823.0 7.4080048640433155e-6
824.0 7.402585454049651e-6
825.0000000000001 7.397330576736096e-6
826.0 7.392239097972006e-6
827.0 7.387309878704013e-6
827.9999999999999 7.382541774871305e-6
829.0 7.377933637319102e-6
830.0 7.373484311704355e-6
831.0 7.369192638399029e-6
832.0000000000001 7.3650574523937715e-6
833.0 7.361077583192878e-6
834.0 7.357251854708392e-6
835.0 7.353579085145753e-6
836.0000000000001 7.3500580868926846e-6
837.0 7.346687666389464e-6
838.0 7.343466624010507e-6
838.9999999999999 7.340393753927014e-6
840.0 7.33746784396646e-6
841.0 7.33468767547397e-6
842.0 7.3320520231596655e-6
843.0000000000001 7.329559654938191e-6
844.0 7.327209331768677e-6
845.0 7.324999807481377e-6
846.0 7.322929828598037e-6
847.0000000000001 7.320998134149766e-6
848.0 7.319203455475635e-6
849.0 7.317544516025713e-6
849.9999999999999 7.316020031151876e-6
851.0 7.314628707880775e-6
852.0 7.313369244696934e-6
853.0 7.3122403312945844e-6
854.0000000000001 7.311240648337285e-6
855.0 7.310368867202658e-6
856.0 7.309623649716574e-6
857.0 7.309003647874245e-6
858.0 7.308507503558909e-6
859.0 7.30813384824811e-6
860.0 7.307881302704043e-6
860.9999999999999 7.307748476659757e-6
862.0 7.307733968493947e-6
863.0 7.307836364892074e-6
864.0 7.308054240500569e-6
865.0000000000001 7.308386157563568e-6
866.0 7.308830665565302e-6
867.0 7.3093863008358095e-6
868.0 7.310051586170783e-6
869.0 7.310825030427545e-6
870.0 7.311705128102324e-6
871.0 7.312690358930892e-6
871.9999999999999 7.313779187428299e-6
873.0 7.314970062466132e-6
874.0 7.316261416804354e-6
875.0 7.317651666635022e-6
876.0000000000001 7.319139211101897e-6
877.0 7.3207224318272435e-6
878.0 7.322399692404619e-6
879.0 7.324169337910847e-6
880.0 7.326029694390261e-6
881.0 7.327979068334273e-6
882.0 7.330015746156816e-6
882.9999999999999 7.3321379936659014e-6
884.0 7.334344055519237e-6
885.0 7.336632154682798e-6
886.0 7.339000491882041e-6
887.0000000000001 7.341447245045294e-6
888.0 7.343970568747192e-6
889.0 7.346568593649192e-6
890.0 7.349239425935488e-6
891.0 7.351981146758236e-6
892.0 7.354791811666185e-6
893.0 7.357669450056051e-6
893.9999999999999 7.360612064606889e-6
895.0 7.363617630730784e-6
896.0 7.366684096026406e-6
897.0 7.3698093797355325e-6
898.0000000000001 7.372991372220186e-6
899.0 7.376227934431686e-6
900.0 7.3795168974114065e-6
901.0 7.382856061786239e-6
902.0 7.386243197299099e-6
903.0 7.3896760423321876e-6
904.0 7.393152303475814e-6
904.9999999999999 7.396669655106208e-6
906.0 7.4002257389793106e-6
907.0 7.403818163869294e-6
908.0 7.407444505216845e-6
909.0000000000001 7.41110230481809e-6
910.0 7.41478907054258e-6
911.0 7.418502276094071e-6
912.0 7.422239360785209e-6
913.0 7.425997729397102e-6
914.0 7.4297747520314235e-6
915.0 7.43356776404205e-6
915.9999999999999 7.437374066002741e-6
917.0 7.441190923718628e-6
918.0 7.44501556831688e-6
919.0 7.44884519636127e-6
920.0000000000001 7.452676970046784e-6
921.0 7.456508017440495e-6
922.0 7.4603354328091995e-6
923.0 7.4641562769927995e-6
924.0 7.46796757785061e-6
925.0 7.471766330783439e-6
926.0 7.475549499337321e-6
926.9999999999999 7.479314015859428e-6
928.0 7.483056782258659e-6
929.0 7.486774670831296e-6
930.0 7.490464525184031e-6
931.0000000000001 7.494123161203098e-6
932.0 7.497747368173951e-6
933.0 7.501333909919985e-6
934.0 7.50487952607298e-6
935.0 7.5083809334271834e-6
936.0 7.511834827357394e-6
937.0 7.515237883370011e-6
937.9999999999999 7.518586758714989e-6
939.0 7.521878094084169e-6
940.0 7.525108515433814e-6
941.0 7.528274635863043e-6
942.0000000000001 7.531373057608475e-6
943.0 7.534400374103327e-6
944.0 7.5373531721521525e-6
944.9999999999999 7.540228034157586e-6
946.0 7.543021540465063e-6
947.0 7.545730271766103e-6
948.0 7.548350811582412e-6
948.9999999999999 7.550879748840055e-6
950.0 7.553313680497324e-6
951.0 7.55564921426105e-6
952.0 7.557882971338301e-6
953.0000000000001 7.560011589285166e-6
954.0 7.562031724878045e-6
955.0 7.563940057055484e-6
955.9999999999999 7.565733289898817e-6
957.0 7.5674081556512885e-6
958.0 7.568961417764618e-6
959.0 7.570389874002086e-6
959.9999999999999 7.571690359515242e-6
961.0 7.572859749974531e-6
962.0 7.5738949646916655e-6
963.0 7.574792969753277e-6
964.0000000000001 7.575550781121738e-6
965.0 7.576165467759103e-6
966.0 7.576634154702855e-6
966.9999999999999 7.576954026126226e-6
968.0 7.577122328355827e-6
969.0 7.577136372849647e-6
970.0 7.576993539125298e-6
971.0000000000001 7.576691277626408e-6
972.0 7.576227112523342e-6
973.0 7.575598644453188e-6
974.0 7.574803553151536e-6
975.0000000000001 7.573839600027806e-6
976.0 7.572704630632111e-6
977.0 7.57139657701942e-6
977.9999999999999 7.569913460017424e-6
979.0 7.5682533913650035e-6
980.0 7.566414575755921e-6
981.0 7.564395312738569e-6
982.0000000000001 7.562193998493758e-6
983.0 7.559809127478745e-6
984.0 7.5572392939375e-6
985.0 7.554483193267749e-6
986.0 7.5515396232319895e-6
987.0 7.5484074850485955e-6
988.0 7.54508578428793e-6
988.9999999999999 7.541573631666568e-6
990.0 7.537870243648134e-6
991.0 7.533974942910429e-6
992.0 7.5298871586445225e-6
993.0000000000001 7.525606426709425e-6
994.0 7.521132389619048e-6
995.0 7.516464796381123e-6
996.0 7.511603502182737e-6
997.0 7.506548467913225e-6
998.0 7.501299759556481e-6
999.0 7.495857547418368e-6
999.9999999999999 7.490222105207147e-6
1001.0 7.484393808999196e-6
1002.0 7.4783731360242245e-6
1003.0 7.472160663358128e-6
1004.0000000000001 7.465757066458871e-6
1005.0 7.459163117589085e-6
1006.0 7.452379684114008e-6
1007.0 7.445407726689916e-6
1008.0 7.438248297338613e-6
1009.0 7.43090253741802e-6
1010.0 7.4233716754948746e-6
1010.9999999999999 7.415657025128788e-6
1012.0 7.407759982568998e-6
1013.0 7.399682024362608e-6
1014.0 7.39142470491016e-6
1015.0000000000001 7.3829896539287216e-6
1016.0 7.3743785738744855e-6
1017.0 7.365593237296719e-6
1018.0 7.3566354841568235e-6
1019.0 7.347507219090357e-6
1020.0 7.338210408651165e-6
1021.0 7.328747078515014e-6
1021.9999999999999 7.3191193106558575e-6
1023.0 7.309329240524352e-6
1024.0 7.299379054191239e-6
1025.0 7.289270985504087e-6
1026.0 7.279007313235124e-6
1027.0 7.2685903582334034e-6
1028.0 7.25802248059845e-6
1029.0 7.247306076850558e-6
1030.0 7.236443577149048e-6
1031.0 7.225437442503069e-6
1032.0 7.2142901620398396e-6
1033.0 7.203004250291239e-6
1034.0 7.191582244523501e-6
1035.0 7.180026702104802e-6
1036.0 7.168340197925528e-6
1037.0 7.156525321851968e-6
1038.0 7.144584676250678e-6
1039.0 7.1325208735427225e-6
1040.0 7.12033653383934e-6
1041.0 7.108034282619079e-6
1042.0 7.09561674846564e-6
1043.0 7.083086560879207e-6
1044.0 7.0704463481520205e-6
1045.0 7.057698735285265e-6
1046.0 7.0448463420029736e-6
1047.0 7.0318917808170766e-6
1048.0 7.0188376551711374e-6
1049.0 7.005686557634012e-6
1050.0 6.992441068188903e-6
1051.0 6.979103752572213e-6
1052.0 6.965677160693275e-6
1053.0 6.952163825111853e-6
1054.0 6.938566259602332e-6
1055.0 6.924886957780494e-6
1056.0 6.911128391777983e-6
1057.0 6.897293011029999e-6
1058.0 6.883383241088159e-6
1059.0 6.869401482515401e-6
1060.0 6.855350109860082e-6
1061.0 6.841231470661219e-6
1062.0 6.827047884568995e-6
1063.0 6.812801642461764e-6
1064.0 6.798495005691273e-6
1065.0 6.784130205336597e-6
1066.0 6.769709441543676e-6
1067.0 6.755234882915545e-6
1068.0 6.740708665952878e-6
1069.0 6.726132894558596e-6
1070.0 6.711509639587055e-6
1071.0 6.696840938449301e-6
1072.0 6.682128794761828e-6
1073.0 6.667375178054397e-6
1074.0 6.652582023516499e-6
1075.0 6.63775123177591e-6
1076.0 6.622884668762279e-6
1077.0 6.607984165552544e-6
1078.0 6.593051518314327e-6
1079.0 6.578088488246541e-6
1080.0 6.563096801579547e-6
1081.0 6.548078149600786e-6
1082.0 6.53303418871339e-6
1083.0 6.517966540546127e-6
1084.0 6.502876792053707e-6
1085.0 6.487766495695703e-6
1086.0 6.472637169606067e-6
1087.0 6.457490297808786e-6
1088.0 6.44232733044834e-6
1089.0 6.427149684050562e-6
1090.0 6.411958741802837e-6
1091.0 6.396755853857576e-6
1092.0 6.3815423376557665e-6
1093.0 6.366319478264598e-6
1094.0 6.351088528741065e-6
1095.0 6.3358507105037e-6
1096.0 6.32060721372069e-6
1097.0 6.305359197725262e-6
1098.0 6.290107791421207e-6
1099.0 6.274854093724062e-6
1100.0 6.259599173991783e-6
1101.0 6.244344072489761e-6
1102.0 6.229089800842187e-6
1103.0 6.213837342503765e-6
1104.0 6.198587653239915e-6
1105.0 6.1833416616142175e-6
1106.0 6.1681002694629004e-6
1107.0 6.152864352416375e-6
1108.0 6.137634760380989e-6
1109.0 6.122412318042644e-6
1110.0 6.10719782539277e-6
1111.0 6.091992058215585e-6
1112.0 6.076795768620904e-6
1113.0 6.0616096855389366e-6
1114.0 6.046434515260015e-6
1115.0 6.031270941918502e-6
1116.0 6.0161196280364905e-6
1117.0 6.000981215029935e-6
1118.0 5.9858563237126925e-6
1119.0 5.970745554815234e-6
1120.0 5.955649489504063e-6
1121.0 5.940568689874656e-6
1122.0 5.925503699467244e-6
1123.0 5.910455043770919e-6
1124.0 5.895423230714937e-6
1125.0 5.880408751164016e-6
1126.0 5.865412079424466e-6
1127.0 5.850433673718342e-6
1128.0 5.835473976665742e-6
1129.0 5.82053341577552e-6
1130.0 5.805612403909659e-6
1131.0 5.790711339747024e-6
1132.0 5.7758306082600915e-6
1133.0 5.760970581160995e-6
1134.0 5.7461316173552166e-6
1135.0 5.731314063392449e-6
1136.0 5.7165182539007554e-6
1137.0 5.701744512014829e-6
1138.0 5.686993149814562e-6
1139.0 5.672264468736519e-6
1140.0 5.65755875998296e-6
1141.0 5.6428763049401805e-6
1142.0 5.6282173755677406e-6
1143.0 5.613582234794616e-6
1144.0 5.598971136902033e-6
1145.0 5.584384327897684e-6
1146.0 5.569822045894145e-6
1147.0 5.555284521461858e-6
1148.0 5.540771977993084e-6
1149.0 5.526284632038783e-6
1150.0 5.511822693653792e-6
1151.0 5.4973863667269025e-6
1152.0 5.482975849310544e-6
1153.0 5.46859133392058e-6
1154.0 5.454233007865333e-6
1155.0 5.439901053524394e-6
1156.0 5.42559564865391e-6
1157.0 5.411316966665662e-6
1158.0 5.397065176908514e-6
1159.0 5.382840444919611e-6
1160.0 5.368642932700807e-6
1161.0 5.35447279896382e-6
1162.0 5.340330199372142e-6
1163.0 5.3262152867732535e-6
1164.0 5.3121282114318965e-6
1165.0 5.298069121242658e-6
1166.0 5.284038161945133e-6
1167.0 5.270035477323903e-6
1168.0 5.2560612094007005e-6
1169.0 5.242115498625172e-6
1170.0 5.228198484051303e-6
1171.0 5.214310303508132e-6
1172.0 5.200451093760261e-6
1173.0 5.186620990664761e-6
1174.0 5.172820129317861e-6
1175.0 5.15904864419535e-6
1176.0 5.145306669275295e-6
1177.0 5.1315943381780825e-6
1178.0 5.117911784271016e-6
1179.0 5.104259140776033e-6
1180.0 5.0906365408774745e-6
1181.0 5.077044117820432e-6
1182.0 5.063482004984095e-6
1183.0 5.0499503359760664e-6
1184.0 5.036449244695606e-6
1185.0 5.022978865408733e-6
1186.0 5.009539332799219e-6
1187.0 4.996130782031803e-6
1188.0 4.982753348791888e-6
1189.0 4.969407169327977e-6
1190.0 4.956092380487711e-6
1191.0 4.942809119743131e-6
1192.0 4.929557525216253e-6
1193.0 4.916337735697646e-6
1194.0 4.903149890649105e-6
1195.0 4.889994130220458e-6
1196.0 4.876870595245321e-6
1197.0 4.863779427227987e-6
1198.0 4.8507207683558215e-6
1199.0 4.837694761455895e-6
1200.0 4.824701550003572e-6
1201.0 4.811741278082088e-6
1202.0 4.7988140903579025e-6
1203.0 4.785920132054552e-6
1204.0 4.77305954891261e-6
1205.0 4.760232487149661e-6
1206.0 4.747439093419875e-6
1207.0 4.734679514763255e-6
1208.0 4.721953898563845e-6
1209.0 4.709262392492245e-6
1210.0 4.696605144441875e-6
1211.0 4.683982302489655e-6
1212.0 4.671394014820834e-6
1213.0 4.658840429666162e-6
1214.0 4.646321695246071e-6
1215.0 4.633837959695881e-6
1216.0 4.621389370993673e-6
1217.0 4.608976076902786e-6
1218.0 4.596598224884535e-6
1219.0 4.5842559620319285e-6
1220.0 4.571949434997323e-6
1221.0 4.559678789914403e-6
1222.0 4.547444172316138e-6
1223.0 4.535245727066459e-6
1224.0 4.5230835982790406e-6
1225.0 4.510957929234632e-6
1226.0 4.498868862309204e-6
1227.0 4.4868165388929705e-6
1228.0 4.4748010993114275e-6
1229.0 4.4628226827458885e-6
1230.0 4.450881427159086e-6
1231.0 4.438977469215133e-6
1232.0 4.427110944199736e-6
1233.0 4.415281985948088e-6
1234.0 4.403490726769216e-6
1235.0 4.391737297369822e-6
1236.0 4.3800218267781325e-6
1237.0 4.368344442273929e-6
1238.0 4.356705269316782e-6
1239.0 4.345104431474712e-6
1240.0 4.333542050359764e-6
1241.0 4.322018245548311e-6
1242.0 4.310533134530134e-6
1243.0 4.2990868326325275e-6
1244.0 4.2876794529653914e-6
1245.0 4.276311106355167e-6
1246.0 4.264981901282806e-6
1247.0 4.253691943838816e-6
1248.0 4.24244133764811e-6
1249.0 4.231230183836154e-6
1250.0 4.220058580962309e-6
1251.0 4.208926624975846e-6
1252.0 4.197834409170284e-6
1253.0 4.186782024132554e-6
1254.0 4.1757695577014054e-6
1255.0 4.1647970949279265e-6
1256.0 4.1538647180317225e-6
1257.0 4.142972506365909e-6
1258.0 4.132120536382338e-6
1259.0 4.12130888159872e-6
1260.0 4.110537612561658e-6
1261.0 4.0998067968270165e-6
1262.0 4.0891164989255485e-6
1263.0 4.078466780344645e-6
1264.0 4.067857699499768e-6
1265.0 4.057289311714784e-6
1266.0 4.046761669210097e-6
1267.0 4.03627482107787e-6
1268.0 4.025828813273016e-6
1269.0 4.015423688599285e-6
1270.0 4.005059486700121e-6
1271.0 3.99473624404931e-6
1272.0 3.984453993942973e-6
1273.0 3.9742127665027555e-6
1274.0 3.964012588662369e-6
1275.0 3.953853484175261e-6
1276.0 3.943735473613298e-6
1277.0 3.933658574371547e-6
1278.0 3.923622800667517e-6
1279.0 3.913628163556669e-6
1280.0 3.90367467092828e-6
1281.0 3.893762327530882e-6
1282.0 3.883891134968448e-6
1283.0 3.874061091725865e-6
1284.0 3.86427219317122e-6
1285.0 3.854524431585906e-6
1286.0 3.844817796169633e-6
1287.0 3.835152273063438e-6
1288.0 3.82552784537337e-6
1289.0 3.81594449318647e-6
1290.0 3.806402193597677e-6
1291.0 3.7969009207292483e-6
1292.0 3.7874406457578682e-6
1293.0 3.7780213369437183e-6
1294.0 3.768642959654658e-6
1295.0 3.7593054763896162e-6
1296.0 3.7500088468213884e-6
1297.0 3.740753027808008e-6
1298.0 3.7315379734418066e-6
1299.0 3.7223636350685707e-6
1300.0 3.7132299613255707e-6
1301.0 3.704136898173793e-6
1302.0 3.6950843889330975e-6
1303.0 3.68607237431398e-6
1304.0 3.6771007924564036e-6
1305.0 3.6681695789642397e-6
1306.0000000000002 3.6592786669403126e-6
1307.0 3.6504279870258813e-6
1308.0 3.6416174674351762e-6
1308.9999999999998 3.6328470339987154e-6
1310.0 3.6241166101945788e-6
1311.0 3.615426117192615e-6
1312.0 3.6067754738900357e-6
1313.0 3.5981645969506547e-6
1314.0 3.589593400849406e-6
1315.0 3.5810617979064893e-6
1316.0 3.5725696983287355e-6
1317.0000000000002 3.564117010249493e-6
1318.0 3.5557036397716376e-6
1319.0 3.547329491007043e-6
1319.9999999999998 3.5389944661127057e-6
1321.0 3.5306984653349835e-6
1322.0 3.522441387051987e-6
1323.0 3.514223127807919e-6
1324.0 3.5060435823604077e-6
1325.0 3.49790264371644e-6
1326.0 3.4898002031717283e-6
1327.0 3.4817361503574976e-6
1328.0000000000002 3.4737103732740157e-6
1329.0 3.46572275832909e-6
1330.0 3.4577731903881072e-6
1330.9999999999998 3.449861552802119e-6
1332.0 3.441987727451888e-6
1333.0 3.434151594789687e-6
1334.0 3.4263530338729226e-6
1335.0 3.418591922407882e-6
1336.0 3.410868136784597e-6
1337.0 3.4031815521149317e-6
1338.0 3.3955320422717857e-6
1339.0000000000002 3.387919479928288e-6
1340.0 3.3803437365891816e-6
1341.0 3.372804682634119e-6
1341.9999999999998 3.3653021873519187e-6
1343.0 3.357836118970547e-6
1344.0 3.3504063447051277e-6
1345.0 3.3430127307823563e-6
1346.0 3.3356551424778843e-6
1347.0 3.3283334441578104e-6
1348.0 3.3210474993023167e-6
1349.0 3.3137971705464163e-6
1350.0000000000002 3.306582319711813e-6
1351.0 3.2994028078371157e-6
1352.0 3.292258495214608e-6
1352.9999999999998 3.2851492414191245e-6
1354.0 3.2780749053395263e-6
1355.0 3.2710353452116294e-6
1356.0 3.2640304186470947e-6
1357.0 3.257059982666636e-6
1358.0 3.250123893725323e-6
1359.0 3.243222007744191e-6
1360.0 3.23635418014039e-6
1361.0000000000002 3.229520265853755e-6
1362.0 3.2227201193745735e-6
1363.0 3.215953594772131e-6
1363.9999999999998 3.2092205457193686e-6
1365.0 3.2025208255246983e-6
1366.0 3.195854287152183e-6
1366.9999999999998 3.1892207832484394e-6
1368.0 3.1826201661712107e-6
1369.0 3.17605228801016e-6
1370.0 3.1695170006133863e-6
1371.0 3.1630141556101676e-6
1372.0000000000002 3.15654360443361e-6
1373.0 3.1501051983445295e-6
1374.0 3.1436987884553237e-6
1374.9999999999998 3.1373242257482995e-6
1376.0 3.130981361098369e-6
1377.0 3.124670045297502e-6
1377.9999999999998 3.118390129071445e-6
1379.0 3.1121414631001582e-6
1380.0 3.105923898039415e-6
1381.0 3.099737284538614e-6
1382.0 3.0935814732630913e-6
1383.0000000000002 3.087456314904861e-6
1384.0 3.0813616602105306e-6
1385.0 3.0752973599889256e-6
1385.9999999999998 3.0692632651387923e-6
1387.0 3.0632592266566713e-6
1388.0 3.0572850956568742e-6
1388.9999999999998 3.0513407233903656e-6
1390.0 3.045425961253584e-6
1391.0 3.0395406608122876e-6
1392.0 3.0336846738065863e-6
1393.0 3.027857852174834e-6
1394.0000000000002 3.0220600480624477e-6
1395.0 3.0162911138343805e-6
1396.0 3.0105509020953996e-6
1396.9999999999998 3.0048392656946823e-6
1398.0 2.9991560577443626e-6
1399.0 2.993501131629846e-6
1399.9999999999998 2.9878743410211447e-6
1401.0 2.9822755398855646e-6
1402.0 2.9767045824997246e-6
1403.0 2.9711613234581856e-6
1404.0 2.9656456176862252e-6
1405.0000000000002 2.960157320449453e-6
1406.0 2.954696287364069e-6
1407.0 2.9492623744061667e-6
1407.9999999999998 2.943855437920959e-6
1409.0 2.938475334633965e-6
1410.0 2.9331219216563812e-6
1410.9999999999998 2.9277950564972736e-6
1412.0 2.9224945970684785e-6
1413.0 2.9172204016955966e-6
1414.0 2.911972329124321e-6
1415.0 2.9067502385268765e-6
1416.0000000000002 2.9015539895120587e-6
1417.0 2.896383442128337e-6
1418.0 2.8912384568747044e-6
1419.0000000000002 2.886118894703498e-6
1420.0 2.881024617029696e-6
1421.0 2.875955485734715e-6
1421.9999999999998 2.870911363172504e-6
1423.0 2.8658921121760902e-6
1424.0 2.860897596061117e-6
1425.0 2.8559276786335483e-6
1426.0 2.8509822241911006e-6
1427.0000000000002 2.8460610975314407e-6
1428.0 2.8411641639541374e-6
1429.0 2.8362912892655536e-6
1430.0000000000002 2.831442339783622e-6
1431.0 2.826617182339308e-6
1432.0 2.8218156842845924e-6
1432.9999999999998 2.817037713491326e-6
1434.0 2.8122831383577247e-6
1435.0 2.8075518278101682e-6
1436.0 2.8028436513057456e-6
1437.0 2.798158478836258e-6
1438.0000000000002 2.79349618092904e-6
1439.0 2.788856628652231e-6
1440.0 2.784239693613607e-6
1441.0000000000002 2.7796452479660923e-6
1442.0 2.775073164406624e-6
1443.0 2.770523316180203e-6
1443.9999999999998 2.7659955770814903e-6
1445.0 2.7614898214543086e-6
1446.0 2.7570059241955053e-6
1447.0 2.752543760754649e-6
1448.0 2.7481032071366233e-6
1449.0000000000002 2.7436841399008554e-6
1450.0 2.7392864361631353e-6
1451.0 2.7349099735977684e-6
1452.0000000000002 2.7305546304351536e-6
1453.0 2.7262202854649525e-6
1454.0 2.721906818036281e-6
1454.9999999999998 2.71761410805523e-6
1456.0 2.713342035990125e-6
1457.0 2.7090904828673533e-6
1458.0 2.7048593302719723e-6
1459.0 2.7006484603506497e-6
1460.0 2.6964577558075863e-6
1461.0 2.6922870999077884e-6
1462.0 2.688136376472747e-6
1463.0000000000002 2.6840054698835992e-6
1464.0 2.67989426507925e-6
1465.0 2.675802647555505e-6
1465.9999999999998 2.6717305033656683e-6
1467.0 2.667677719117237e-6
1468.0 2.6636441819728295e-6
1469.0 2.659629779650311e-6
1470.0 2.6556344004193905e-6
1471.0 2.651657933101804e-6
1472.0 2.647700267071371e-6
1473.0 2.6437612922504623e-6
1474.0000000000002 2.6398408991095653e-6
1475.0 2.635938978667541e-6
1476.0 2.6320554224887813e-6
1476.9999999999998 2.6281901226814177e-6
1478.0 2.6243429718964337e-6
1479.0 2.620513863327923e-6
1480.0 2.6167026907070973e-6
1481.0 2.6129093483054134e-6
1482.0 2.6091337309305312e-6
1483.0 2.6053757339235247e-6
1484.0 2.601635253160848e-6
1485.0000000000002 2.597912185048736e-6
1486.0 2.594206426522202e-6
1487.0 2.5905178750451504e-6
1487.9999999999998 2.5868464286062895e-6
1489.0 2.5831919857183307e-6
1490.0 2.5795544454150064e-6
1491.0 2.5759337072498795e-6
1492.0 2.5723296712938337e-6
1493.0 2.5687422381337323e-6
1494.0 2.565171308868578e-6
1495.0 2.5616167851096624e-6
1496.0000000000002 2.5580785689758746e-6
1497.0 2.5545565630940733e-6
1498.0 2.551050670594264e-6
1498.9999999999998 2.5475607951096782e-6
1500.0 2.5440868407716e-6
1501.0 2.5406287122112956e-6
1502.0 2.5371863145528954e-6
1503.0 2.5337595534152654e-6
1504.0 2.530348334905487e-6
1505.0 2.5269525656202232e-6
1506.0 2.5235721526409465e-6
1507.0000000000002 2.5202070035329867e-6
1508.0 2.5168570263416886e-6
1509.0 2.5135221295899896e-6
1509.9999999999998 2.510202222277677e-6
1511.0 2.5068972138777396e-6
1512.0 2.503607014332417e-6
1513.0 2.500331534053024e-6
1514.0 2.497070683917161e-6
1515.0 2.4938243752634744e-6
1516.0 2.4905925198928523e-6
1517.0 2.487375030063258e-6
1518.0000000000002 2.4841718184880074e-6
1519.0 2.4809827983331378e-6
1520.0 2.477807883214823e-6
1520.9999999999998 2.474646987197227e-6
1522.0 2.471500024788061e-6
1523.0 2.468366910938461e-6
1524.0 2.465247561038776e-6
1525.0 2.462141890916521e-6
1526.0 2.4590498168333707e-6
1527.0 2.4559712554831377e-6
1528.0 2.4529061239872844e-6
1529.0000000000002 2.449854339895967e-6
1530.0 2.446815821181206e-6
1531.0 2.4437904862377763e-6
1531.9999999999998 2.4407782538770833e-6
1533.0 2.437779043327852e-6
1534.0 2.4347927742310107e-6
1535.0 2.431819366639291e-6
1536.0 2.4288587410121366e-6
1537.0 2.4259108182143734e-6
1538.0 2.4229755195141636e-6
1539.0 2.4200527665782985e-6
1540.0000000000002 2.4171424814727473e-6
1541.0 2.4142445866568464e-6
1542.0 2.41135900498162e-6
1542.9999999999998 2.4084856596885366e-6
1544.0 2.4056244744058727e-6
1545.0 2.402775373144337e-6
1546.0 2.3999382802981925e-6
1547.0 2.397113120639413e-6
1548.0 2.3942998193165857e-6
1549.0 2.39149830185255e-6
1550.0 2.388708494140317e-6
1551.0000000000002 2.385930322441359e-6
1552.0 2.3831637133843063e-6
1553.0 2.380408593959549e-6
1553.9999999999998 2.377664891519119e-6
1555.0 2.3749325337726945e-6
1556.0 2.372211448786766e-6
1557.0 2.369501564979429e-6
1558.0 2.3668028111199073e-6
1559.0 2.364115116325564e-6
1560.0 2.3614384100586606e-6
1561.0 2.3587726221260548e-6
1562.0000000000002 2.3561176826722796e-6
1563.0 2.353473522182706e-6
1564.0 2.3508400714758426e-6
1564.9999999999998 2.3482172617048064e-6
1566.0 2.3456050243521476e-6
1567.0 2.343003291229371e-6
1568.0 2.340411994472919e-6
1569.0 2.337831066542875e-6
1570.0 2.3352604402191325e-6
1571.0 2.332700048601731e-6
1572.0 2.3301498251050835e-6
1573.0000000000002 2.3276097034573653e-6
1574.0 2.3250796176986942e-6
1575.0 2.322559502177479e-6
1575.9999999999998 2.3200492915486707e-6
1577.0 2.317548920771187e-6
1578.0 2.315058325105996e-6
1579.0 2.3125774401140017e-6
1580.0 2.3101062016519474e-6
1581.0 2.3076445458729948e-6
1582.0 2.305192409222407e-6
1583.0 2.3027497284353885e-6
1584.0000000000002 2.3003164405362457e-6
1585.0 2.297892482834391e-6
1586.0 2.295477792923219e-6
1586.9999999999998 2.293072308678046e-6
1588.0 2.2906759682529185e-6
1589.0 2.288288710079435e-6
1590.0 2.2859104728641395e-6
1591.0 2.2835411955870377e-6
1592.0 2.2811808174978606e-6
1593.0 2.2788292781160094e-6
1594.0 2.276486517226999e-6
1595.0000000000002 2.2741524748811886e-6
1596.0 2.2718270913912086e-6
1597.0 2.2695103073302982e-6
1597.9999999999998 2.267202063530332e-6
1599.0 2.264902301079358e-6
1600.0 2.2626109613199942e-6
1601.0 2.2603279858478185e-6
1602.0 2.2580533165084003e-6
1603.0 2.255786895396204e-6
1604.0 2.253528664852652e-6
1605.0 2.251278567464449e-6
1606.0000000000002 2.2490365460601946e-6
1607.0 2.246802543710747e-6
1608.0 2.244576503725668e-6
1608.9999999999998 2.242358369652828e-6
1610.0 2.2401480852749242e-6
1611.0 2.2379455946094133e-6
1612.0 2.2357508419059e-6
1613.0 2.233563771644284e-6
1614.0 2.2313843285331253e-6
1615.0 2.2292124575091633e-6
1616.0 2.2270481037334968e-6
1617.0000000000002 2.2248912125914403e-6
1618.0 2.2227417296908384e-6
1619.0 2.2205996008603413e-6
1619.9999999999998 2.2184647721466397e-6
1621.0 2.2163371898155246e-6
1622.0 2.214216800346837e-6
1622.9999999999998 2.2121035504366433e-6
1624.0 2.209997386993509e-6
1625.0 2.2078982571370986e-6
1626.0 2.205806108197033e-6
1627.0 2.2037208877126544e-6
1628.0000000000002 2.201642543429912e-6
1629.0 2.1995710233002208e-6
1630.0 2.1975062754804453e-6
1630.9999999999998 2.1954482483302593e-6
1632.0 2.1933968904114284e-6
1633.0 2.1913521504861746e-6
1633.9999999999998 2.189313977515883e-6
1635.0 2.187282320660966e-6
1636.0 2.1852571292778673e-6
1637.0 2.1832383529199124e-6
1638.0 2.181225941334e-6
1639.0000000000002 2.179219844461375e-6
1640.0 2.1772200124348848e-6
1641.0 2.175226395579374e-6
1641.9999999999998 2.1732389444095007e-6
1643.0 2.1712576096295832e-6
1644.0 2.1692823421319396e-6
1644.9999999999998 2.1673130929960464e-6
1646.0 2.1653498134877504e-6
1647.0 2.163392455058585e-6
1648.0 2.1614409693436917e-6
1649.0 2.1594953081628177e-6
1650.0000000000002 2.1575554235178125e-6
1651.0 2.1556212675923677e-6
1652.0 2.153692792751387e-6
1652.9999999999998 2.1517699515400896e-6
1654.0 2.1498526966836046e-6
1655.0 2.1479409810850105e-6
1655.9999999999998 2.1460347578266e-6
1657.0 2.144133980166648e-6
1658.0 2.1422386015417137e-6
1659.0 2.1403485755637125e-6
1660.0 2.138463856020303e-6
1661.0000000000002 2.136584396873882e-6
1662.0 2.1347101522616655e-6
1663.0 2.1328410764942963e-6
1664.0000000000002 2.130977124056554e-6
1665.0 2.1291182496051204e-6
1666.0 2.1272644079705737e-6
1666.9999999999998 2.1254155541539397e-6
1668.0 2.123571643329089e-6
1669.0 2.121732630840491e-6
1670.0 2.1198984722040657e-6
1671.0 2.1180691231061074e-6
1672.0000000000002 2.116244539403245e-6
1673.0 2.114424677121803e-6
1674.0 2.112609492458858e-6
1675.0000000000002 2.1107989417798997e-6
1676.0 2.108992981620437e-6
1677.0 2.1071915686855705e-6
1677.9999999999998 2.1053946598481493e-6
1679.0 2.1036022121514796e-6
1680.0 2.1018141828063185e-6
1681.0 2.1000305291932733e-6
1682.0 2.0982512088608272e-6
1683.0000000000002 2.096476179526469e-6
1684.0 2.094705399076193e-6
1685.0 2.0929388255647876e-6
1686.0000000000002 2.0911764172155397e-6
1687.0 2.0894181324205662e-6
1688.0 2.087663929740798e-6
1688.9999999999998 2.0859137679061024e-6
1690.0 2.0841676058154653e-6
1691.0 2.0824254025367675e-6
1692.0 2.080687117307175e-6
1693.0 2.0789527095341286e-6
1694.0000000000002 2.0772221387939933e-6
1695.0 2.075495364833691e-6
1696.0 2.0737723475700097e-6
1697.0000000000002 2.072053047090019e-6
1698.0 2.07033742365214e-6
1699.0 2.0686254376858017e-6
1699.9999999999998 2.0669170497913833e-6
1701.0 2.0652122207412076e-6
1702.0 2.063510911479913e-6
1703.0 2.0618130831250657e-6
1704.0 2.0601186969657773e-6
1705.0000000000002 2.0584277144661273e-6
1706.0 2.0567400972623797e-6
1707.0 2.05505580716635e-6
1708.0000000000002 2.05337480616376e-6
1709.0 2.051697056415376e-6
1710.0 2.0500225202583965e-6
1710.9999999999998 2.0483511602054724e-6
1712.0 2.046682938946222e-6
1713.0 2.0450178193475133e-6
1714.0 2.0433557644538303e-6
1715.0 2.041696737488257e-6
1716.0 2.040040701852844e-6
1717.0 2.0383876211289787e-6
1718.0 2.0367374590782116e-6
1719.0000000000002 2.0350901796429084e-6
1720.0 2.0334457469472416e-6
1721.0 2.031804125296897e-6
1721.9999999999998 2.0301652791803354e-6
1723.0 2.028529173269673e-6
1724.0 2.0268957724209812e-6
1725.0 2.025265041675005e-6
1726.0 2.0236369462578817e-6
1727.0 2.022011451581648e-6
1728.0 2.0203885232459133e-6
1729.0 2.018768127037148e-6
1730.0000000000002 2.0171502289300725e-6
1731.0 2.0155347950890203e-6
1732.0 2.013921791867456e-6
1732.9999999999998 2.0123111858095268e-6
1734.0 2.010702943651061e-6
1735.0 2.009097032319131e-6
1736.0 2.0074934189339227e-6
1737.0 2.0058920708091735e-6
1738.0 2.004292955452886e-6
1739.0 2.0026960405677195e-6
1740.0 2.0011012940526486e-6
1741.0000000000002 1.999508684003182e-6
1742.0 1.99791817871176e-6
1743.0 1.996329746669108e-6
1743.9999999999998 1.994743356565272e-6
1745.0 1.99315897728923e-6
1746.0 1.9915765779311524e-6
1747.0 1.989996127781884e-6
1748.0 1.988417596334426e-6
1749.0 1.986840953284679e-6
1750.0 1.9852661685316847e-6
1751.0 1.983693212179097e-6
1752.0000000000002 1.9821220545359925e-6
1753.0 1.9805526661162093e-6
1754.0 1.9789850176413147e-6
1754.9999999999998 1.9774190800389102e-6
1756.0 1.9758548244460497e-6
1757.0 1.9742922222076313e-6
1758.0 1.9727312448781136e-6
1759.0 1.971171864222765e-6
1760.0 1.9696140522171923e-6
1761.0 1.9680577810493557e-6
1762.0 1.966503023118581e-6
1763.0000000000002 1.9649497510384784e-6
1764.0 1.9633979376355324e-6
1765.0 1.961847555950856e-6
1765.9999999999998 1.960298579241229e-6
1767.0 1.9587509809781454e-6
1768.0 1.9572047348507723e-6
1769.0 1.955659814763978e-6
1770.0 1.9541161948415265e-6
1771.0 1.95257384942474e-6
1772.0 1.9510327530737653e-6
1773.0 1.949492880568914e-6
1774.0000000000002 1.9479542069099556e-6
1775.0 1.946416707317632e-6
1776.0 1.9448803572332343e-6
1776.9999999999998 1.9433451323206273e-6
1778.0 1.9418110084654555e-6
1779.0 1.9402779617757897e-6
1780.0 1.938745968583838e-6
1781.0 1.9372150054445898e-6
1782.0 1.9356850491379794e-6
1783.0 1.9341560766676046e-6
1784.0 1.9326280652632117e-6
1785.0000000000002 1.931100992379383e-6
1786.0 1.929574835696396e-6
1787.0 1.928049573121642e-6
1787.9999999999998 1.9265251827879856e-6
1789.0 1.925001643056361e-6
1790.0 1.92347893251393e-6
1791.0 1.9219570299763654e-6
1792.0 1.9204359144867885e-6
1793.0 1.9189155653162063e-6
1794.0 1.917395961964891e-6
1795.0 1.9158770841607707e-6
1796.0000000000002 1.914358911861662e-6
1797.0 1.9128414252533835e-6
1798.0 1.911324604751853e-6
1798.9999999999998 1.9098084310020914e-6
1800.0 1.908292884878341e-6
1801.0 1.9067779474852284e-6
1802.0 1.9052636001562965e-6
1803.0 1.9037498244558325e-6
1804.0 1.9022366021770923e-6
1805.0 1.9007239153437583e-6
1806.0 1.8992117462093044e-6
1807.0000000000002 1.8977000772572907e-6
1808.0 1.8961888912012645e-6
1809.0 1.894678170984132e-6
1809.9999999999998 1.8931678997793896e-6
1811.0 1.8916580609892008e-6
1812.0 1.8901486382460723e-6
1813.0 1.8886396154115642e-6
1814.0 1.8871309765769093e-6
1815.0 1.8856227060621633e-6
1816.0 1.8841147884160113e-6
1817.0 1.882607208416465e-6
1818.0000000000002 1.881099951069722e-6
1819.0 1.8795930016098725e-6
1820.0 1.8780863454990174e-6
1820.9999999999998 1.876579968427274e-6
1822.0 1.8750738563112694e-6
1823.0 1.8735679952950048e-6
1824.0 1.8720623717488748e-6
1825.0 1.870556972269502e-6
1826.0 1.8690517836790156e-6
1827.0 1.867546793024774e-6
1828.0 1.8660419875794006e-6
1829.0000000000002 1.8645373548389373e-6
1830.0 1.863032882524057e-6
1831.0 1.8615285585783974e-6
1831.9999999999998 1.8600243711681813e-6
1833.0 1.858520308682083e-6
1834.0 1.8570163597302672e-6
1835.0 1.8555125131436083e-6
1836.0 1.8540087579734122e-6
1837.0 1.8525050834908634e-6
1838.0 1.851001479186044e-6
1839.0 1.8494979347671194e-6
1840.0000000000002 1.8479944401600592e-6
1841.0 1.8464909855074698e-6
1842.0 1.8449875611683777e-6
1842.9999999999998 1.8434841577166736e-6
1844.0 1.8419807659411526e-6
1845.0 1.8404773768440856e-6
1846.0 1.8389739816406661e-6
1847.0 1.837470571758176e-6
1848.0 1.835967138834744e-6
1849.0 1.8344636747191372e-6
1850.0 1.8329601714691441e-6
1851.0000000000002 1.831456621350814e-6
1852.0 1.8299530168383395e-6
1853.0 1.828449350611332e-6
1853.9999999999998 1.8269456155560934e-6
1855.0 1.8254418047620742e-6
1856.0 1.8239379115234041e-6
1857.0 1.8224339293357146e-6
1858.0 1.8209298518968092e-6
1859.0 1.8194256731041695e-6
1860.0 1.8179213870548337e-6
1861.0 1.816416988043722e-6
1862.0000000000002 1.8149124705627555e-6
1863.0 1.8134078293000225e-6
1864.0 1.8119030591379388e-6
1864.9999999999998 1.8103981551524516e-6
1866.0 1.808893112612159e-6
1867.0 1.8073879269763915e-6
1868.0 1.8058825938949104e-6
1869.0 1.8043771092057976e-6
1870.0 1.80287146893468e-6
1871.0 1.8013656692933937e-6
1872.0 1.7998597066789558e-6
1873.0000000000002 1.7983535776716104e-6
1874.0 1.796847279034296e-6
1875.0 1.7953408077111296e-6
1875.9999999999998 1.793834160825456e-6
1877.0 1.7923273356796954e-6
1878.0 1.7908203297527864e-6
1878.9999999999998 1.7893131406996816e-6
1880.0 1.7878057663499316e-6
1881.0 1.7862982047052818e-6
1882.0 1.7847904539401293e-6
1883.0 1.783282512397935e-6
1884.0000000000002 1.7817743785920384e-6
1885.0 1.7802660512024958e-6
1886.0 1.7787575290753866e-6
1886.9999999999998 1.7772488112215392e-6
1888.0 1.7757398968149445e-6
1889.0 1.7742307851909048e-6
1889.9999999999998 1.7727214758451005e-6
1891.0 1.7712119684317514e-6
1892.0 1.7697022627625494e-6
1893.0 1.7681923588048586e-6
1894.0 1.7666822566803483e-6
1895.0000000000002 1.7651719566632255e-6
1896.0 1.7636614591793613e-6
1897.0 1.762150764804021e-6
1897.9999999999998 1.7606398742611707e-6
1899.0 1.7591287884208253e-6
1900.0 1.757617508298966e-6
1900.9999999999998 1.7561060350550728e-6
1902.0 1.7545943699901253e-6
1903.0 1.753082514546823e-6
1904.0 1.7515704703062565e-6
1905.0 1.7500582389870584e-6
1906.0000000000002 1.7485458224440378e-6
1907.0 1.7470332226662462e-6
1908.0 1.7455204417760423e-6
1908.9999999999998 1.7440074820268276e-6
1910.0 1.742494345801757e-6
1911.0 1.7409810356124326e-6
1911.9999999999998 1.7394675540966794e-6
1913.0 1.737953904017779e-6
1914.0 1.7364400882627184e-6
1915.0 1.734926109840068e-6
1916.0 1.7334119718787443e-6
1917.0000000000002 1.7318976776269529e-6
1918.0 1.7303832304499e-6
1919.0 1.7288686338285654e-6
1919.9999999999998 1.727353891358077e-6
1921.0 1.7258390067459555e-6
1922.0 1.7243239838112083e-6
1922.9999999999998 1.7228088264817638e-6
1924.0 1.7212935387938782e-6
1925.0 1.7197781248897896e-6
1926.0 1.7182625890171264e-6
1927.0 1.7167469355260544e-6
1928.0000000000002 1.715231168868764e-6
1929.0 1.7137152935975996e-6
1930.0 1.712199314363335e-6
1931.0000000000002 1.710683235914304e-6
1932.0 1.7091670630934999e-6
1933.0 1.7076508008386262e-6
1933.9999999999998 1.7061344541793837e-6
1935.0 1.704618028236755e-6
1936.0 1.7031015282209054e-6
1937.0 1.7015849594296588e-6
1938.0 1.7000683272477379e-6
1939.0000000000002 1.6985516371444627e-6
1940.0 1.6970348946723531e-6
1941.0 1.6955181054658944e-6
1942.0000000000002 1.6940012752398372e-6
1943.0 1.6924844097879822e-6
1944.0 1.6909675149816139e-6
1944.9999999999998 1.6894505967675965e-6
1946.0 1.6879336611674815e-6
1947.0 1.6864167142757354e-6
1948.0 1.6848997622580617e-6
1949.0 1.683382811350747e-6
1950.0000000000002 1.6818658678582859e-6
1951.0 1.6803489381527468e-6
1952.0 1.6788320286716385e-6
1953.0000000000002 1.6773151459170248e-6
1954.0 1.6757982964535127e-6
1955.0 1.6742814869079157e-6
1955.9999999999998 1.6727647239666144e-6
1957.0 1.6712480143746184e-6
1958.0 1.6697313649348941e-6
1959.0 1.6682147825058354e-6
1960.0 1.6666982740007851e-6
1961.0000000000002 1.6651818463858933e-6
1962.0 1.6636655066796646e-6
1963.0 1.6621492619512847e-6
1964.0000000000002 1.6606331193181947e-6
1965.0 1.6591170859468727e-6
1966.0 1.6576011690498014e-6
1966.9999999999998 1.656085375884909e-6
1968.0 1.6545697137539188e-6
1969.0 1.6530541900014712e-6
1970.0 1.6515388120134038e-6
1971.0 1.6500235872158358e-6
1972.0 1.6485085230740994e-6
1973.0 1.6469936270905418e-6
1974.0 1.6454789068043566e-6
1975.0000000000002 1.6439643697898096e-6
1976.0 1.6424500236547118e-6
1977.0 1.6409358760404096e-6
1977.9999999999998 1.639421934619211e-6
1979.0 1.637908207093765e-6
1980.0 1.6363947011966102e-6
1981.0 1.6348814246871044e-6
1982.0 1.6333683853525668e-6
1983.0 1.6318555910054445e-6
1984.0 1.63034304948272e-6
1985.0 1.628830768645052e-6
1986.0000000000002 1.6273187563753776e-6
1987.0 1.6258070205776324e-6
1988.0 1.6242955691761034e-6
1988.9999999999998 1.6227844101140976e-6
1990.0 1.62127355135249e-6
1991.0 1.6197630008696356e-6
1992.0 1.618252766659505e-6
1993.0 1.616742856730499e-6
1994.0 1.615233279105254e-6
1995.0 1.6137240418187666e-6
1996.0 1.6122151529183882e-6
1997.0000000000002 1.6107066204613246e-6
1998.0 1.60919845251519e-6
1999.0 1.6076906571561545e-6
1999.9999999999998 1.606183242467992e-6
