0.0 1.0926930227837113e-5
1.0 1.092700745065144e-5
2.0 1.0927239125934835e-5
3.0 1.0927625274310853e-5
4.0 1.092816593003365e-5
5.0 1.0928861141141042e-5
6.0 1.0929710969449625e-5
7.0 1.0930715490480057e-5
8.0 1.0931874793527097e-5
9.0 1.0933188981688082e-5
10.0 1.0934658171931993e-5
10.999999999999998 1.0936282494954507e-5
12.0 1.0938062095392131e-5
13.000000000000002 1.0939997131819603e-5
14.0 1.0942087776697138e-5
14.999999999999998 1.0944334216456386e-5
16.0 1.0946736651567421e-5
17.0 1.0949295296591981e-5
18.0 1.0952010380127738e-5
19.0 1.0954882144981978e-5
20.0 1.0957910848210402e-5
21.0 1.0961096761088991e-5
21.999999999999996 1.0964440169236711e-5
23.0 1.0967941372692033e-5
24.0 1.097160068594427e-5
25.0 1.0975418438047103e-5
26.000000000000004 1.0979394972629155e-5
27.0 1.0983530648016257e-5
28.0 1.0987825837311603e-5
29.0 1.099228092847854e-5
29.999999999999996 1.0996896324404141e-5
31.0 1.10016724430288e-5
32.0 1.1006609717442065e-5
33.0 1.1011708595892708e-5
34.0 1.1016969542036891e-5
35.0 1.1022393034964506e-5
36.0 1.1027979569163753e-5
37.0 1.1033729655025132e-5
38.0 1.1039643818545504e-5
39.0 1.1045722601667775e-5
40.0 1.1051966562368713e-5
41.0 1.105837627475617e-5
42.0 1.106495232928476e-5
43.0 1.1071695332765783e-5
43.99999999999999 1.1078605908626057e-5
45.0 1.1085684696967685e-5
46.0 1.1092932354797647e-5
47.0 1.1100349556124142e-5
48.0 1.1107936992110629e-5
49.0 1.1115695371312468e-5
50.0 1.1123625419764929e-5
51.0 1.1131727881163257e-5
52.00000000000001 1.1140003517175844e-5
53.0 1.1148453107373357e-5
54.0 1.1157077449618308e-5
55.0 1.116587736026492e-5
56.0 1.1174853674147353e-5
57.0 1.1184007245098002e-5
58.0 1.1193338945795484e-5
59.0 1.1202849668343688e-5
59.99999999999999 1.121254032421934e-5
61.0 1.122241184461298e-5
62.0 1.123246518061711e-5
63.0 1.1242701303473903e-5
64.0 1.12531212049164e-5
65.0 1.1263725897223422e-5
66.0 1.1274516413604434e-5
67.0 1.1285493808454967e-5
68.0 1.1296659157601094e-5
69.0 1.1308013558503025e-5
70.0 1.1319558130722816e-5
71.0 1.1331294016009276e-5
72.0 1.1343222378682485e-5
73.0 1.135534440598494e-5
74.0 1.136766130823126e-5
75.0 1.1380174319285746e-5
76.0 1.139288469687431e-5
77.0 1.1405793722744578e-5
78.0 1.1418902703200661e-5
79.0 1.1432212969412918e-5
80.0 1.144572587764543e-5
81.0 1.1459442809750005e-5
82.0 1.1473365173475938e-5
83.00000000000001 1.1487494402893937e-5
84.0 1.1501831958749072e-5
85.0 1.1516379328884451e-5
86.0 1.1531138028584963e-5
87.0 1.1546109601153268e-5
87.99999999999999 1.156129561811801e-5
89.0 1.157669767980814e-5
90.0 1.1592317415876244e-5
91.0 1.1608156485491568e-5
92.0 1.1624216578106997e-5
92.99999999999999 1.1640499413796383e-5
94.0 1.1657006743662554e-5
95.0 1.1673740350548496e-5
96.0 1.1690702049394986e-5
97.0 1.1707893687764574e-5
98.0 1.1725317146489812e-5
99.00000000000001 1.1742974340196304e-5
100.0 1.1760867217744067e-5
101.0 1.1778997763008751e-5
102.0 1.1797367995244692e-5
103.0 1.1815979969875231e-5
104.00000000000001 1.1834835779134171e-5
105.0 1.1853937552489376e-5
106.0 1.1873287457463696e-5
107.0 1.1892887700355146e-5
108.0 1.191274052673109e-5
108.99999999999999 1.1932848222226033e-5
110.0 1.1953213113365404e-5
111.0 1.1973837568061547e-5
112.0 1.199472399657014e-5
113.0 1.201587485223081e-5
114.0 1.203729263210099e-5
115.00000000000001 1.2058979877990143e-5
116.0 1.2080939177135577e-5
117.0 1.2103173163079893e-5
118.0 1.2125684516534011e-5
119.0 1.2148475966324975e-5
119.99999999999999 1.217155029029869e-5
121.0 1.2194910316151175e-5
122.0 1.2218558922460313e-5
123.0 1.2242499039787734e-5
124.0 1.2266733651422637e-5
124.99999999999999 1.2291265794697204e-5
126.0 1.2316098561812536e-5
127.0 1.2341235101007034e-5
128.0 1.2366678617842413e-5
129.0 1.2392432375995761e-5
130.0 1.2418499698706028e-5
131.0 1.244488396993473e-5
132.0 1.2471588635438669e-5
133.0 1.2498617204221689e-5
134.0 1.2525973249792782e-5
135.0 1.2553660411313299e-5
136.0 1.2581682395278146e-5
137.0 1.2610042976637488e-5
138.0 1.2638746000384643e-5
139.0 1.266779538288701e-5
140.0 1.2697195113591862e-5
141.0 1.2726949256500881e-5
142.0 1.2757061951649155e-5
143.0 1.2787537416935008e-5
144.0 1.281837994955539e-5
145.0 1.2849593928101451e-5
146.0 1.2881183813931416e-5
147.0 1.2913154153273e-5
148.0 1.2945509578898621e-5
149.0 1.2978254812243856e-5
150.0 1.3011394665165708e-5
151.0 1.3044934042200258e-5
152.0 1.3078877942401827e-5
153.0 1.3113231461792314e-5
154.0 1.3147999795204503e-5
155.0 1.3183188238886652e-5
156.0 1.3218802192540035e-5
157.0 1.3254847161879947e-5
158.0 1.3291328761116938e-5
159.0 1.3328252715386535e-5
160.0 1.3365624863473374e-5
161.0 1.3403451160356814e-5
162.0 1.3441737679959095e-5
163.0 1.348049061828633e-5
164.0 1.351971629587963e-5
164.99999999999997 1.3559421161208088e-5
166.00000000000003 1.3599611793505811e-5
167.0 1.3640294906232323e-5
168.0 1.368147734994185e-5
169.0 1.3723166116102624e-5
170.0 1.3765368340330296e-5
171.0 1.380809130593814e-5
172.0 1.385134244783021e-5
173.0 1.3895129356033783e-5
174.0 1.3939459779961852e-5
174.99999999999997 1.3984341632093913e-5
175.99999999999997 1.4029782992301046e-5
177.00000000000003 1.4075792112339316e-5
178.0 1.4122377419839903e-5
179.0 1.4169547523286237e-5
180.0 1.4217311216442002e-5
181.0 1.4265677483462157e-5
182.0 1.4314655503530318e-5
183.0 1.436425465646948e-5
184.0 1.4414484527850282e-5
185.0 1.4465354914365825e-5
185.99999999999997 1.4516875829855502e-5
187.00000000000003 1.4569057510848601e-5
188.0 1.4621910422914876e-5
189.0 1.4675445266686656e-5
190.0 1.4729672984384468e-5
191.0 1.4784604766766164e-5
192.0 1.4840252059568481e-5
193.0 1.4896626571059037e-5
194.0 1.4953740279123888e-5
195.0 1.5011605439256825e-5
196.0 1.5070234591900945e-5
196.99999999999997 1.512964057116767e-5
198.00000000000003 1.518983651305993e-5
199.0 1.5250835864043467e-5
200.0 1.5312652390348166e-5
201.0 1.5375300187163292e-5
202.0 1.5438793688416907e-5
203.0 1.5503147676816956e-5
204.0 1.5568377294072884e-5
205.0 1.5634498051874102e-5
206.0 1.570152584279629e-5
206.99999999999997 1.5769476952164677e-5
208.00000000000003 1.583836806968494e-5
209.00000000000003 1.590821630217055e-5
210.0 1.597903918617164e-5
211.0 1.6050854701414773e-5
212.0 1.612368128466337e-5
213.0 1.619753784399298e-5
214.0 1.627244377387097e-5
215.0 1.6348418970327958e-5
216.0 1.642548384733199e-5
217.0 1.6503659353286936e-5
217.99999999999997 1.658296698839419e-5
219.00000000000003 1.6663428822490175e-5
220.0 1.6745067514149473e-5
221.0 1.6827906329721874e-5
222.0 1.691196916362208e-5
223.0 1.699728055928516e-5
224.0 1.7083865731334144e-5
225.0 1.7171750587877773e-5
226.0 1.7260961754322084e-5
227.0 1.7351526598158915e-5
228.0 1.7443473254213388e-5
228.99999999999997 1.7536830651606725e-5
230.00000000000003 1.76316285416604e-5
231.0 1.7727897526184506e-5
232.0 1.7825669088518514e-5
233.0 1.7924975624482396e-5
234.0 1.8025850475083236e-5
235.0 1.8128327961026202e-5
236.0 1.823244341815509e-5
237.0 1.8338233234807186e-5
238.0 1.844573489071289e-5
238.99999999999997 1.8554986997274816e-5
239.99999999999997 1.866602934011134e-5
241.00000000000003 1.87789029235816e-5
242.0 1.8893650016595945e-5
243.0 1.9010314201191485e-5
244.0 1.9128940422830792e-5
245.0 1.9249575043833983e-5
246.0 1.9372265897971268e-5
247.0 1.9497062348762966e-5
248.0 1.962401535018361e-5
249.0 1.9753177509454894e-5
249.99999999999997 1.9884603154289722e-5
251.00000000000003 2.00183484021892e-5
252.0 2.0154471232818673e-5
253.0 2.0293031565966272e-5
254.0 2.0434091340230208e-5
255.0 2.0577714598048015e-5
256.0 2.0723967573957738e-5
257.0 2.0872918787419e-5
258.0 2.1024639139876282e-5
259.0 2.117920201749905e-5
260.0 2.1336683398386858e-5
261.0 2.1497161965787002e-5
262.0 2.166071922714976e-5
263.0 2.182743963903269e-5
264.0 2.199741073848809e-5
265.0 2.2170723282214868e-5
266.0 2.234747139180799e-5
267.0 2.2527752707827287e-5
268.0 2.2711668552147612e-5
269.0 2.2899324097871752e-5
270.0 2.3090828550086702e-5
271.0 2.3286295336147865e-5
272.0 2.3485842305044658e-5
273.0 2.3689591940357814e-5
274.0 2.389767158331584e-5
275.0 2.4110213669055442e-5
276.0 2.432735597627601e-5
277.0 2.4549241891419816e-5
278.0 2.4776020687723217e-5
279.0 2.5007847821164036e-5
280.0 2.524488524184376e-5
281.0 2.5487301726596994e-5
282.0 2.573527322891843e-5
283.0 2.598898325080577e-5
284.0 2.6248623235540734e-5
285.0 2.6514392987023817e-5
286.0 2.6786501110925705e-5
287.0 2.706516548520888e-5
288.0 2.735061375879421e-5
289.0 2.7643083879620578e-5
290.0 2.794282465807003e-5
291.0 2.8250096362520206e-5
292.0 2.856517135318618e-5
293.0 2.8888334756255646e-5
294.0 2.9219885179001718e-5
295.0 2.9560135469933897e-5
296.0 2.99094135278339e-5
297.0 3.0268063160924867e-5
298.0 3.063644499963819e-5
299.0 3.101493746802548e-5
300.0 3.1403937814509654e-5
301.0 3.180386320990634e-5
302.0 3.22151519100119e-5
303.0 3.26382644944359e-5
304.0 3.307368517687145e-5
305.0 3.352192319978914e-5
306.0 3.398351430990237e-5
307.0 3.4459022320226433e-5
308.0 3.494904076538866e-5
309.0 3.545419464770487e-5
310.0 3.597514227958458e-5
311.0 3.651257722392815e-5
312.0 3.706723032984188e-5
313.0 3.763987186552051e-5
314.0 3.8231313744361105e-5
315.0 3.884241183656185e-5
316.0 3.9474068360361095e-5
317.0 4.012723433656445e-5
318.0 4.080291209157883e-5
319.0 4.150215778074947e-5
320.0 4.222608390133472e-5
321.0 4.297586175131533e-5
322.0 4.375272377655442e-5
323.0 4.455796573781876e-5
324.0 4.539294860323581e-5
325.0 4.625910005375241e-5
326.0 4.715791545399891e-5
327.0 4.809095810888077e-5
328.0 4.90598585822453e-5
329.0 5.00663127866052e-5
329.99999999999994 5.1112078516410734e-5
331.0 5.21989699782239e-5
332.00000000000006 5.332884980483036e-5
333.0 5.45036179112839e-5
334.0 5.572519641368269e-5
335.0 5.69955096721133e-5
336.0 5.831645832443255e-5
337.0 5.968988596668577e-5
338.0 6.111753688207225e-5
339.0 6.260100295634179e-5
340.0 6.414165764264289e-5
340.99999999999994 6.574057453728102e-5
342.0 6.739842789287488e-5
343.00000000000006 6.911537221806536e-5
344.0 7.089089806664687e-5
345.0 7.272366132106441e-5
346.0 7.461128382355225e-5
347.0 7.655012431736397e-5
348.0 7.853502046549741e-5
349.0 8.055900553304224e-5
349.99999999999994 8.2613007400183e-5
351.0 8.468554301159269e-5
351.99999999999994 8.676242842242916e-5
353.0 8.882653291272642e-5
354.00000000000006 9.085761471536611e-5
355.0 9.283228438833444e-5
356.0 9.472414785910114e-5
357.0 9.650418183792132e-5
358.0 9.814138642039988e-5
359.0 9.960374041405056e-5
360.0 0.00010085945263662609
360.99999999999994 0.000101878458665728
362.0 0.00010263406265342575
363.00000000000006 0.00010310457764174912
364.0 0.00010327478764605566
365.0 0.00010313705208724786
366.0 0.00010269190433819208
367.0 0.00010194805865301642
368.0 0.0001009218217254897
369.0 9.963598828746664e-5
370.0 9.811836583439437e-5
371.0 9.640010861904598e-5
371.99999999999994 9.451404173793589e-5
373.0 9.249312774549457e-5
374.00000000000006 9.036918211046899e-5
375.0 8.81718926253146e-5
376.0 8.592815204870152e-5
377.0 8.366167891704735e-5
378.0 8.139288049556426e-5
379.0 7.913890302820451e-5
380.0 7.691381473260648e-5
381.0 7.472887306380876e-5
382.0 7.259283669123944e-5
382.99999999999994 7.051229218508657e-5
384.0 6.849197426586566e-5
385.00000000000006 6.65350659239484e-5
386.0 6.464347054887498e-5
387.0 6.281805252306209e-5
388.0 6.105884566001589e-5
389.0 5.936523084466359e-5
390.0 5.773608530362984e-5
391.0 5.6169906526460835e-5
392.0 5.4664914016393276e-5
393.0 5.321913198670167e-5
393.99999999999994 5.1830455907053866e-5
395.0 5.049670550996699e-5
396.00000000000006 4.9215666562746034e-5
397.0 4.7985123387382135e-5
398.0 4.6802883821120324e-5
399.0 4.566679804465161e-5
400.0 4.457477246108968e-5
401.0 4.352477961672241e-5
402.0 4.2514864966516557e-5
403.0 4.154315115485278e-5
404.0 4.060784034252617e-5
404.99999999999994 3.970721502764305e-5
406.0 3.8839637699060494e-5
407.00000000000006 3.800354962303866e-5
408.0 3.719746897270901e-5
409.0 3.641998849635125e-5
410.0 3.5669772854307366e-5
411.0 3.4945555744609544e-5
412.0 3.424613690678245e-5
413.0 3.357037906175909e-5
413.99999999999994 3.291720485523671e-5
415.0 3.228559382821912e-5
416.00000000000006 3.167457945825396e-5
417.0 3.1083246283303715e-5
418.00000000000006 3.0510727127589067e-5
419.0 2.9956200437766535e-5
420.0 2.9418887737309053e-5
421.0 2.889805120128796e-5
422.0 2.8392991351628475e-5
423.0 2.79030448725552e-5
424.0 2.7427582545057067e-5
424.99999999999994 2.6966007295153372e-5
426.0 2.6517752352015462e-5
427.00000000000006 2.6082279514980767e-5
428.0 2.5659077519286152e-5
429.0 2.5247660499953133e-5
430.0 2.484756654805775e-5
431.0 2.445835635125203e-5
432.0 2.4079611920146557e-5
433.0 2.3710935388186634e-5
434.0 2.3351947888255294e-5
435.0 2.300228849325848e-5
435.99999999999994 2.2661613225529443e-5
437.0 2.232959412371649e-5
438.00000000000006 2.200591836705677e-5
439.0 2.1690287453097496e-5
440.0 2.1382416424635436e-5
441.0 2.1082033143734965e-5
442.0 2.0788877608918864e-5
443.0 2.0502701313033818e-5
444.0 2.0223266640526186e-5
445.0 1.995034629880541e-5
446.0 1.9683722784073347e-5
446.99999999999994 1.942318787911003e-5
448.0 1.9168542178687258e-5
449.00000000000006 1.8919594644157807e-5
450.0 1.8676162183063087e-5
451.0 1.8438069252651365e-5
452.0 1.8205147486513697e-5
453.0 1.7977235342355115e-5
454.0 1.7754177768977523e-5
455.0 1.753582589260059e-5
456.0 1.7322036720623986e-5
457.0 1.7112672861054202e-5
457.99999999999994 1.6907602258475847e-5
459.0 1.6706697942906515e-5
460.00000000000006 1.650983779410382e-5
461.0 1.6316904316648028e-5
462.0 1.6127784428975653e-5
463.0 1.5942369261571282e-5
464.0 1.5760553967757054e-5
465.0 1.5582237542915924e-5
466.0 1.5407322653985947e-5
467.0 1.5235715477467366e-5
468.0 1.5067325545613155e-5
468.99999999999994 1.4902065600592637e-5
470.0 1.4739851456366302e-5
471.00000000000006 1.4580601866685079e-5
472.0 1.4424238400524022e-5
473.0 1.4270685323257913e-5
474.0 1.4119869483839011e-5
475.0 1.3971720207215672e-5
476.0 1.382616919230327e-5
477.0 1.3683150414982396e-5
477.99999999999994 1.3542600035024736e-5
479.0 1.3404456308456992e-5
479.99999999999994 1.3268659503306572e-5
481.0 1.313515181939784e-5
482.00000000000006 1.3003877312452836e-5
483.0 1.2874781820983678e-5
484.0 1.2747812896812128e-5
485.0 1.2622919739152997e-5
486.0 1.2500053130981388e-5
487.0 1.2379165378914598e-5
488.0 1.2260210255228038e-5
488.99999999999994 1.2143142943150792e-5
490.0 1.2027919983654336e-5
491.00000000000006 1.1914499225569241e-5
492.0 1.180283977699383e-5
493.0 1.1692901959456304e-5
494.0 1.1584647263776976e-5
495.0 1.1478038307820721e-5
496.0 1.1373038796047092e-5
497.0 1.1269613480789044e-5
498.0 1.1167728125285134e-5
499.0 1.1067349468017097e-5
499.99999999999994 1.0968445188635882e-5
501.0 1.0870983875431062e-5
502.00000000000006 1.0774934993870195e-5
503.0 1.0680268856586082e-5
504.0 1.0586956594594219e-5
505.0 1.0494970129582495e-5
506.0 1.040428214722164e-5
507.0 1.0314866071963086e-5
508.0 1.0226696042110654e-5
509.0 1.0139746886654265e-5
510.0 1.0053994102403992e-5
510.99999999999994 9.969413832291164e-6
512.0 9.885982844539967e-6
513.0 9.80367851247145e-6
514.0 9.722478795123469e-6
515.0 9.642362218768265e-6
516.0 9.563307858812319e-6
517.0 9.485295322753043e-6
518.0 9.408304733474313e-6
519.0 9.33231671315242e-6
520.0 9.25731236810643e-6
521.0 9.183273273756236e-6
522.0 9.11018146039866e-6
523.0 9.038019399379356e-6
524.0 8.966769989949547e-6
525.0 8.896416546262217e-6
526.0 8.826942785112633e-6
527.0 8.758332814075557e-6
528.0 8.690571119882574e-6
529.0 8.623642557456752e-6
530.0 8.557532339054827e-6
531.0 8.49222602407936e-6
532.0 8.427709509015387e-6
533.0 8.363969017729331e-6
534.0 8.300991092312733e-6
535.0 8.238762583929807e-6
536.0 8.177270644236548e-6
537.0 8.116502716857713e-6
538.0 8.056446529414212e-6
539.0 7.997090085536637e-6
540.0 7.938421657308066e-6
541.0 7.880429777986893e-6
542.0 7.823103234790783e-6
543.0 7.766431062121072e-6
544.0 7.710402534814084e-6
545.0 7.655007161799342e-6
546.0 7.60023467983893e-6
547.0 7.5460750474008095e-6
548.0 7.492518438974739e-6
549.0 7.439555239305656e-6
550.0 7.387176037933667e-6
551.0 7.335371623879214e-6
552.0 7.284132980602347e-6
553.0 7.23345128078769e-6
554.0 7.183317881767152e-6
555.0 7.133724320699783e-6
556.0 7.0846623100281376e-6
557.0 7.036123733152566e-6
558.0 6.98810064007421e-6
559.0 6.9405852432967165e-6
560.0 6.89356991384104e-6
561.0 6.847047177308593e-6
562.0 6.801009710069831e-6
563.0 6.755450335713975e-6
564.0 6.7103620213178545e-6
565.0 6.665737874147652e-6
566.0 6.621571138208856e-6
567.0 6.5778551910056674e-6
568.0 6.534583540410709e-6
569.0 6.4917498215535845e-6
570.0 6.449347793847242e-6
571.0 6.407371338095403e-6
572.0 6.365814453680578e-6
573.0 6.324671255799894e-6
574.0 6.283935972843178e-6
575.0 6.24360294378158e-6
576.0 6.2036666156485605e-6
577.0 6.164121541110311e-6
578.0 6.124962376107102e-6
579.0 6.086183877533953e-6
580.0 6.047780900948119e-6
581.0 6.009748398471069e-6
582.0 5.9720814165596595e-6
583.0 5.934775094065695e-6
584.0 5.897824660103296e-6
585.0 5.861225432179133e-6
586.0 5.824972814225587e-6
587.0 5.789062294831475e-6
588.0 5.753489445306928e-6
589.0 5.718249918071659e-6
590.0 5.683339444873579e-6
591.0 5.648753835115214e-6
592.0 5.61448897424761e-6
593.0 5.580540822221461e-6
594.0 5.546905411909342e-6
595.0 5.513578847644013e-6
596.0 5.480557303743684e-6
597.0 5.447837023077416e-6
598.0 5.415414315711198e-6
599.0 5.383285557547365e-6
600.0 5.3514471890285654e-6
601.0 5.31989571380993e-6
602.0 5.288627697578348e-6
603.0 5.257639766758139e-6
604.0 5.226928607421822e-6
605.0 5.196490964053984e-6
606.0 5.166323638461603e-6
607.0 5.136423488660732e-6
608.0 5.106787427829837e-6
609.0 5.077412423223707e-6
610.0 5.048295495215739e-6
611.0 5.019433716221136e-6
612.0 4.9908242098243864e-6
613.0 4.962464149737206e-6
614.0 4.934350758942196e-6
615.0 4.90648130876385e-6
616.0 4.87885311799265e-6
617.0 4.851463552041234e-6
618.0 4.824310022071882e-6
619.0 4.797389984209272e-6
620.0 4.770700938736239e-6
621.0 4.744240429290091e-6
622.0 4.71800604214441e-6
623.0 4.691995405403208e-6
624.0 4.666206188332986e-6
625.0 4.640636100598336e-6
626.0 4.6152828916331135e-6
627.0 4.590144349869279e-6
628.0 4.565218302159623e-6
629.0 4.5405026130724264e-6
630.0 4.515995184274041e-6
631.0 4.491693953912517e-6
632.0 4.467596895983003e-6
633.0 4.44370201977194e-6
634.0 4.420007369236116e-6
635.0 4.396511022442297e-6
636.0 4.373211091019651e-6
637.0 4.35010571958593e-6
638.0 4.32719308524927e-6
639.0 4.30447139702628e-6
640.0 4.281938895369074e-6
641.0 4.259593851642574e-6
642.0 4.237434567620179e-6
643.0 4.215459375003077e-6
644.0 4.193666634934648e-6
645.0 4.1720547375202975e-6
646.0 4.150622101396021e-6
647.0 4.1293671732231034e-6
648.0 4.108288427282893e-6
649.0 4.087384365001459e-6
650.0 4.066653514529594e-6
651.0 4.046094430318808e-6
652.0 4.025705692696617e-6
653.0000000000001 4.005485907423733e-6
654.0 3.985433705316267e-6
655.0 3.965547741828954e-6
656.0 3.945826696631382e-6
657.0 3.926269273248113e-6
658.0 3.906874198642995e-6
659.0 3.8876402228187355e-6
659.9999999999999 3.8685661184556536e-6
661.0 3.849650680520241e-6
662.0 3.83089272588686e-6
663.0 3.8122910929681593e-6
664.0000000000001 3.793844641320423e-6
665.0 3.775552251306461e-6
666.0 3.75741282368814e-6
667.0 3.7394252793010872e-6
668.0 3.721588558659131e-6
669.0 3.7039016216094983e-6
670.0 3.6863634469519474e-6
670.9999999999999 3.6689730320991854e-6
672.0 3.651729392700938e-6
673.0 3.6346315622990948e-6
674.0 3.6176785919499344e-6
675.0000000000001 3.600869549877347e-6
676.0 3.584203521122198e-6
677.0 3.56767960716369e-6
678.0 3.5512969255759006e-6
679.0 3.5350546096626722e-6
680.0 3.518951808100707e-6
681.0 3.5029876845771983e-6
681.9999999999999 3.4871614174275923e-6
683.0 3.471472199278801e-6
684.0 3.4559192366755818e-6
685.0 3.4405017497469296e-6
686.0000000000001 3.425218971787319e-6
687.0 3.4100701489524804e-6
688.0 3.3950545398483207e-6
688.9999999999999 3.380171415181229e-6
690.0 3.3654200573901762e-6
691.0 3.3507997602743368e-6
692.0 3.3363098286167978e-6
692.9999999999999 3.321949577824112e-6
694.0 3.30771833354222e-6
695.0 3.293615431291125e-6
696.0 3.2796402160899635e-6
697.0000000000001 3.2657920420808246e-6
698.0 3.2520702721565485e-6
699.0 3.2384742775829884e-6
699.9999999999999 3.225003437626115e-6
701.0 3.211657139171234e-6
702.0 3.198434776366786e-6
703.0 3.1853357502340955e-6
703.9999999999999 3.1723594682915253e-6
705.0 3.159505344202849e-6
706.0 3.146772797394935e-6
707.0 3.1341612526894484e-6
708.0000000000001 3.121670139939519e-6
709.0 3.109298893674436e-6
710.0 3.097046952727832e-6
710.9999999999999 3.084913759883071e-6
712.0 3.072898761531501e-6
713.0 3.0610014073136132e-6
714.0 3.0492211497747716e-6
715.0000000000001 3.037557444028793e-6
716.0 3.026009747429573e-6
717.0 3.0145775192329796e-6
718.0 3.003260220276832e-6
719.0000000000001 2.992057312672386e-6
720.0 2.980968259493092e-6
721.0 2.9699925244713416e-6
721.9999999999999 2.959129571705657e-6
723.0 2.9483788653869275e-6
724.0 2.9377398695120885e-6
725.0 2.9272120476160097e-6
726.0000000000001 2.9167948625298576e-6
727.0 2.906487776125867e-6
728.0 2.8962902490781365e-6
729.0 2.8862017406471475e-6
730.0 2.876221708459911e-6
731.0 2.8663496083105235e-6
732.0 2.8565848939717247e-6
732.9999999999999 2.846927017014447e-6
734.0 2.8373754266456603e-6
735.0 2.827929569542021e-6
736.0 2.8185888897381242e-6
737.0000000000001 2.8093528284689345e-6
738.0 2.800220824075674e-6
739.0 2.791192311895429e-6
740.0 2.7822667241746044e-6
741.0 2.77344349000847e-6
742.0 2.764722035253264e-6
743.0 2.7561017825046195e-6
743.9999999999999 2.747582151050401e-6
745.0 2.7391625568527425e-6
746.0 2.73084241253907e-6
747.0 2.722621127406081e-6
748.0000000000001 2.714498107440161e-6
749.0 2.706472755342909e-6
750.0 2.6985444705773277e-6
751.0 2.6907126494159063e-6
752.0 2.6829766850093927e-6
753.0 2.6753359674620914e-6
754.0 2.6677898839151606e-6
754.9999999999999 2.66033781864645e-6
756.0 2.65297915317741e-6
757.0 2.6457132663815295e-6
758.0 2.638539534618565e-6
759.0000000000001 2.63145733185971e-6
760.0 2.6244660298261175e-6
761.0 2.6175649981457875e-6
762.0 2.6107536044910986e-6
763.0 2.6040312147540325e-6
764.0 2.597397193197316e-6
765.0 2.5908509026298664e-6
765.9999999999999 2.584391704580347e-6
767.0 2.578018959471046e-6
768.0 2.5717320267945696e-6
769.0 2.565530265301809e-6
770.0000000000001 2.5594130331756464e-6
771.0 2.553379688222361e-6
772.0 2.5474295880493055e-6
773.0 2.5415620902516356e-6
774.0 2.5357765525963574e-6
775.0 2.5300723331972016e-6
776.0 2.524448790697691e-6
776.9999999999999 2.518905284450169e-6
778.0 2.513441174684324e-6
779.0 2.5080558226785054e-6
780.0 2.5027485909260214e-6
781.0000000000001 2.4975188432955155e-6
782.0 2.4923659451899104e-6
783.0 2.487289263693949e-6
784.0 2.48228816772068e-6
785.0 2.4773620281513247e-6
786.0 2.4725102179670572e-6
787.0 2.467732112376527e-6
787.9999999999999 2.4630270889324367e-6
789.0 2.4583945276457023e-6
790.0 2.453833811088793e-6
791.0 2.4493443244922937e-6
792.0000000000001 2.444925455834352e-6
793.0 2.4405765959193737e-6
794.0 2.4362971384533637e-6
795.0 2.4320864801083606e-6
796.0 2.4279440205748335e-6
797.0 2.423869162612846e-6
798.0 2.4198613120918766e-6
798.9999999999999 2.415919878017428e-6
800.0 2.4120442725581782e-6
801.0 2.408233911057374e-6
802.0 2.404488212041495e-6
803.0000000000001 2.400806597213073e-6
804.0 2.397188491443736e-6
805.0 2.3936333227550263e-6
806.0 2.3901405222914327e-6
807.0 2.3867095242834754e-6
808.0 2.3833397660097254e-6
809.0 2.380030687744915e-6
809.9999999999999 2.37678173270167e-6
811.0 2.373592346968927e-6
812.0 2.3704619794380078e-6
813.0 2.3673900817271595e-6
814.0000000000001 2.364376108096016e-6
815.0 2.3614195153532683e-6
816.0 2.3585197627621423e-6
816.9999999999999 2.355676311935289e-6
818.0 2.3528886267283043e-6
819.0 2.350156173124028e-6
820.0 2.347478419114618e-6
820.9999999999999 2.344854834577482e-6
822.0 2.3422848911457718e-6
823.0 2.3397680620775188e-6
824.0 2.3373038221169216e-6
825.0000000000001 2.33489164735487e-6
826.0 2.33253101508423e-6
827.0 2.3302214036515847e-6
827.9999999999999 2.3279622923095744e-6
829.0 2.3257531610616797e-6
830.0 2.323593490508738e-6
831.0 2.3214827616901745e-6
832.0000000000001 2.319420455926997e-6
833.0 2.3174060546608345e-6
834.0 2.315439039293548e-6
835.0 2.31351889102486e-6
836.0000000000001 2.3116450906912055e-6
837.0 2.309817118602832e-6
838.0 2.3080344543845182e-6
838.9999999999999 2.3062965768122416e-6
840.0 2.3046029636554275e-6
841.0 2.302953091520068e-6
842.0 2.3013464356912495e-6
843.0000000000001 2.299782469980737e-6
844.0 2.298260666577642e-6
845.0 2.2967804959008304e-6
846.0 2.295341426455802e-6
847.0000000000001 2.2939429246979014e-6
848.0 2.2925844548965027e-6
849.0 2.291265479009055e-6
849.9999999999999 2.28998545655902e-6
851.0 2.288743844520292e-6
852.0 2.2875400972109186e-6
853.0 2.2863736661915343e-6
854.0000000000001 2.285244000176089e-6
855.0 2.2841505449507126e-6
856.0 2.283092743302725e-6
857.0 2.282070034960563e-6
858.0 2.281081856546478e-6
859.0 2.280127641542186e-6
860.0 2.279206820268027e-6
860.9999999999999 2.278318819877131e-6
862.0 2.277463064365384e-6
863.0 2.2766389746002783e-6
864.0 2.2758459683660154e-6
865.0000000000001 2.2750834604283155e-6
866.0 2.274350862623581e-6
867.0 2.273647583964709e-6
868.0 2.2729730307764843e-6
869.0 2.272326606853548e-6
870.0 2.2717077136434538e-6
871.0 2.2711157504658003e-6
871.9999999999999 2.2705501147501027e-6
873.0 2.2700102023198386e-6
874.0 2.269495407699616e-6
875.0 2.2690051244644736e-6
876.0000000000001 2.2685387456258826e-6
877.0 2.2680956640618477e-6
878.0 2.267675272984556e-6
879.0 2.2672769664583066e-6
880.0 2.2669001399660466e-6
881.0 2.266544191020418e-6
882.0 2.2662085198372795e-6
882.9999999999999 2.2658925300587396e-6
884.0 2.265595629538263e-6
885.0 2.2653172311888702e-6
886.0 2.2650567538940474e-6
887.0000000000001 2.264813623489857e-6
888.0 2.264587273814964e-6
889.0 2.26437714784049e-6
890.0 2.264182698872612e-6
891.0 2.2640033918403956e-6
892.0 2.2638387046659153e-6
893.0 2.2636881297230392e-6
893.9999999999999 2.263551175386523e-6
895.0 2.2634273676729373e-6
896.0 2.2633162519821578e-6
897.0 2.2632173949345196e-6
898.0000000000001 2.2631303863108885e-6
899.0 2.263054841097307e-6
900.0 2.2629904016318154e-6
901.0 2.262936739863534e-6
902.0 2.262893559714613e-6
903.0 2.2628605995506136e-6
904.0 2.262837634758083e-6
904.9999999999999 2.2628244804358692e-6
906.0 2.2628209941742324e-6
907.0 2.26282707895223e-6
908.0 2.262842686119272e-6
909.0000000000001 2.2628678184699063e-6
910.0 2.262902533407286e-6
911.0 2.2629469461739287e-6
912.0 2.263001233148213e-6
913.0 2.2630656351979782e-6
914.0 2.2631404610591527e-6
915.0 2.263226090743734e-6
915.9999999999999 2.263322978942402e-6
917.0 2.2634316583991584e-6
918.0 2.2635527432470346e-6
919.0 2.2636869322560492e-6
920.0000000000001 2.263835011976149e-6
921.0 2.2639978597313624e-6
922.0 2.2641764464320065e-6
923.0 2.2643718391579677e-6
924.0 2.264585203464832e-6
925.0 2.2648178053684115e-6
926.0 2.2650710129519465e-6
926.9999999999999 2.265346297532057e-6
928.0 2.2656452343362e-6
929.0 2.2659695026165325e-6
930.0 2.2663208851425303e-6
931.0000000000001 2.2667012669980796e-6
932.0 2.2671126336302216e-6
933.0 2.2675570680597423e-6
934.0 2.2680367472101024e-6
935.0 2.2685539372785576e-6
936.0 2.26911098808551e-6
937.0 2.269710326366866e-6
937.9999999999999 2.27035444794148e-6
939.0 2.2710459087201047e-6
940.0 2.271787314543741e-6
941.0 2.2725813098178466e-6
942.0000000000001 2.2734305649505925e-6
943.0 2.274337762615382e-6
944.0 2.2753055828639873e-6
944.9999999999999 2.2763366871514837e-6
946.0 2.2774337013507e-6
947.0 2.2785991978474726e-6
948.0 2.2798356768384076e-6
948.9999999999999 2.2811455469795554e-6
950.0 2.2825311055451053e-6
951.0 2.283994518281205e-6
952.0 2.2855377991566007e-6
953.0000000000001 2.28716279023776e-6
954.0 2.288871141909421e-6
955.0 2.290664293686692e-6
955.9999999999999 2.2925434558672375e-6
957.0 2.294509592261817e-6
958.0 2.2965634042450945e-6
959.0 2.2987053163678663e-6
959.9999999999999 2.3009354637118574e-6
961.0 2.3032536812232246e-6
962.0 2.3056594951509933e-6
963.0 2.3081521167555734e-6
964.0000000000001 2.310730438371299e-6
965.0 2.3133930319038553e-6
966.0 2.31613814978314e-6
966.9999999999999 2.318963728372919e-6
968.0 2.32186739377887e-6
969.0 2.324846469984135e-6
970.0 2.3278979891883636e-6
971.0000000000001 2.331018704205742e-6
972.0 2.334205102744345e-6
973.0 2.3374534233754022e-6
974.0 2.3407596729617694e-6
975.0000000000001 2.3441196453411554e-6
976.0 2.347528941003099e-6
977.0 2.350982987539711e-6
977.9999999999999 2.3544770606231387e-6
979.0 2.3580063052771306e-6
980.0 2.3615657572370123e-6
981.0 2.3651503641763474e-6
982.0000000000001 2.3687550066125667e-6
983.0 2.3723745183270653e-6
984.0 2.3760037061354235e-6
985.0 2.3796373688937977e-6
986.0 2.3832703156010733e-6
987.0 2.386897382544576e-6
988.0 2.390513449372114e-6
988.9999999999999 2.394113454091225e-6
990.0 2.3976924069128573e-6
991.0 2.4012454029579635e-6
992.0 2.4047676338016147e-6
993.0000000000001 2.4082543978757634e-6
994.0 2.41170110974782e-6
995.0 2.4151033083110446e-6
996.0 2.418456663914697e-6
997.0 2.421756984489135e-6
998.0 2.4250002207149234e-6
999.0 2.428182470283062e-6
999.9999999999999 2.4312999813049795e-6
1001.0 2.4343491549371678e-6
1002.0 2.437326547260875e-6
1003.0 2.4402288704947785e-6
1004.0000000000001 2.4430529935823195e-6
1005.0 2.445795942207633e-6
1006.0 2.4484548983063155e-6
1007.0 2.45102719910722e-6
1008.0 2.453510335757471e-6
1009.0 2.4559019515824584e-6
1010.0 2.4581998400091123e-6
1010.9999999999999 2.460401942205036e-6
1012.0 2.462506344467411e-6
1013.0 2.464511275385541e-6
1014.0 2.466415102821574e-6
1015.0000000000001 2.468216330729804e-6
1016.0 2.4699135958464093e-6
1017.0 2.4715056642621666e-6
1018.0 2.472991427914931e-6
1019.0 2.474369901006931e-6
1020.0 2.4756402163805383e-6
1021.0 2.47680162184586e-6
1021.9999999999999 2.4778534764987997e-6
1023.0 2.4787952470222004e-6
1024.0 2.479626503994444e-6
1025.0 2.4803469182106477e-6
1026.0 2.4809562570171004e-6
1027.0 2.481454380689466e-6
1028.0 2.4818412388309063e-6
1029.0 2.482116866828615e-6
1030.0 2.482281382338679e-6
1031.0 2.4823349818415193e-6
1032.0 2.4822779372395984e-6
1033.0 2.48211059252316e-6
1034.0 2.48183336049104e-6
1035.0 2.481446719542812e-6
1036.0 2.480951210531305e-6
1037.0 2.4803474336915408e-6
1038.0 2.479636045631632e-6
1039.0 2.4788177564004436e-6
1040.0 2.477893326626466e-6
1041.0 2.476863564727212e-6
1042.0 2.4757293241961935e-6
1043.0 2.4744915009588064e-6
1044.0 2.473151030809798e-6
1045.0 2.4717088869152007e-6
1046.0 2.470166077395301e-6
1047.0 2.468523642978763e-6
1048.0 2.4667826547319e-6
1049.0 2.464944211857351e-6
1050.0 2.463009439568719e-6
1051.0 2.4609794870388365e-6
1052.0 2.4588555254119966e-6
1053.0 2.456638745892982e-6
1054.0 2.4543303579057305e-6
1055.0 2.451931587317741e-6
1056.0 2.449443674733111e-6
1057.0 2.446867873855581e-6
1058.0 2.4442054499140845e-6
1059.0 2.441457678153267e-6
1060.0 2.4386258423929036e-6
1061.0 2.435711233640958e-6
1062.0 2.4327151487779535e-6
1063.0 2.4296388892945815e-6
1064.0 2.4264837600920203e-6
1065.0 2.4232510683399636e-6
1066.0 2.4199421223881787e-6
1067.0 2.4165582307391732e-6
1068.0 2.4131007010667205e-6
1069.0 2.4095708392979387e-6
1070.0 2.405969948735514e-6
1071.0 2.4022993292383833e-6
1072.0 2.398560276447726e-6
1073.0 2.3947540810590777e-6
1074.0 2.3908820281441268e-6
1075.0 2.3869453965137283e-6
1076.0 2.382945458127312e-6
1077.0 2.3788834775407944e-6
1078.0 2.374760711398579e-6
1079.0 2.3705784079632577e-6
1080.0 2.366337806682339e-6
1081.0 2.3620401377923237e-6
1082.0 2.357686621960019e-6
1083.0 2.3532784699564367e-6
1084.0 2.3488168823579116e-6
1085.0 2.3443030492906565e-6
1086.0 2.339738150194389e-6
1087.0 2.3351233536207356e-6
1088.0 2.3304598170546944e-6
1089.0 2.325748686768797e-6
1090.0 2.320991097695919e-6
1091.0 2.3161881733295692e-6
1092.0 2.311341025647678e-6
1093.0 2.306450755054698e-6
1094.0 2.3015184503469867e-6
1095.0 2.296545188696924e-6
1096.0 2.2915320356531804e-6
1097.0 2.28648004516272e-6
1098.0 2.2813902596027586e-6
1099.0 2.2762637098344554e-6
1100.0 2.2711014152639675e-6
1101.0 2.2659043839234308e-6
1102.0 2.260673612557465e-6
1103.0 2.2554100867242513e-6
1104.0 2.2501147809078238e-6
1105.0 2.2447886586373464e-6
1106.0 2.2394326726123964e-6
1107.0 2.2340477648448304e-6
1108.0 2.228634866797694e-6
1109.0 2.223194899530601e-6
1110.0 2.2177287738609087e-6
1111.0 2.2122373905126303e-6
1112.0 2.2067216402846773e-6
1113.0 2.2011824042084894e-6
1114.0 2.195620553719623e-6
1115.0 2.1900369508188634e-6
1116.0 2.184432448244959e-6
1117.0 2.1788078896402416e-6
1118.0 2.173164109717033e-6
1119.0 2.1675019344232586e-6
1120.0 2.1618221811078964e-6
1121.0 2.156125658680645e-6
1122.0 2.1504131677712957e-6
1123.0 2.144685500885561e-6
1124.0 2.1389434425536866e-6
1125.0 2.1331877694760822e-6
1126.0 2.127419250669241e-6
1127.0 2.1216386475984155e-6
1128.0 2.1158467143060347e-6
1129.0 2.1100441975394052e-6
1130.0 2.1042318368671555e-6
1131.0 2.0984103647853715e-6
1132.0 2.092580506826552e-6
1133.0 2.086742981651286e-6
1134.0 2.080898501136601e-6
1135.0 2.0750477704562068e-6
1136.0 2.0691914881511755e-6
1137.0 2.0633303461899823e-6
1138.0 2.05746503002646e-6
1139.0 2.0515962186430056e-6
1140.0 2.045724584582451e-6
1141.0 2.0398507939813693e-6
1142.0 2.0339755065834437e-6
1143.0 2.0280993757477337e-6
1144.0 2.0222230484491448e-6
1145.0 2.0163471652652953e-6
1146.0 2.010472360360055e-6
1147.0 2.0045992614518053e-6
1148.0 1.9987284897782487e-6
1149.0 1.9928606600458254e-6
1150.0 1.9869963803765623e-6
1151.0 1.9811362522420216e-6
1152.0 1.9752808703918995e-6
1153.0 1.9694308227698127e-6
1154.0 1.9635866904275716e-6
1155.0 1.9577490474238625e-6
1156.0 1.951918460723782e-6
1157.0 1.946095490083908e-6
1158.0 1.9402806879382302e-6
1159.0 1.9344745992682013e-6
1160.0 1.9286777614759147e-6
1161.0 1.9228907042478135e-6
1162.0 1.9171139494137162e-6
1163.0 1.9113480107989233e-6
1164.0 1.905593394078622e-6
1165.0 1.8998505966229209e-6
1166.0 1.8941201073408179e-6
1167.0 1.8884024065242419e-6
1168.0 1.88269796568518e-6
1169.0 1.8770072473963702e-6
1170.0 1.871330705131297e-6
1171.0 1.865668783099859e-6
1172.0 1.8600219160895084e-6
1173.0 1.8543905293046121e-6
1174.0 1.8487750382108755e-6
1175.0 1.8431758483795866e-6
1176.0 1.8375933553338673e-6
1177.0 1.8320279444059148e-6
1178.0 1.8264799905908314e-6
1179.0 1.8209498584083264e-6
1180.0 1.8154379017717867e-6
1181.0 1.8099444638647697e-6
1182.0 1.8044698770167392e-6
1183.0 1.7990144625990295e-6
1184.0 1.7935785309146136e-6
1185.0 1.788162381110529e-6
1186.0 1.7827663010871467e-6
1187.0 1.7773905674269426e-6
1188.0 1.7720354453258975e-6
1189.0 1.7667011885404481e-6
1190.0 1.7613880393422054e-6
1191.0 1.7560962284851524e-6
1192.0 1.750825975185022e-6
1193.0 1.7455774871094786e-6
1194.0 1.740350960378961e-6
1195.0 1.7351465795842929e-6
1196.0 1.7299645178121302e-6
1197.0 1.724804936681686e-6
1198.0 1.7196679864042536e-6
1199.0 1.7145538058381464e-6
1200.0 1.7094625225746285e-6
1201.0 1.704394253022484e-6
1202.0 1.6993491025104144e-6
1203.0 1.6943271654037577e-6
1204.0 1.6893285252291325e-6
1205.0 1.6843532548117453e-6
1206.0 1.6794014164265052e-6
1207.0 1.674473061957135e-6
1208.0 1.6695682330709084e-6
1209.0 1.664686961398308e-6
1210.0 1.6598292687236336e-6
1211.0 1.6549951671919764e-6
1212.0 1.6501846595171859e-6
1213.0 1.6453977392001822e-6
1214.0 1.6406343907606314e-6
1215.0 1.6358945899701045e-6
1216.0 1.631178304093437e-6
1217.0 1.6264854921430642e-6
1218.0 1.6218161051267993e-6
1219.0 1.6171700863137464e-6
1220.0 1.6125473714972871e-6
1221.0 1.6079478892654202e-6
1222.0 1.603371561270334e-6
1223.0 1.5988183025070936e-6
1224.0 1.5942880215907125e-6
1225.0 1.5897806210341936e-6
1226.0 1.5852959975299539e-6
1227.0 1.5808340422318823e-6
1228.0 1.5763946410346585e-6
1229.0 1.5719776748540375e-6
1230.0 1.5675830199077304e-6
1231.0 1.5632105479915528e-6
1232.0 1.5588601267534195e-6
1233.0 1.554531619967952e-6
1234.0 1.5502248878048716e-6
1235.0 1.5459397870957544e-6
1236.0 1.5416761715935529e-6
1237.0 1.5374338922312294e-6
1238.0 1.5332127973748012e-6
1239.0 1.5290127330689714e-6
1240.0 1.5248335432827839e-6
1241.0 1.5206750701392479e-6
1242.0 1.5165371541521937e-6
1243.0 1.5124196344462527e-6
1244.0 1.5083223489763035e-6
1245.0 1.5042451347378936e-6
1246.0 1.5001878279682877e-6
1247.0 1.4961502643504878e-6
1248.0 1.4921322791947172e-6
1249.0 1.4881337076286039e-6
1250.0 1.4841543847685903e-6
1251.0 1.4801941458889883e-6
1252.0 1.4762528265850881e-6
1253.0 1.4723302629250088e-6
1254.0 1.4684262915963861e-6
1255.0 1.4645407500470276e-6
1256.0 1.460673476615893e-6
1257.0 1.4568243106579164e-6
1258.0 1.452993092663016e-6
1259.0 1.4491796643672205e-6
1260.0 1.445383868854149e-6
1261.0 1.4416055506558643e-6
1262.0 1.4378445558419198e-6
1263.0 1.4341007321049142e-6
1264.0 1.4303739288365786e-6
1265.0 1.4266639972009022e-6
1266.0 1.4229707902011287e-6
1267.0 1.4192941627377959e-6
1268.0 1.4156339716647209e-6
1269.0 1.4119900758374857e-6
1270.0 1.4083623361572624e-6
1271.0 1.4047506156096056e-6
1272.0 1.4011547792971372e-6
1273.0 1.3975746944715901e-6
1274.0 1.3940102305543053e-6
1275.0 1.390461259158661e-6
1276.0 1.386927654106616e-6
1277.0 1.383409291440088e-6
1278.0 1.3799060494279707e-6
1279.0 1.3764178085738173e-6
1280.0 1.372944451612755e-6
1281.0 1.369485863515122e-6
1282.0 1.3660419314764237e-6
1283.0 1.3626125449133955e-6
1284.0 1.3591975954494447e-6
1285.0 1.355796976906589e-6
1286.0 1.35241058528535e-6
1287.0 1.3490383187490768e-6
1288.0 1.345680077604782e-6
1289.0 1.3423357642799653e-6
1290.0 1.3390052833009682e-6
1291.0 1.3356885412653043e-6
1292.0 1.3323854468167489e-6
1293.0 1.3290959106182113e-6
1294.0 1.3258198453206254e-6
1295.0 1.3225571655320845e-6
1296.0 1.3193077877902714e-6
1297.0 1.3160716305242954e-6
1298.0 1.3128486140267956e-6
1299.0 1.3096386604169208e-6
1300.0 1.306441693606395e-6
1301.0 1.303257639265865e-6
1302.0 1.3000864247876957e-6
1303.0 1.2969279792506804e-6
1304.0 1.2937822333847374e-6
1305.0 1.2906491195333537e-6
1306.0000000000002 1.2875285716178745e-6
1307.0 1.2844205251005226e-6
1308.0 1.2813249169475869e-6
1308.9999999999998 1.278241685594346e-6
1310.0 1.2751707709066862e-6
1311.0 1.2721121141459668e-6
1312.0 1.269065657932236e-6
1313.0 1.2660313462083415e-6
1314.0 1.2630091242053819e-6
1315.0 1.2599989384064013e-6
1316.0 1.2570007365109245e-6
1317.0000000000002 1.2540144674010246e-6
1318.0 1.251040081107567e-6
1319.0 1.248077528776317e-6
1319.9999999999998 1.2451267626328302e-6
1321.0 1.2421877359515458e-6
1322.0 1.2392604030232131e-6
1323.0 1.2363447191212748e-6
1324.0 1.2334406404733088e-6
1325.0 1.230548124227627e-6
1326.0 1.2276671284240343e-6
1327.0 1.22479761196507e-6
1328.0000000000002 1.2219395345853046e-6
1329.0 1.2190928568223386e-6
1330.0 1.2162575399919094e-6
1330.9999999999998 1.2134335461568566e-6
1332.0 1.2106208381016002e-6
1333.0 1.20781937930714e-6
1334.0 1.2050291339232672e-6
1335.0 1.2022500667455754e-6
1336.0 1.1994821431893462e-6
1337.0 1.1967253292656632e-6
1338.0 1.1939795915591719e-6
1339.0000000000002 1.1912448972052637e-6
1340.0 1.188521213865894e-6
1341.0 1.1858085097109683e-6
1341.9999999999998 1.1831067533953471e-6
1343.0 1.1804159140371937e-6
1344.0 1.177735961201998e-6
1345.0 1.175066864879264e-6
1346.0 1.1724085954643718e-6
1347.0 1.1697611237427542e-6
1348.0 1.1671244208689034e-6
1349.0 1.164498458350628e-6
1350.0000000000002 1.1618832080321886e-6
1351.0 1.1592786420769888e-6
1352.0 1.1566847329533163e-6
1352.9999999999998 1.154101453417708e-6
1354.0 1.1515287765000284e-6
1355.0 1.1489666754897047e-6
1356.0 1.1464151239212231e-6
1357.0 1.1438740955613649e-6
1358.0 1.1413435643946445e-6
1359.0 1.1388235046112623e-6
1360.0 1.1363138905955275e-6
1361.0000000000002 1.1338146969128391e-6
1362.0 1.1313258982987424e-6
1363.0 1.1288474696474125e-6
1363.9999999999998 1.12637938600095e-6
1365.0 1.123921622539773e-6
1366.0 1.1214741545714578e-6
1366.9999999999998 1.119036957520963e-6
1368.0 1.1166100069225151e-6
1369.0 1.1141932784092086e-6
1370.0 1.111786747705323e-6
1371.0 1.1093903906171094e-6
1372.0000000000002 1.107004183024656e-6
1373.0 1.1046281008746736e-6
1374.0 1.1022621201728532e-6
1374.9999999999998 1.0999062169760288e-6
1376.0 1.0975603673848513e-6
1377.0 1.0952245475390898e-6
1377.9999999999998 1.0928987336089723e-6
1379.0 1.0905829017896468e-6
1380.0 1.0882770282952921e-6
1381.0 1.0859810893534387e-6
1382.0 1.0836950611998522e-6
1383.0000000000002 1.0814189200715226e-6
1384.0 1.0791526422039955e-6
1385.0 1.0768962038235097e-6
1385.9999999999998 1.0746495811458519e-6
1387.0 1.0724127503689036e-6
1388.0 1.0701856876690396e-6
1388.9999999999998 1.0679683691985571e-6
1390.0 1.0657607710791886e-6
1391.0 1.0635628694009796e-6
1392.0 1.0613746402156491e-6
1393.0 1.0591960595364151e-6
1394.0000000000002 1.0570271033324595e-6
1395.0 1.054867747525568e-6
1396.0 1.052717967989601e-6
1396.9999999999998 1.0505777405447767e-6
1398.0 1.0484470409566724e-6
1399.0 1.0463258449330792e-6
1399.9999999999998 1.044214128121508e-6
1401.0 1.0421118661069493e-6
1402.0 1.0400190344102157e-6
1403.0 1.037935608484578e-6
1404.0 1.0358615637151187e-6
1405.0000000000002 1.033796875416123e-6
1406.0 1.0317415188298442e-6
1407.0 1.029695469124041e-6
1407.9999999999998 1.0276587013912476e-6
1409.0 1.0256311906473515e-6
1410.0 1.0236129118295036e-6
1410.9999999999998 1.0216038397956987e-6
1412.0 1.0196039493229008e-6
1413.0 1.0176132151067808e-6
1414.0 1.015631611760205e-6
1415.0 1.0136591138122186e-6
1416.0000000000002 1.0116956957080113e-6
1417.0 1.0097413318067766e-6
1418.0 1.007795996383017e-6
1419.0000000000002 1.0058596636241198e-6
1420.0 1.0039323076312558e-6
1421.0 1.002013902418145e-6
1421.9999999999998 1.0001044219107504e-6
1423.0 9.982038399476366e-7
1424.0 9.963121302785888e-7
1425.0 9.944292665660658e-7
1426.0 9.92555222383486e-7
1427.0000000000002 9.906899712166446e-7
1428.0 9.888334864626635e-7
1429.0 9.869857414305205e-7
1430.0000000000002 9.851467093416715e-7
1431.0 9.83316363328832e-7
1432.0 9.81494676438499e-7
1432.9999999999998 9.796816216290239e-7
1434.0 9.778771717727688e-7
1435.0 9.760812996553423e-7
1436.0 9.74293977976772e-7
1437.0 9.725151793517987e-7
1438.0000000000002 9.707448763103097e-7
1439.0 9.689830412986445e-7
1440.0 9.67229646679454e-7
1441.0000000000002 9.654846647333342e-7
1442.0 9.637480676585418e-7
1443.0 9.62019827572824e-7
1443.9999999999998 9.60299916514161e-7
1445.0 9.58588306440855e-7
1446.0 9.568849692335733e-7
1447.0 9.551898766957443e-7
1448.0 9.535030005550259e-7
1449.0000000000002 9.518243124638606e-7
1450.0 9.501537840010894e-7
1451.0 9.484913866732833e-7
1452.0000000000002 9.468370919151017e-7
1453.0 9.45190871091639e-7
1454.0 9.435526954993297e-7
1454.9999999999998 9.419225363663239e-7
1456.0 9.403003648559839e-7
1457.0 9.38686152066412e-7
1458.0 9.370798690322298e-7
1459.0 9.354814867273198e-7
1460.0 9.338909760645669e-7
1461.0 9.323083078991493e-7
1462.0 9.307334530281332e-7
1463.0000000000002 9.29166382194089e-7
1464.0 9.276070660855349e-7
1465.0 9.26055475339062e-7
1465.9999999999998 9.245115805414221e-7
1467.0 9.229753522300381e-7
1468.0 9.214467608956538e-7
1469.0 9.199257769846565e-7
1470.0 9.184123708995422e-7
1471.0 9.169065130018553e-7
1472.0 9.154081736140168e-7
1473.0 9.1391732302059e-7
1474.0000000000002 9.124339314703277e-7
1475.0 9.109579691788987e-7
1476.0 9.094894063302142e-7
1476.9999999999998 9.080282130782653e-7
1478.0 9.065743595495937e-7
1479.0 9.051278158455712e-7
1480.0 9.036885520431458e-7
1481.0 9.022565381986262e-7
1482.0 9.00831744348712e-7
1483.0 8.994141405126431e-7
1484.0 8.980036966951949e-7
1485.0000000000002 8.966003828877585e-7
1486.0 8.952041690706693e-7
1487.0 8.938150252162267e-7
1487.9999999999998 8.924329212899817e-7
1489.0 8.910578272532706e-7
1490.0 8.89689713065504e-7
1491.0 8.883285486860768e-7
1492.0 8.869743040768876e-7
1493.0 8.856269492045835e-7
1494.0 8.842864540424709e-7
1495.0 8.829527885731478e-7
1496.0000000000002 8.816259227903847e-7
1497.0 8.803058267017866e-7
1498.0 8.789924703306432e-7
1498.9999999999998 8.776858237185188e-7
1500.0 8.763858569267139e-7
1501.0 8.750925400402391e-7
1502.0 8.738058431679465e-7
1503.0 8.725257364465771e-7
1504.0 8.712521900414468e-7
1505.0 8.699851741499531e-7
1506.0 8.687246590031751e-7
1507.0000000000002 8.674706148684277e-7
1508.0 8.662230120509136e-7
1509.0 8.649818208963074e-7
1509.9999999999998 8.637470117931989e-7
1511.0 8.625185551750515e-7
1512.0 8.612964215218352e-7
1513.0 8.600805813629739e-7
1514.0 8.588710052794207e-7
1515.0 8.576676639049181e-7
1516.0 8.564705279291817e-7
1517.0 8.55279568099408e-7
1518.0000000000002 8.540947552223817e-7
1519.0 8.529160601665774e-7
1520.0 8.517434538642987e-7
1520.9999999999998 8.505769073137028e-7
1522.0 8.494163915801737e-7
1523.0 8.482618777992499e-7
1524.0 8.471133371776936e-7
1525.0 8.459707409961577e-7
1526.0 8.448340606101737e-7
1527.0 8.43703267452929e-7
1528.0 8.425783330358712e-7
1529.0000000000002 8.414592289523376e-7
1530.0 8.403459268771648e-7
1531.0 8.392383985702278e-7
1531.9999999999998 8.38136615876627e-7
1533.0 8.370405507294093e-7
1534.0 8.35950175150706e-7
1535.0 8.348654612537393e-7
1536.0 8.337863812434635e-7
1537.0 8.327129074187938e-7
1538.0 8.316450121741457e-7
1539.0 8.305826680000484e-7
1540.0000000000002 8.29525847485806e-7
1541.0 8.284745233195135e-7
1542.0 8.27428668289794e-7
1542.9999999999998 8.263882552876339e-7
1544.0 8.253532573069257e-7
1545.0 8.243236474453286e-7
1546.0 8.232993989065479e-7
1547.0 8.222804850002113e-7
1548.0 8.212668791434445e-7
1549.0 8.202585548620486e-7
1550.0 8.192554857906819e-7
1551.0000000000002 8.182576456742023e-7
1552.0 8.172650083688041e-7
1553.0 8.162775478419577e-7
1553.9999999999998 8.152952381737609e-7
1555.0 8.143180535573504e-7
1556.0 8.133459682998537e-7
1557.0 8.123789568222239e-7
1558.0 8.114169936603017e-7
1559.0 8.104600534653315e-7
1560.0 8.095081110037545e-7
1561.0 8.085611411586309e-7
1562.0000000000002 8.076191189282766e-7
1563.0 8.066820194283626e-7
1564.0 8.057498178904697e-7
1564.9999999999998 8.048224896633431e-7
1566.0 8.039000102122864e-7
1567.0 8.029823551196551e-7
1568.0 8.020695000841899e-7
1569.0 8.011614209215787e-7
1570.0 8.002580935634801e-7
1571.0 7.993594940585982e-7
1572.0 7.984655985709008e-7
1573.0000000000002 7.975763833800965e-7
1574.0 7.966918248813668e-7
1575.0 7.958118995844009e-7
1575.9999999999998 7.949365841134497e-7
1577.0 7.940658552060393e-7
1578.0 7.931996897131684e-7
1579.0 7.923380645982329e-7
1580.0 7.914809569359054e-7
1581.0 7.906283439121328e-7
1582.0 7.89780202822915e-7
1583.0 7.889365110730808e-7
1584.0000000000002 7.880972461760221e-7
1585.0 7.872623857521315e-7
1586.0 7.864319075277783e-7
1586.9999999999998 7.856057893348087e-7
1588.0 7.847840091084986e-7
1589.0 7.839665448868214e-7
1590.0 7.831533748092063e-7
1591.0 7.823444771153195e-7
1592.0 7.815398301430679e-7
1593.0 7.807394123280074e-7
1594.0 7.799432022012262e-7
1595.0000000000002 7.79151178388264e-7
1596.0 7.783633196071902e-7
1597.0 7.775796046673372e-7
1597.9999999999998 7.76800012467369e-7
1599.0 7.760245219937885e-7
1600.0 7.752531123189298e-7
1601.0 7.744857625996832e-7
1602.0 7.737224520749154e-7
1603.0 7.729631600642509e-7
1604.0 7.7220786596581e-7
1605.0 7.714565492547962e-7
1606.0000000000002 7.707091894803971e-7
1607.0 7.699657662650552e-7
1608.0 7.692262593015743e-7
1608.9999999999998 7.684906483514205e-7
1610.0 7.677589132423306e-7
1611.0 7.67031033866479e-7
1612.0 7.663069901780463e-7
1613.0 7.655867621911878e-7
1614.0 7.648703299775491e-7
1615.0 7.641576736644974e-7
1616.0 7.634487734322305e-7
1617.0000000000002 7.627436095118866e-7
1618.0 7.620421621830844e-7
1619.0 7.613444117719139e-7
1619.9999999999998 7.606503386477316e-7
1621.0 7.599599232219432e-7
1622.0 7.592731459443535e-7
1622.9999999999998 7.585899873020054e-7
1624.0 7.579104278160146e-7
1625.0 7.572344480392343e-7
1626.0 7.565620285538271e-7
1627.0 7.558931499693907e-7
1628.0000000000002 7.552277929196597e-7
1629.0 7.545659380604501e-7
1630.0 7.539075660675793e-7
1630.9999999999998 7.532526576338997e-7
1632.0 7.526011934671219e-7
1633.0 7.519531542872455e-7
1633.9999999999998 7.513085208242415e-7
1635.0 7.506672738158569e-7
1636.0 7.500293940047066e-7
1637.0 7.493948621365319e-7
1638.0 7.487636589570687e-7
1639.0000000000002 7.48135765210392e-7
1640.0 7.475111616361047e-7
1641.0 7.468898289672974e-7
1641.9999999999998 7.462717479281464e-7
1643.0 7.45656899231565e-7
1644.0 7.450452635772182e-7
1644.9999999999998 7.444368216488509e-7
1646.0 7.438315541126472e-7
1647.0 7.432294416146496e-7
1648.0 7.426304647787715e-7
1649.0 7.420346042047296e-7
1650.0000000000002 7.414418404660686e-7
1651.0 7.408521541077953e-7
1652.0 7.402655256447795e-7
1652.9999999999998 7.39681935559636e-7
1654.0 7.391013643010938e-7
1655.0 7.385237922814996e-7
1655.9999999999998 7.37949199875769e-7
1657.0 7.373775674189442e-7
1658.0 7.368088752052212e-7
1659.0 7.362431034855583e-7
1660.0 7.356802324666355e-7
1661.0000000000002 7.351202423088247e-7
1662.0 7.345631131251523e-7
1663.0 7.340088249793414e-7
1664.0000000000002 7.334573578851452e-7
1665.0 7.329086918040183e-7
1666.0 7.323628066450588e-7
1666.9999999999998 7.318196822625641e-7
1668.0 7.312792984557761e-7
1669.0 7.307416349673812e-7
1670.0 7.302066714827158e-7
1671.0 7.29674387628674e-7
1672.0000000000002 7.291447629726928e-7
1673.0 7.286177770222474e-7
1674.0 7.280934092239413e-7
1675.0000000000002 7.27571638962652e-7
1676.0 7.270524455611951e-7
1677.0 7.265358082797803e-7
1677.9999999999998 7.260217063150565e-7
1679.0 7.255101188005079e-7
1680.0 7.250010248052881e-7
1681.0 7.244944033347162e-7
1682.0 7.239902333293625e-7
1683.0000000000002 7.234884936655915e-7
1684.0 7.229891631549993e-7
1685.0 7.22492220544883e-7
1686.0000000000002 7.219976445179027e-7
1687.0 7.215054136926558e-7
1688.0 7.210155066236646e-7
1688.9999999999998 7.20527901801887e-7
1690.0 7.200425776549149e-7
1691.0 7.195595125476006e-7
1692.0 7.190786847823898e-7
1693.0 7.186000726004343e-7
1694.0000000000002 7.181236541815694e-7
1695.0 7.176494076457188e-7
1696.0 7.171773110532471e-7
1697.0000000000002 7.167073424060771e-7
1698.0 7.162394796487847e-7
1699.0 7.157737006694514e-7
1699.9999999999998 7.153099833007014e-7
1701.0 7.148483053210491e-7
1702.0 7.143886444561205e-7
1703.0 7.139309783801261e-7
1704.0 7.134752847166233e-7
1705.0000000000002 7.130215410407841e-7
1706.0 7.125697248802115e-7
1707.0 7.121198137170009e-7
1708.0000000000002 7.116717849891242e-7
1709.0 7.112256160919834e-7
1710.0 7.1078128438066e-7
1710.9999999999998 7.103387671711205e-7
1712.0 7.098980417425245e-7
1713.0 7.094590853389162e-7
1714.0 7.090218751712317e-7
1715.0 7.085863884194748e-7
1716.0 7.081526022346306e-7
1717.0 7.077204937407684e-7
1718.0 7.072900400373593e-7
1719.0000000000002 7.068612182013659e-7
1720.0 7.064340052898135e-7
1721.0 7.060083783415516e-7
1721.9999999999998 7.055843143800729e-7
1723.0 7.051617904158137e-7
1724.0 7.047407834484514e-7
1725.0 7.043212704695234e-7
1726.0 7.0390322846484e-7
1727.0 7.034866344169729e-7
1728.0 7.030714653080956e-7
1729.0 7.026576981223513e-7
1730.0000000000002 7.022453098484294e-7
1731.0 7.01834277482438e-7
1732.0 7.014245780305136e-7
1732.9999999999998 7.010161885114182e-7
1734.0 7.006090859595166e-7
1735.0 7.002032474272486e-7
1736.0 6.997986499880194e-7
1737.0 6.993952707390909e-7
1738.0 6.989930868042204e-7
1739.0 6.985920753364948e-7
1740.0 6.981922135213127e-7
1741.0000000000002 6.977934785791305e-7
1742.0 6.973958477681381e-7
1743.0 6.969992983873136e-7
1743.9999999999998 6.966038077793908e-7
1745.0 6.962093533333321e-7
1746.0 6.958159124875677e-7
1747.0 6.954234627325901e-7
1748.0 6.950319816140068e-7
1749.0 6.946414467351861e-7
1750.0 6.942518357603402e-7
1751.0 6.938631264171718e-7
1752.0000000000002 6.934752964999806e-7
1753.0 6.930883238719307e-7
1754.0 6.927021864686342e-7
1754.9999999999998 6.923168623001219e-7
1756.0 6.919323294544491e-7
1757.0 6.91548566099842e-7
1758.0 6.911655504875886e-7
1759.0 6.907832609551159e-7
1760.0 6.904016759281912e-7
1761.0 6.900207739240738e-7
1762.0 6.89640533553688e-7
1763.0000000000002 6.89260933524915e-7
1764.0 6.888819526446192e-7
1765.0 6.885035698213746e-7
1765.9999999999998 6.881257640685261e-7
1767.0 6.877485145059291e-7
1768.0 6.873718003631683e-7
1769.0 6.869956009814254e-7
1770.0 6.866198958165437e-7
1771.0 6.862446644410146e-7
1772.0 6.858698865463115e-7
1773.0 6.854955419457566e-7
1774.0000000000002 6.851216105761849e-7
1775.0 6.847480725006857e-7
1776.0 6.843749079104665e-7
1776.9999999999998 6.840020971274938e-7
1778.0 6.83629620606324e-7
1779.0 6.832574589361869e-7
1780.0 6.828855928435077e-7
1781.0 6.825140031933466e-7
1782.0 6.821426709919251e-7
1783.0 6.817715773880924e-7
1784.0 6.814007036758107e-7
1785.0000000000002 6.810300312955719e-7
1786.0 6.806595418363127e-7
1787.0 6.80289217037546e-7
1787.9999999999998 6.799190387905414e-7
1789.0 6.79548989140575e-7
1790.0 6.791790502880358e-7
1791.0 6.788092045906195e-7
1792.0 6.784394345645741e-7
1793.0 6.780697228859748e-7
1794.0 6.777000523929033e-7
1795.0 6.773304060860139e-7
1796.0000000000002 6.769607671308066e-7
1797.0 6.765911188580421e-7
1798.0 6.762214447658777e-7
1798.9999999999998 6.758517285205616e-7
1800.0 6.754819539577747e-7
1801.0 6.751121050839652e-7
1802.0 6.747421660771035e-7
1803.0 6.743721212881573e-7
1804.0 6.740019552416616e-7
1805.0 6.736316526370136e-7
1806.0 6.732611983492925e-7
1807.0000000000002 6.728905774301443e-7
1808.0 6.725197751086662e-7
1809.0 6.721487767918964e-7
1809.9999999999998 6.717775680661368e-7
1811.0 6.714061346968815e-7
1812.0 6.710344626301376e-7
1813.0 6.706625379926996e-7
1814.0 6.7029034709283e-7
1815.0 6.699178764206811e-7
1816.0 6.695451126486873e-7
1817.0 6.691720426323529e-7
1818.0000000000002 6.687986534103066e-7
1819.0 6.684249322046898e-7
1820.0 6.68050866421499e-7
1820.9999999999998 6.676764436510831e-7
1822.0 6.673016516678212e-7
1823.0 6.669264784308072e-7
1824.0 6.665509120837702e-7
1825.0 6.661749409552594e-7
1826.0 6.65798553558516e-7
1827.0 6.654217385916661e-7
1828.0 6.650444849378225e-7
1829.0000000000002 6.646667816645777e-7
1830.0 6.642886180243605e-7
1831.0 6.639099834541887e-7
1831.9999999999998 6.635308675752203e-7
1833.0 6.631512601931169e-7
1834.0 6.627711512971936e-7
1835.0 6.623905310604353e-7
1836.0 6.620093898392526e-7
1837.0 6.616277181730295e-7
1838.0 6.612455067837926e-7
1839.0 6.608627465756558e-7
1840.0000000000002 6.604794286346371e-7
1841.0 6.60095544227919e-7
1842.0 6.597110848035755e-7
1842.9999999999998 6.593260419898731e-7
1844.0 6.589404075947894e-7
1845.0 6.585541736053323e-7
1846.0 6.581673321871011e-7
1847.0 6.577798756833614e-7
1848.0 6.573917966145896e-7
1849.0 6.570030876777548e-7
1850.0 6.566137417453808e-7
1851.0000000000002 6.562237518649636e-7
1852.0 6.558331112583106e-7
1853.0 6.554418133203026e-7
1853.9999999999998 6.550498516186499e-7
1855.0 6.546572198923409e-7
1856.0 6.542639120514943e-7
1857.0 6.538699221758534e-7
1858.0 6.534752445143113e-7
1859.0 6.530798734836108e-7
1860.0 6.526838036676141e-7
1861.0 6.522870298161835e-7
1862.0000000000002 6.518895468442363e-7
1863.0 6.514913498308225e-7
1864.0 6.510924340178559e-7
1864.9999999999998 6.506927948091623e-7
1866.0 6.502924277694911e-7
1867.0 6.498913286232319e-7
1868.0 6.49489493253574e-7
1869.0 6.490869177011425e-7
1870.0 6.486835981627968e-7
1871.0 6.482795309908025e-7
1872.0 6.478747126914289e-7
1873.0000000000002 6.474691399236442e-7
1874.0 6.47062809498248e-7
1875.0 6.466557183764832e-7
1875.9999999999998 6.462478636686556e-7
1877.0 6.45839242633297e-7
1878.0 6.454298526754762e-7
1878.9999999999998 6.450196913458947e-7
1880.0 6.446087563394651e-7
1881.0 6.441970454938829e-7
1882.0 6.437845567888054e-7
1883.0 6.433712883439263e-7
1884.0000000000002 6.429572384182815e-7
1885.0 6.425424054085227e-7
1886.0 6.421267878477551e-7
1886.9999999999998 6.417103844042735e-7
1888.0 6.412931938801177e-7
1889.0 6.408752152097377e-7
1889.9999999999998 6.404564474587647e-7
1891.0 6.400368898224699e-7
1892.0 6.39616541624665e-7
1893.0 6.391954023161347e-7
1894.0 6.387734714733882e-7
1895.0000000000002 6.38350748797205e-7
1896.0 6.379272341113401e-7
1897.0 6.375029273611186e-7
1897.9999999999998 6.370778286121138e-7
1899.0 6.366519380486476e-7
1900.0 6.362252559725676e-7
1900.9999999999998 6.357977828018224e-7
1902.0 6.353695190687811e-7
1903.0 6.349404654195459e-7
1904.0 6.345106226118697e-7
1905.0 6.340799915140265e-7
1906.0000000000002 6.336485731035481e-7
1907.0 6.33216368465628e-7
1908.0 6.327833787920148e-7
1908.9999999999998 6.323496053793934e-7
1910.0 6.319150496280085e-7
1911.0 6.314797130404503e-7
1911.9999999999998 6.310435972200665e-7
1913.0 6.306067038698402e-7
1914.0 6.301690347908741e-7
1915.0 6.297305918809584e-7
1916.0 6.292913771332025e-7
1917.0000000000002 6.288513926349364e-7
1918.0 6.284106405660712e-7
1919.0 6.279691231978187e-7
1919.9999999999998 6.275268428913846e-7
1921.0 6.270838020964903e-7
1922.0 6.266400033503252e-7
1922.9999999999998 6.261954492757752e-7
1924.0 6.257501425804924e-7
1925.0 6.253040860552528e-7
1926.0 6.248572825730094e-7
1927.0 6.244097350870844e-7
1928.0000000000002 6.239614466301861e-7
1929.0 6.235124203130848e-7
1930.0 6.23062659323134e-7
1931.0000000000002 6.226121669233317e-7
1932.0 6.22160946450436e-7
1933.0 6.21709001314283e-7
1933.9999999999998 6.212563349961475e-7
1935.0 6.208029510476718e-7
1936.0 6.203488530894727e-7
1937.0 6.198940448097965e-7
1938.0 6.194385299636547e-7
1939.0000000000002 6.189823123712119e-7
1940.0 6.18525395916563e-7
1941.0 6.180677845467249e-7
1942.0000000000002 6.176094822702264e-7
1943.0 6.171504931560526e-7
1944.0 6.166908213323925e-7
1944.9999999999998 6.162304709852484e-7
1946.0 6.157694463575723e-7
1947.0 6.153077517478198e-7
1948.0 6.14845391508854e-7
1949.0 6.14382370046946e-7
1950.0000000000002 6.139186918203553e-7
1951.0 6.134543613384427e-7
1952.0 6.129893831603016e-7
1953.0000000000002 6.125237618937656e-7
1954.0 6.120575021941521e-7
1955.0 6.115906087635105e-7
1955.9999999999998 6.111230863490764e-7
1957.0 6.106549397422326e-7
1958.0 6.101861737778906e-7
1959.0 6.097167933328423e-7
1960.0 6.092468033250425e-7
1961.0000000000002 6.087762087123093e-7
1962.0 6.083050144915537e-7
1963.0 6.078332256976672e-7
1964.0000000000002 6.073608474020798e-7
1965.0 6.068878847124536e-7
1966.0 6.064143427711688e-7
1966.9999999999998 6.059402267544308e-7
1968.0 6.054655418712973e-7
1969.0 6.049902933627846e-7
1970.0 6.045144865007129e-7
1971.0 6.040381265869156e-7
1972.0 6.035612189523111e-7
1973.0 6.030837689556624e-7
1974.0 6.026057819830162e-7
1975.0000000000002 6.02127263446536e-7
1976.0 6.016482187835633e-7
1977.0 6.011686534560031e-7
1977.9999999999998 6.006885729491694e-7
1979.0 6.002079827708262e-7
1980.0 5.99726888450777e-7
1981.0 5.992452955392178e-7
1982.0 5.987632096067616e-7
1983.0 5.982806362429126e-7
1984.0 5.977975810555027e-7
1985.0 5.973140496699196e-7
1986.0000000000002 5.968300477281769e-7
1987.0 5.963455808880891e-7
1988.0 5.958606548225659e-7
1988.9999999999998 5.953752752187884e-7
1990.0 5.948894477772901e-7
1991.0 5.944031782114997e-7
1992.0 5.939164722466999e-7
1993.0 5.934293356192463e-7
1994.0 5.929417740761277e-7
1995.0 5.924537933738906e-7
1996.0 5.919653992782647e-7
1997.0000000000002 5.914765975630196e-7
1998.0 5.909873940096457e-7
1999.0 5.904977944064783e-7
1999.9999999999998 5.900078045479495e-7
