0.0 1.3640338540886244e-5
1.0 1.3640435524932743e-5
2.0 1.364072648566775e-5
3.0 1.3641211449016639e-5
4.0 1.3641890457985405e-5
5.0 1.3642763572957102e-5
6.0 1.364383087159555e-5
7.0 1.3645092448757014e-5
8.0 1.3646548416658268e-5
9.0 1.3648198904831518e-5
10.0 1.3650044060225808e-5
10.999999999999998 1.3652084047050819e-5
12.0 1.3654319047029042e-5
13.000000000000002 1.3656749259394462e-5
14.0 1.3659374900804548e-5
14.999999999999998 1.3662196205525918e-5
16.0 1.3665213425418298e-5
17.0 1.3668426830037745e-5
18.0 1.367183670662399e-5
19.0 1.3675443360226454e-5
20.0 1.3679247113800452e-5
21.0 1.368324830819107e-5
21.999999999999996 1.3687447302246578e-5
23.0 1.3691844472928758e-5
24.0 1.3696440215366817e-5
25.0 1.3701234942983542e-5
26.000000000000004 1.3706229087524674e-5
27.0 1.3711423099184494e-5
28.0 1.3716817446733744e-5
29.0 1.3722412617601387e-5
29.999999999999996 1.3728209117979251e-5
31.0 1.3734207472967989e-5
32.0 1.374040822670426e-5
33.0 1.3746811942387883e-5
34.0 1.3753419202534314e-5
35.0 1.3760230609078778e-5
36.0 1.376724678331026e-5
37.0 1.377446836647387e-5
38.0 1.3781896019443243e-5
39.0 1.378953042311689e-5
40.0 1.3797372278541392e-5
41.0 1.3805422307032056e-5
42.0 1.38136812504374e-5
43.0 1.3822149871152842e-5
43.99999999999999 1.3830828952464447e-5
45.0 1.3839719298599784e-5
46.0 1.3848821735039208e-5
47.0 1.3858137108615357e-5
48.0 1.386766628768962e-5
49.0 1.3877410162521629e-5
50.0 1.388736964529815e-5
51.0 1.3897545670419254e-5
52.00000000000001 1.3907939194846027e-5
53.0 1.3918551198039298e-5
54.0 1.3929382682445487e-5
55.0 1.394043467374819e-5
56.0 1.395170822085764e-5
57.0 1.3963204396512302e-5
58.0 1.3974924297197754e-5
59.0 1.3986869043726667e-5
59.99999999999999 1.3999039781338782e-5
61.0 1.4011437679967505e-5
62.0 1.4024063934581797e-5
63.0 1.403691976549912e-5
64.0 1.405000641873846e-5
65.0 1.4063325166134076e-5
66.0 1.4076877305841108e-5
67.0 1.4090664162641915e-5
68.0 1.410468708820041e-5
69.0 1.4118947461425648e-5
70.0 1.4133446688937334e-5
71.0 1.4148186205276944e-5
72.0 1.4163167473316703e-5
73.0 1.4178391984731212e-5
74.0 1.4193861260222047e-5
75.0 1.4209576850015284e-5
76.0 1.4225540334367417e-5
77.0 1.424175332374077e-5
78.0 1.425821745937171e-5
79.0 1.427493441380376e-5
80.0 1.4291905891090256e-5
81.0 1.4309133627431582e-5
82.0 1.4326619391584612e-5
83.00000000000001 1.4344364985355824e-5
84.0 1.4362372244109949e-5
85.0 1.4380643037173762e-5
86.0 1.4399179268445936e-5
87.0 1.4417982877000084e-5
87.99999999999999 1.4437055837337942e-5
89.0 1.4456400160195817e-5
90.0 1.4476017893150117e-5
91.0 1.4495911120846202e-5
92.0 1.451608196598066e-5
92.99999999999999 1.4536532589715183e-5
94.0 1.4557265192261867e-5
95.0 1.4578282013635362e-5
96.0 1.4599585334219862e-5
97.0 1.462117747540596e-5
98.0 1.4643060800337874e-5
99.00000000000001 1.466523771465767e-5
100.0 1.4687710667026205e-5
101.0 1.4710482150087718e-5
102.0 1.4733554700943848e-5
103.0 1.4756930902144146e-5
104.00000000000001 1.4780613382480437e-5
105.0 1.4804604817559433e-5
106.0 1.4828907930764545e-5
107.0 1.4853525494264022e-5
108.0 1.4878460329477758e-5
108.99999999999999 1.4903715308244895e-5
110.0 1.4929293353759865e-5
111.0 1.4955197441216666e-5
112.0 1.4981430599038835e-5
113.0 1.5007995909764692e-5
114.0 1.5034896510835513e-5
115.00000000000001 1.5062135595996761e-5
116.0 1.5089716416031026e-5
117.0 1.511764227992081e-5
118.0 1.51459165559105e-5
119.0 1.5174542672658735e-5
119.99999999999999 1.5203524120514169e-5
121.0 1.5232864452412524e-5
122.0 1.526256728522313e-5
123.0 1.5292636301122617e-5
124.0 1.532307524858437e-5
124.99999999999999 1.5353887943951822e-5
126.0 1.538507827253219e-5
127.0 1.5416650190043515e-5
128.0 1.5448607724240918e-5
129.0 1.5480954975909722e-5
130.0 1.5513696120635594e-5
131.0 1.554683541037394e-5
132.0 1.5580377174672977e-5
133.0 1.5614325822588175e-5
134.0 1.5648685844220036e-5
135.0 1.5683461812180408e-5
136.0 1.571865838365383e-5
137.0 1.575428030187087e-5
138.0 1.5790332398111778e-5
139.0 1.582681959326281e-5
140.0 1.5863746900107474e-5
141.0 1.590111942509142e-5
142.0 1.5938942370210633e-5
143.0 1.597722103530472e-5
144.0 1.6015960819830787e-5
145.0 1.6055167225557808e-5
146.0 1.6094845858264147e-5
147.0 1.6135002430315844e-5
148.0 1.6175642762939316e-5
149.0 1.6216772788692883e-5
150.0 1.6258398553759947e-5
151.0 1.630052622081298e-5
152.0 1.634316207132637e-5
153.0 1.6386312508526305e-5
154.0 1.642998405992298e-5
155.0 1.647418338038189e-5
156.0 1.651891725481805e-5
157.0 1.656419260134156e-5
158.0 1.661001647443036e-5
159.0 1.6656396067919687e-5
160.0 1.670333871846708e-5
161.0 1.6750851908743243e-5
162.0 1.6798943270922374e-5
163.0 1.6847620590536103e-5
164.0 1.689689180967981e-5
164.99999999999997 1.6946765031131726e-5
166.00000000000003 1.6997248522052872e-5
167.0 1.7048350718239484e-5
168.0 1.7100080227821452e-5
169.0 1.7152445835942906e-5
170.0 1.720545650895017e-5
171.0 1.725912139875276e-5
172.0 1.731344984777313e-5
173.0 1.7368451393384023e-5
174.0 1.7424135773224787e-5
174.99999999999997 1.7480512929883824e-5
175.99999999999997 1.753759301629718e-5
177.00000000000003 1.7595386401387734e-5
178.0 1.7653903675113288e-5
179.0 1.7713155654710625e-5
180.0 1.7773153390200844e-5
181.0 1.78339081709447e-5
182.0 1.7895431531380735e-5
183.0 1.7957735258022517e-5
184.0 1.8020831395989665e-5
185.0 1.8084732255738384e-5
185.99999999999997 1.8149450420569957e-5
187.00000000000003 1.821499875364317e-5
188.0 1.8281390406021415e-5
189.0 1.8348638824069403e-5
190.0 1.8416757757821762e-5
191.0 1.8485761269647137e-5
192.0 1.855566374232699e-5
193.0 1.8626479888603747e-5
194.0 1.869822476001524e-5
195.0 1.877091375699134e-5
196.0 1.8844562638049108e-5
196.99999999999997 1.8919187530832164e-5
198.00000000000003 1.8994804942312743e-5
199.0 1.9071431769621115e-5
200.0 1.9149085311810373e-5
201.0 1.9227783281298584e-5
202.0 1.9307543816251166e-5
203.0 1.93883854931488e-5
204.0 1.947032733960967e-5
205.0 1.9553388848243522e-5
206.0 1.963758999038725e-5
206.99999999999997 1.9722951230930302e-5
208.00000000000003 1.9809493542976388e-5
209.00000000000003 1.9897238423824388e-5
210.0 1.9986207910862817e-5
211.0 2.007642459848848e-5
212.0 2.0167911655441342e-5
213.0 2.026069284280216e-5
214.0 2.035479253294731e-5
215.0 2.045023572868109e-5
216.0 2.0547048083612384e-5
217.0 2.064525592313381e-5
217.99999999999997 2.0744886266106883e-5
219.00000000000003 2.0845966847304266e-5
220.0 2.0948526141437435e-5
221.0 2.10525933870586e-5
222.0 2.115819861209869e-5
223.0 2.1265372660179923e-5
224.0 2.1374147218558805e-5
225.0 2.1484554845906734e-5
226.0 2.1596629002607884e-5
227.0 2.171040408164285e-5
228.0 2.1825915440361646e-5
228.99999999999997 2.1943199434563844e-5
230.00000000000003 2.2062293453246708e-5
231.0 2.2183235954529896e-5
232.0 2.2306066504308e-5
233.0 2.2430825815533033e-5
234.0 2.2557555788948448e-5
235.0 2.2686299556796217e-5
236.0 2.2817101527082292e-5
237.0 2.2950007430863286e-5
238.0 2.308506437075129e-5
238.99999999999997 2.3222320871842885e-5
239.99999999999997 2.3361826935191952e-5
241.00000000000003 2.35036340934983e-5
242.0 2.3647795469038627e-5
243.0 2.3794365834529617e-5
244.0 2.3943401676401102e-5
245.0 2.4094961261916156e-5
246.0 2.4249104707974527e-5
247.0 2.4405894054110064e-5
248.0 2.456539333908978e-5
249.0 2.4727668679740873e-5
249.99999999999997 2.4892788355322187e-5
251.00000000000003 2.506082289491387e-5
252.0 2.523184516827796e-5
253.0 2.5405930483754145e-5
254.0 2.5583156687405877e-5
255.0 2.576360426964402e-5
256.0 2.594735647652242e-5
257.0 2.6134499426085568e-5
258.0 2.6325122230680082e-5
259.0 2.6519317125791567e-5
260.0 2.671717960518667e-5
261.0 2.69188085630294e-5
262.0 2.7124306443656942e-5
263.0 2.7333779398429175e-5
264.0 2.7547337451130562e-5
265.0 2.7765094672911118e-5
266.0 2.798716936470436e-5
267.0 2.8213684250994826e-5
268.0 2.8444766684231137e-5
269.0 2.8680548857952295e-5
270.0 2.8921168034518554e-5
271.0 2.916676678397757e-5
272.0 2.941749323501364e-5
273.0 2.967350134258852e-5
274.0 2.9934951168468673e-5
275.0 3.0202009177928572e-5
276.0 3.0474848554349392e-5
277.0 3.0753649530760125e-5
278.0 3.103859974106775e-5
279.0 3.132989459190489e-5
280.0 3.1627737654523226e-5
281.0 3.1932341082832814e-5
282.0 3.2243926053284636e-5
283.0 3.256272323265668e-5
284.0 3.288897327206549e-5
285.0 3.322292733389571e-5
286.0 3.3564847646994966e-5
287.0 3.391500809807507e-5
288.0 3.427369485884379e-5
289.0 3.46412070502968e-5
290.0 3.501785745108136e-5
291.0 3.5403973246537086e-5
292.0 3.5799896825873344e-5
293.0 3.620598662992296e-5
294.0 3.6622618050547965e-5
295.0 3.705018438700568e-5
296.0 3.748909786279016e-5
297.0 3.793979070718181e-5
298.0 3.840271630252889e-5
299.0 3.887835040660452e-5
300.0 3.936719244902161e-5
301.0 3.986976691236056e-5
302.0 4.0386624794510795e-5
303.0 4.091834516752857e-5
304.0 4.146553682557504e-5
305.0 4.202884003931137e-5
306.0 4.260892841301097e-5
307.0 4.320651084870691e-5
308.0 4.3822333629868444e-5
309.0 4.445718261783035e-5
310.0 4.5111885570438794e-5
311.0 4.578731458337613e-5
312.0 4.648438865255444e-5
313.0 4.720407635790813e-5
314.0 4.794739866561034e-5
315.0 4.871543183710428e-5
316.0 4.9509310440376886e-5
317.0 5.033023043893882e-5
318.0 5.1179452344660914e-5
319.0 5.2058304394436464e-5
320.0 5.29681857164038e-5
321.0 5.391056942704859e-5
322.0 5.488700558987646e-5
323.0 5.58991239484409e-5
324.0 5.6948636313544354e-5
325.0 5.803733846646033e-5
326.0 5.91671113900087e-5
327.0 6.03399216035719e-5
328.0 6.155782031906168e-5
329.0 6.282294105346809e-5
329.99999999999994 6.41374952853661e-5
331.0 6.550376559423743e-5
332.00000000000006 6.692409563793951e-5
333.0 6.84008761599855e-5
334.0 6.993652604651921e-5
335.0 7.153346725509439e-5
336.0 7.319409218708292e-5
337.0 7.492072181378194e-5
338.0 7.671555254717358e-5
339.0 7.858058951162838e-5
340.0 8.051756352935134e-5
340.99999999999994 8.252782875282013e-5
342.0 8.46122375768699e-5
343.00000000000006 8.677098925172409e-5
344.0 8.900344854516813e-5
345.0 9.130793106594137e-5
346.0 9.368145255590379e-5
347.0 9.611944083189939e-5
348.0 9.861541136102312e-5
349.0 0.0001011606109778872
349.99999999999994 0.00010374363938722738
351.0 0.00010635006496119415
351.99999999999994 0.000108962060188186
353.0 0.00011155809259963039
354.00000000000006 0.0001141127184109759
355.0 0.00011659653677369561
356.0 0.00011897637006195499
357.0 0.00012121573642546741
358.0 0.000123275670917773
359.0 0.00012511592718456767
360.0 0.00012669655107505504
360.99999999999994 0.00012797976247255888
362.0 0.00012893201894950964
363.00000000000006 0.00012952607686624664
364.0 0.00012974282771159026
365.0 0.00012957268427708944
366.0 0.00012901633060299246
367.0 0.00012808472832579064
368.0 0.00012679837512488484
369.0 0.00012518591542184815
370.0 0.00012328228587820834
371.0 0.00012112662210669119
371.99999999999994 0.00011876015369585282
373.0 0.00011622427886014436
374.00000000000006 0.00011355895201939061
375.0 0.00011080145330871841
376.0 0.0001079855514721222
377.0 0.00010514102853849045
378.0 0.00010229350839617456
379.0 9.94645203735299e-5
380.0 9.667172933057293e-5
381.0 9.392927141030798e-5
382.0 9.124814582642525e-5
382.99999999999994 8.86366250333313e-5
384.0 8.610065677000399e-5
385.00000000000006 8.364424079774087e-5
386.0 8.126977048527761e-5
387.0 7.897833480041453e-5
388.0 7.676997993572829e-5
389.0 7.464393227454162e-5
390.0 7.259878575388389e-5
391.0 7.063265741007164e-5
392.0 6.874331509958713e-5
393.0 6.69282813076417e-5
393.99999999999994 6.518491668524594e-5
395.0 6.351048659775198e-5
396.00000000000006 6.190221356750602e-5
397.0 6.035731810865659e-5
398.0 5.887305007233059e-5
399.0 5.7446712293730995e-5
400.0 5.607567802720436e-5
401.0 5.4757403412803086e-5
402.0 5.348943598155895e-5
403.0 5.226942004052607e-5
404.0 5.109509960457851e-5
404.99999999999994 4.9964319437870156e-5
406.0 4.8875024628391986e-5
407.00000000000006 4.782525907318045e-5
408.0 4.6813163138880796e-5
409.0 4.583697074197118e-5
410.0 4.4895006012541264e-5
411.0 4.398567969226264e-5
412.0 4.310748537856903e-5
413.0 4.225899568921132e-5
413.99999999999994 4.1438858428252986e-5
415.0 4.0645792788583426e-5
416.00000000000006 3.9878585641009415e-5
417.0 3.9136087926427884e-5
418.00000000000006 3.841721117738154e-5
419.0 3.7720924176308816e-5
420.0 3.704624976206662e-5
421.0 3.6392261788270315e-5
422.0 3.575808223150237e-5
423.0 3.51428784509715e-5
424.0 3.4545860596806195e-5
424.99999999999994 3.3966279161836774e-5
426.0 3.3403422670481885e-5
427.00000000000006 3.28566155040655e-5
428.0 3.2325215850575525e-5
429.0 3.180861377736381e-5
430.0 3.130622941903542e-5
431.0 3.081751127208037e-5
432.0 3.034193459646812e-5
433.0 2.9878999909585528e-5
434.0 2.9428231576479706e-5
435.0 2.8989176480570917e-5
435.99999999999994 2.8561402780503798e-5
437.0 2.81444987387876e-5
438.00000000000006 2.773807162328778e-5
439.0 2.7341746674767078e-5
440.0 2.6955166137148518e-5
441.0 2.657798834600227e-5
442.0 2.6209886871766573e-5
443.0 2.5850549713773336e-5
444.0 2.5499678543826037e-5
445.0 2.5156987992541757e-5
446.0 2.4822204978655506e-5
446.99999999999994 2.4495068079038983e-5
448.0 2.4175326932712366e-5
449.00000000000006 2.3862741681907476e-5
450.0 2.355708244448416e-5
451.0 2.3258128816088872e-5
452.0 2.2965669401747786e-5
453.0 2.267950137337678e-5
454.0 2.2399430052220763e-5
455.0 2.2125268514751384e-5
456.0 2.1856837220923413e-5
457.0 2.1593963662115283e-5
457.99999999999994 2.1336482029496552e-5
459.0 2.108423289892035e-5
460.00000000000006 2.0837062934929976e-5
461.0 2.059482460849925e-5
462.0 2.035737593233026e-5
463.0 2.0124580207169943e-5
464.0 1.98963057846426e-5
465.0 1.9672425840078393e-5
466.0 1.9452818158624213e-5
467.0 1.9237364931795905e-5
468.0 1.9025952564368504e-5
468.99999999999994 1.8818471491412158e-5
470.0 1.861481600470066e-5
471.00000000000006 1.84148840872324e-5
472.0 1.8218577256698114e-5
473.0 1.802580041626109e-5
474.0 1.7836461713091852e-5
475.0 1.765047240314473e-5
476.0 1.746774672316407e-5
477.0 1.7288201768846444e-5
477.99999999999994 1.7111757378016442e-5
479.0 1.6938336020633226e-5
479.99999999999994 1.6767862692927085e-5
481.0 1.6600264816820206e-5
482.00000000000006 1.6435472144481326e-5
483.0 1.627341666672457e-5
484.0 1.6114032525611844e-5
485.0 1.5957255931830677e-5
486.0 1.5803025084679208e-5
487.0 1.5651280096667726e-5
488.0 1.5501962920713454e-5
488.99999999999994 1.535501728141298e-5
490.0 1.521038860826652e-5
491.00000000000006 1.5068023973052908e-5
492.0 1.4927872028790806e-5
493.0 1.4789882952210402e-5
494.0 1.4654008388337094e-5
495.0 1.4520201397432871e-5
496.0 1.4388416404205252e-5
497.0 1.4258609149216841e-5
498.0 1.4130736642443237e-5
499.0 1.4004757118468595e-5
499.99999999999994 1.3880629993798505e-5
501.0 1.3758315825885814e-5
502.00000000000006 1.3637776273763786e-5
503.0 1.3518974060238028e-5
504.0 1.3401872935822249e-5
505.0 1.3286437643906647e-5
506.0 1.3172633887286542e-5
507.0 1.3060428296444031e-5
508.0 1.2949788398361543e-5
509.0 1.2840682587291468e-5
510.0 1.2733080096190588e-5
510.99999999999994 1.2626950969341868e-5
512.0 1.252226603628198e-5
513.0 1.2418996886405195e-5
514.0 1.2317115844671391e-5
515.0 1.2216595948313514e-5
516.0 1.2117410924219235e-5
517.0 1.2019535167432122e-5
518.0 1.1922943720225784e-5
519.0 1.1827612251883354e-5
520.0 1.1733517039677473e-5
521.0 1.1640634949946598e-5
522.0 1.1548943420301441e-5
523.0 1.1458420442203494e-5
524.0 1.1369044544469708e-5
525.0 1.128079477695144e-5
526.0 1.1193650695139592e-5
527.0 1.1107592345246604e-5
528.0 1.1022600249653735e-5
529.0 1.0938655393092805e-5
530.0 1.0855739209028068e-5
531.0 1.0773833566862916e-5
532.0 1.0692920759308759e-5
533.0 1.0612983490178216e-5
534.0 1.0534004862923552e-5
535.0 1.0455968369076642e-5
536.0 1.0378857877557505e-5
537.0 1.0302657623881978e-5
538.0 1.0227352200224811e-5
539.0 1.0152926545317831e-5
540.0 1.0079365935003805e-5
541.0 1.0006655973099765e-5
542.0 9.934782582290363e-6
543.0 9.863731995635327e-6
544.0 9.793490748134705e-6
545.0 9.724045668697338e-6
546.0 9.655383872290671e-6
547.0 9.587492752279326e-6
548.0 9.520359973250025e-6
549.0 9.453973463761061e-6
550.0 9.388321409529363e-6
551.0 9.323392246675165e-6
552.0 9.25917465546747e-6
553.0 9.195657553718746e-6
554.0 9.132830091051224e-6
555.0 9.070681642831262e-6
556.0 9.009201804474373e-6
557.0 8.948380385981178e-6
558.0 8.888207406485797e-6
559.0 8.828673089100712e-6
560.0 8.769767855891396e-6
561.0 8.711482322942868e-6
562.0 8.653807295549693e-6
563.0 8.596733763780366e-6
564.0 8.540252897754314e-6
565.0 8.484356043509375e-6
566.0 8.429034718668516e-6
567.0 8.374280608352079e-6
568.0 8.320085561238453e-6
569.0 8.26644158566484e-6
570.0 8.213340845866367e-6
571.0 8.160775658350237e-6
572.0 8.108738488354823e-6
573.0 8.057221946364357e-6
574.0 8.006218784808095e-6
575.0 7.955721894782476e-6
576.0 7.9057243028723e-6
577.0 7.856219168088745e-6
578.0 7.80719977889995e-6
579.0 7.75865955031489e-6
580.0 7.710592020985058e-6
581.0 7.662990850577208e-6
582.0 7.615849816937169e-6
583.0 7.569162813664965e-6
584.0 7.522923847426882e-6
585.0 7.4771270355749235e-6
586.0 7.431766603694453e-6
587.0 7.386836883348411e-6
588.0 7.34233230965095e-6
589.0 7.298247419217786e-6
590.0 7.254576847932582e-6
591.0 7.21131532882488e-6
592.0 7.1684576900323606e-6
593.0 7.12599885286572e-6
594.0 7.083933829785102e-6
595.0 7.04225772258136e-6
596.0 7.000965720489491e-6
597.0 6.960053098377465e-6
598.0 6.919515215039209e-6
599.0 6.879347511463964e-6
600.0 6.83954550919472e-6
601.0 6.800104808655579e-6
602.0 6.76102108764216e-6
603.0 6.722290099686906e-6
604.0 6.683907672674594e-6
605.0 6.645869707269621e-6
606.0 6.6081721755458425e-6
607.0 6.570811119551179e-6
608.0 6.533782649998391e-6
609.0 6.497082944866215e-6
610.0 6.460708248193727e-6
611.0 6.4246548687007095e-6
612.0 6.388919178688527e-6
613.0 6.353497612686491e-6
614.0 6.318386666398574e-6
615.0 6.283582895490421e-6
616.0 6.249082914466928e-6
617.0 6.2148833956284176e-6
618.0 6.180981067912685e-6
619.0 6.147372715926162e-6
620.0 6.114055178901331e-6
621.0 6.081025349655192e-6
622.0 6.04828017369241e-6
623.0 6.0158166481627204e-6
624.0 5.983631821005489e-6
625.0 5.951722789967893e-6
626.0 5.920086701807739e-6
627.0 5.888720751294512e-6
628.0 5.857622180476072e-6
629.0 5.826788277772089e-6
630.0 5.79621637717495e-6
631.0 5.765903857466955e-6
632.0 5.735848141406824e-6
633.0 5.706046695005424e-6
634.0 5.676497026735928e-6
635.0 5.647196686819308e-6
636.0 5.6181432665055225e-6
637.0 5.58933439735723e-6
638.0 5.560767750594361e-6
639.0 5.532441036360411e-6
640.0 5.504352003102409e-6
641.0 5.476498436909105e-6
642.0 5.448878160873608e-6
643.0 5.421489034463691e-6
644.0 5.3943289529125376e-6
645.0 5.367395846599786e-6
646.0 5.340687680505438e-6
647.0 5.314202453569182e-6
648.0 5.2879381981680095e-6
649.0 5.261892979525164e-6
650.0 5.236064895169796e-6
651.0 5.21045207440769e-6
652.0 5.185052677779443e-6
653.0000000000001 5.1598648965229125e-6
654.0 5.134886952078477e-6
655.0 5.110117095584257e-6
656.0 5.0855536073457944e-6
657.0 5.061194796390926e-6
658.0 5.037038999956628e-6
659.0 5.013084583002163e-6
659.9999999999999 4.989329937761447e-6
661.0 4.965773483275892e-6
662.0 4.942413664928542e-6
663.0 4.919248954008982e-6
664.0000000000001 4.896277847236081e-6
665.0 4.873498866357982e-6
666.0 4.850910557673838e-6
667.0 4.828511491651206e-6
668.0 4.806300262466728e-6
669.0 4.784275487605132e-6
670.0 4.762435807425038e-6
670.9999999999999 4.740779884772e-6
672.0 4.7193064045512065e-6
673.0 4.69801407334442e-6
674.0 4.676901618989742e-6
675.0000000000001 4.655967790197408e-6
676.0 4.635211356165993e-6
677.0 4.614631106174188e-6
678.0 4.594225849212691e-6
679.0 4.573994413594692e-6
680.0 4.553935646576098e-6
681.0 4.534048413979713e-6
681.9999999999999 4.514331599821765e-6
683.0 4.494784105940208e-6
684.0 4.475404851617566e-6
685.0 4.456192773244122e-6
686.0000000000001 4.437146823896452e-6
687.0 4.4182659730411826e-6
688.0 4.399549206123795e-6
688.9999999999999 4.380995524232545e-6
690.0 4.3626039437432654e-6
691.0 4.344373495955e-6
692.0 4.326303226743521e-6
692.9999999999999 4.3083921962072115e-6
694.0 4.290639478316508e-6
695.0 4.273044160570961e-6
696.0 4.2556053436513675e-6
697.0000000000001 4.238322141072379e-6
698.0 4.221193678844204e-6
699.0 4.20421909513241e-6
699.9999999999999 4.187397539910252e-6
701.0 4.170728174622491e-6
702.0 4.154210171871514e-6
703.0 4.137842715054104e-6
703.9999999999999 4.121624998035506e-6
705.0 4.105556224838009e-6
706.0 4.089635609295836e-6
707.0 4.073862374730797e-6
708.0000000000001 4.058235753631277e-6
709.0 4.042754987337017e-6
710.0 4.02741932570809e-6
710.9999999999999 4.012228026808088e-6
712.0 3.997180356603669e-6
713.0 3.9822755886422855e-6
714.0 3.9675130037417175e-6
715.0000000000001 3.952891889688079e-6
716.0 3.938411540939107e-6
717.0 3.924071258311604e-6
718.0 3.909870348688175e-6
719.0000000000001 3.895808124734256e-6
720.0 3.88188390460169e-6
721.0 3.868097011638894e-6
721.9999999999999 3.854446774114699e-6
723.0 3.840932524946586e-6
724.0 3.827553601419652e-6
725.0 3.8143093449094386e-6
726.0000000000001 3.801199100642262e-6
727.0 3.788222217416546e-6
728.0 3.775378047353585e-6
729.0 3.7626659456486837e-6
730.0 3.750085270328588e-6
731.0 3.7376353820136197e-6
732.0 3.725315643683006e-6
732.9999999999999 3.713125420451166e-6
734.0 3.701064079345102e-6
735.0 3.6891309890764477e-6
736.0 3.6773255198662253e-6
737.0000000000001 3.66564704320808e-6
738.0 3.6540949316912397e-6
739.0 3.642668558807952e-6
740.0 3.631367298763556e-6
741.0 3.620190526325615e-6
742.0 3.609137616616016e-6
743.0 3.5982079449881056e-6
743.9999999999999 3.5874008868508e-6
745.0 3.5767158175297087e-6
746.0 3.566152112125889e-6
747.0 3.5557091453810527e-6
748.0000000000001 3.5453862915609458e-6
749.0 3.5351829243280376e-6
750.0 3.52509841664144e-6
751.0 3.5151321406472697e-6
752.0 3.505283467587632e-6
753.0 3.4955517677147722e-6
754.0 3.4859364102052146e-6
754.9999999999999 3.4764367630921004e-6
756.0 3.4670521932029647e-6
757.0 3.4577820660885197e-6
758.0 3.44862574598943e-6
759.0000000000001 3.4395825957801027e-6
760.0 3.4306519769318797e-6
761.0 3.4218332494937277e-6
762.0 3.4131257720517616e-6
763.0 3.404528901729967e-6
764.0 3.3960419941630156e-6
765.0 3.3876644035018e-6
765.9999999999999 3.3793954824125213e-6
767.0 3.371234582084093e-6
768.0 3.363181052234495e-6
769.0 3.355234241140817e-6
770.0000000000001 3.347393495645766e-6
771.0 3.339658161200441e-6
772.0 3.3320275818865805e-6
773.0 3.324501100456922e-6
774.0 3.317078058377147e-6
775.0 3.309757795865243e-6
776.0 3.3025396519410736e-6
776.9999999999999 3.2954229644812216e-6
778.0 3.2884070702688654e-6
779.0 3.281491305049284e-6
780.0 3.2746750035911505e-6
781.0000000000001 3.267957499744869e-6
782.0 3.2613381265093205e-6
783.0 3.2548162160907106e-6
784.0 3.248391099971294e-6
785.0 3.2420621089729317e-6
786.0 3.235828573325042e-6
787.0 3.2296898227311477e-6
787.9999999999999 3.22364518643527e-6
789.0 3.2176939932880507e-6
790.0 3.2118355718151547e-6
791.0 3.2060692502770036e-6
792.0000000000001 3.2003943567403794e-6
793.0 3.1948102191335612e-6
794.0 3.189316165312063e-6
795.0 3.183911523117796e-6
796.0 3.1785956204336306e-6
797.0 3.173367785238656e-6
798.0 3.1682273456657357e-6
798.9999999999999 3.1631736300445043e-6
800.0 3.1582059669510176e-6
801.0 3.1533236852534464e-6
802.0 3.148526114152432e-6
803.0000000000001 3.143812583215964e-6
804.0 3.1391824224142994e-6
805.0 3.1346349621539686e-6
806.0 3.1301695333004668e-6
807.0 3.1257854672007486e-6
808.0 3.121482095706452e-6
809.0 3.117258751187148e-6
809.9999999999999 3.1131147665392236e-6
811.0 3.1090494751974707e-6
812.0 3.1050622111349014e-6
813.0 3.101152308863973e-6
814.0000000000001 3.097319103430781e-6
815.0 3.093561930407286e-6
816.0 3.0898801258785075e-6
816.9999999999999 3.086273026424895e-6
818.0 3.0827399691033297e-6
819.0 3.079280291423308e-6
820.0 3.075893331318178e-6
820.9999999999999 3.072578427114933e-6
822.0 3.0693349175000018e-6
823.0 3.0661621414803945e-6
824.0 3.0630594383455666e-6
825.0000000000001 3.0600261476219886e-6
826.0 3.0570616090278368e-6
827.0 3.054165162425415e-6
827.9999999999999 3.0513361477683053e-6
829.0 3.0485739050525622e-6
830.0 3.045877774260787e-6
831.0 3.043247095305205e-6
832.0000000000001 3.040681207974584e-6
833.0 3.0381794518752528e-6
834.0 3.0357411663739685e-6
835.0 3.0333656905397843e-6
836.0000000000001 3.0310523630889153e-6
837.0 3.0288005223261247e-6
838.0 3.0266095060926e-6
838.9999999999999 3.024478651708732e-6
840.0 3.02240729592449e-6
841.0 3.020394774871366e-6
842.0 3.018440424014702e-6
843.0000000000001 3.0165435781107057e-6
844.0 3.0147035711712206e-6
845.0 3.0129197364245257e-6
846.0 3.011191406291644e-6
847.0000000000001 3.009517912359567e-6
848.0 3.007898585364599e-6
849.0 3.0063327551840732e-6
849.9999999999999 3.00481975083202e-6
851.0 3.00335890046445e-6
852.0 3.001949531396017e-6
853.0 3.000590970120669e-6
854.0000000000001 2.999282542346507e-6
855.0 2.998023573043424e-6
856.0 2.996813386494967e-6
857.0 2.995651306372037e-6
858.0 2.9945366558106596e-6
859.0 2.993468757512535e-6
860.0 2.9924469338515356e-6
860.9999999999999 2.991470507003366e-6
862.0 2.990538799086906e-6
863.0 2.989651132324792e-6
864.0 2.9888068292217593e-6
865.0000000000001 2.9880052127598066e-6
866.0 2.9872456066189494e-6
867.0 2.9865273354105546e-6
868.0 2.9858497249380875e-6
869.0 2.985212102479589e-6
870.0 2.9846137970890326e-6
871.0 2.9840541399277947e-6
871.9999999999999 2.983532464615206e-6
873.0 2.9830481076105665e-6
874.0 2.9826004086152757e-6
875.0 2.9821887110056237e-6
876.0000000000001 2.9818123622935754e-6
877.0 2.981470714616476e-6
878.0 2.981163125251784e-6
879.0 2.9808889571666315e-6
880.0 2.9806475795953754e-6
881.0 2.9804383686443538e-6
882.0 2.980260707934959e-6
882.9999999999999 2.980113989268866e-6
884.0 2.979997613334371e-6
885.0 2.9799109904341305e-6
886.0 2.9798535412509098e-6
887.0000000000001 2.9798246976415596e-6
888.0 2.9798239034621215e-6
889.0 2.9798506154224464e-6
890.0 2.9799043039694204e-6
891.0 2.9799844542001242e-6
892.0 2.9800905668013088e-6
893.0 2.9802221590159567e-6
893.9999999999999 2.9803787656287956e-6
895.0 2.980559939980132e-6
896.0 2.9807652549983603e-6
897.0 2.9809943042454346e-6
898.0000000000001 2.98124670298447e-6
899.0 2.9815220892523867e-6
900.0 2.9818201249464464e-6
901.0 2.9821404969105042e-6
902.0 2.982482918023312e-6
903.0 2.9828471282823384e-6
904.0 2.983232895878729e-6
904.9999999999999 2.9836400182570675e-6
906.0 2.9840683231530757e-6
907.0 2.9845176696072045e-6
908.0 2.9849879489402922e-6
909.0000000000001 2.9854790856899993e-6
910.0 2.985991038499816e-6
911.0 2.9865238009499873e-6
912.0 2.9870774023185743e-6
913.0 2.9876519082797807e-6
914.0 2.9882474215011725e-6
915.0 2.988864082162705e-6
915.9999999999999 2.989502068363397e-6
917.0 2.9901615964117734e-6
918.0 2.9908429210000885e-6
919.0 2.991546335232707e-6
920.0000000000001 2.9922721705107623e-6
921.0 2.993020796256775e-6
922.0 2.9937926194741462e-6
923.0 2.9945880841194076e-6
924.0 2.9954076702828245e-6
925.0 2.9962518931696585e-6
926.0 2.9971213018653557e-6
926.9999999999999 2.998016477877305e-6
928.0 2.9989380334461776e-6
929.0 2.9998866096152397e-6
930.0 3.0008628740543513e-6
931.0000000000001 3.0018675186203713e-6
932.0 3.0029012566745664e-6
933.0 3.003964820119368e-6
934.0 3.005058956181238e-6
935.0 3.0061844239265177e-6
936.0 3.0073419905069874e-6
937.0 3.00853242715413e-6
937.9999999999999 3.0097565049155958e-6
939.0 3.0110149901370012e-6
940.0 3.012308639720527e-6
941.0 3.01363819615433e-6
942.0000000000001 3.0150043823326984e-6
943.0 3.016407896189731e-6
944.0 3.017849405163004e-6
944.9999999999999 3.0193295405097025e-6
946.0 3.0208488915092133e-6
947.0 3.0224079995667794e-6
948.0 3.024007352261765e-6
948.9999999999999 3.025647377365233e-6
950.0 3.0273284368664554e-6
951.0 3.029050821043074e-6
952.0 3.0308147426057613e-6
953.0000000000001 3.032620330974926e-6
954.0 3.0344676267082436e-6
955.0 3.0363565761304175e-6
955.9999999999999 3.0382870262103047e-6
957.0 3.040258719706142e-6
958.0 3.0422712906424566e-6
959.0 3.044324260145037e-6
959.9999999999999 3.046417032653286e-6
961.0 3.0485488925822433e-6
962.0 3.0507190014280753e-6
963.0 3.0529263953734303e-6
964.0000000000001 3.0551699833923046e-6
965.0 3.0574485459039035e-6
966.0 3.0597607339696982e-6
966.9999999999999 3.0621050690622827e-6
968.0 3.064479943406664e-6
969.0 3.066883620902933e-6
970.0 3.069314238630992e-6
971.0000000000001 3.071769808932692e-6
972.0 3.074248222056497e-6
973.0 3.0767472493691237e-6
974.0 3.0792645470849957e-6
975.0000000000001 3.0817976605334714e-6
976.0 3.0843440289012116e-6
977.0 3.0869009904449244e-6
977.9999999999999 3.0894657881326973e-6
979.0 3.092035575674455e-6
980.0 3.0946074239237126e-6
981.0 3.0971783275908817e-6
982.0000000000001 3.0997452122357715e-6
983.0 3.1023049415013617e-6
984.0 3.104854324540462e-6
985.0 3.1073901236034957e-6
986.0 3.1099090617204915e-6
987.0 3.1124078304780255e-6
988.0 3.1148830977899404e-6
988.9999999999999 3.1173315156940883e-6
990.0 3.1197497280684537e-6
991.0 3.1221343782830675e-6
992.0 3.1244821167147745e-6
993.0000000000001 3.126789608122532e-6
994.0 3.1290535388294583e-6
995.0 3.1312706237031913e-6
996.0 3.1334376128931505e-6
997.0 3.135551298317644e-6
998.0 3.1376085198668242e-6
999.0 3.1396061713211297e-6
999.9999999999999 3.1415412059453466e-6
1001.0 3.1434106417820213e-6
1002.0 3.1452115665940642e-6
1003.0 3.1469411424851253e-6
1004.0000000000001 3.1485966101742944e-6
1005.0 3.150175292916157e-6
1006.0 3.1516746000903094e-6
1007.0 3.1530920304329046e-6
1008.0 3.1544251749337673e-6
1009.0 3.155671719393279e-6
1010.0 3.156829446648341e-6
1010.9999999999999 3.157896238470541e-6
1012.0 3.1588700771536206e-6
1013.0 3.1597490467888026e-6
1014.0 3.16053133424454e-6
1015.0000000000001 3.161215229859443e-6
1016.0 3.161799127864753e-6
1017.0 3.1622815265360964e-6
1018.0 3.162661028102981e-6
1019.0 3.162936338410332e-6
1020.0 3.163106266374805e-6
1021.0 3.16316972320255e-6
1021.9999999999999 3.163125721431166e-6
1023.0 3.1629733737728383e-6
1024.0 3.1627118917917355e-6
1025.0 3.1623405844180904e-6
1026.0 3.1618588563128677e-6
1027.0 3.1612662061045994e-6
1028.0 3.160562224494355e-6
1029.0 3.159746592259366e-6
1030.0 3.158819078145296e-6
1031.0 3.1577795366800666e-6
1032.0 3.1566279059010884e-6
1033.0 3.155364205022226e-6
1034.0 3.1539885320369837e-6
1035.0 3.1525010612716204e-6
1036.0 3.15090204090414e-6
1037.0 3.1491917904480283e-6
1038.0 3.1473706982117074e-6
1039.0 3.145439218742485e-6
1040.0 3.143397870265674e-6
1041.0 3.1412472321142418e-6
1042.0 3.138987942172791e-6
1043.0 3.1366206943179775e-6
1044.0 3.1341462358941207e-6
1045.0 3.1315653651894832e-6
1046.0 3.128878928950124e-6
1047.0 3.1260878199223706e-6
1048.0 3.12319297442764e-6
1049.0 3.120195369974307e-6
1050.0 3.1170960229120897e-6
1051.0 3.1138959861336893e-6
1052.0 3.1105963468143354e-6
1053.0 3.107198224209955e-6
1054.0 3.1037027675022363e-6
1055.0 3.1001111536977755e-6
1056.0 3.0964245855806752e-6
1057.0 3.092644289724578e-6
1058.0 3.0887715145611633e-6
1059.0 3.084807528500965e-6
1060.0 3.0807536181275703e-6
1061.0 3.0766110864307214e-6
1062.0 3.07238125112224e-6
1063.0 3.0680654429931462e-6
1064.0 3.0636650043425356e-6
1065.0 3.0591812874607574e-6
1066.0 3.0546156531749545e-6
1067.0 3.0499694694537205e-6
1068.0 3.0452441100683545e-6
1069.0 3.0404409533158856e-6
1070.0 3.0355613807977995e-6
1071.0 3.030606776254256e-6
1072.0 3.025578524456753e-6
1073.0 3.020478010153988e-6
1074.0 3.0153066170725233e-6
1075.0 3.0100657269653636e-6
1076.0 3.0047567187243804e-6
1077.0 2.9993809675251305e-6
1078.0 2.993939844039107e-6
1079.0 2.9884347136780385e-6
1080.0 2.9828669358987916e-6
1081.0 2.9772378635374325e-6
1082.0 2.971548842204068e-6
1083.0 2.9658012097089468e-6
1084.0 2.9599962955293213e-6
1085.0 2.9541354203233857e-6
1086.0 2.948219895475303e-6
1087.0 2.9422510226808664e-6
1088.0 2.9362300935647424e-6
1089.0 2.9301583893353514e-6
1090.0 2.9240371804708682e-6
1091.0 2.917867726434938e-6
1092.0 2.9116512754239383e-6
1093.0 2.9053890641399124e-6
1094.0 2.8990823175960893e-6
1095.0 2.8927322489385323e-6
1096.0 2.88634005930007e-6
1097.0 2.8799069376775177e-6
1098.0 2.873434060821219e-6
1099.0 2.8669225931588243e-6
1100.0 2.8603736867222186e-6
1101.0 2.853788481110157e-6
1102.0 2.8471681034520103e-6
1103.0 2.8405136683945066e-6
1104.0 2.833826278104976e-6
1105.0 2.827107022282945e-6
1106.0 2.820356978184917e-6
1107.0 2.813577210666469e-6
1108.0 2.806768772226268e-6
1109.0 2.7999327030614012e-6
1110.0 2.793070031141079e-6
1111.0 2.786181772268968e-6
1112.0 2.779268930171891e-6
1113.0 2.7723324965786512e-6
1114.0 2.7653734513170556e-6
1115.0 2.7583927624001938e-6
1116.0 2.751391386132346e-6
1117.0 2.7443702672074428e-6
1118.0 2.737330338808832e-6
1119.0 2.730272522716024e-6
1120.0 2.7231977294113575e-6
1121.0 2.7161068581821737e-6
1122.0 2.7090007972264395e-6
1123.0 2.7018804237609818e-6
1124.0 2.6947466041185243e-6
1125.0 2.68760019384851e-6
1126.0 2.6804420378231074e-6
1127.0 2.6732729703274505e-6
1128.0 2.6660938151512495e-6
1129.0 2.6589053856853026e-6
1130.0 2.6517084850041387e-6
1131.0 2.644503905944874e-6
1132.0 2.6372924311937744e-6
1133.0 2.630074833353947e-6
1134.0 2.622851875017983e-6
1135.0 2.615624308834168e-6
1136.0 2.6083928775642694e-6
1137.0 2.601158314139189e-6
1138.0 2.5939213417128478e-6
1139.0 2.5866826737069255e-6
1140.0 2.5794430138488095e-6
1141.0 2.5722030562122925e-6
1142.0 2.564963485247236e-6
1143.0 2.5577249758053824e-6
1144.0 2.5504881931630892e-6
1145.0 2.5432537930371782e-6
1146.0 2.5360224216018854e-6
1147.0 2.5287947154911214e-6
1148.0 2.5215713018108868e-6
1149.0 2.514352798132306e-6
1150.0 2.5071398124932265e-6
1151.0 2.4999329433897835e-6
1152.0 2.492732779769738e-6
1153.0 2.485539901013842e-6
1154.0 2.4783548769279094e-6
1155.0 2.4711782677171766e-6
1156.0 2.464010623972946e-6
1157.0 2.456852486646802e-6
1158.0 2.449704387031915e-6
1159.0 2.4425668467314565e-6
1160.0 2.435440377639347e-6
1161.0 2.428325481913493e-6
1162.0 2.4212226519492456e-6
1163.0 2.4141323703511314e-6
1164.0 2.407055109911939e-6
1165.0 2.399991333584869e-6
1166.0 2.392941494461971e-6
1167.0 2.3859060357516213e-6
1168.0 2.378885390758587e-6
1169.0 2.3718799828648928e-6
1170.0 2.3648902255171073e-6
1171.0 2.3579165222110593e-6
1172.0 2.3509592664820446e-6
1173.0 2.3440188418993736e-6
1174.0 2.3370956220642145e-6
1175.0 2.3301899706090895e-6
1176.0 2.323302241200556e-6
1177.0 2.3164327775550393e-6
1178.0 2.309581913447453e-6
1179.0 2.3027499727291725e-6
1180.0 2.2959372693541554e-6
1181.0 2.289144107408956e-6
1182.0 2.282370781139881e-6
1183.0 2.275617574999789e-6
1184.0 2.268884763685775e-6
1185.0 2.262172612193695e-6
1186.0 2.25548137587074e-6
1187.0 2.248811300479542e-6
1188.0 2.2421626222627785e-6
1189.0 2.2355355680161727e-6
1190.0 2.2289303551672433e-6
1191.0 2.222347191858023e-6
1192.0 2.2157862770361583e-6
1193.0 2.2092478005499045e-6
1194.0 2.202731943245474e-6
1195.0 2.1962388770779547e-6
1196.0 2.189768765219441e-6
1197.0 2.1833217621729094e-6
1198.0 2.1768980139012017e-6
1199.0 2.1704976579419024e-6
1200.0 2.1641208235495584e-6
1201.0 2.157767631823295e-6
1202.0 2.1514381958473896e-6
1203.0 2.145132620837527e-6
1204.0 2.13885100428627e-6
1205.0 2.1325934361123518e-6
1206.0 2.126359998817938e-6
1207.0 2.1201507676428055e-6
1208.0 2.1139658107285384e-6
1209.0 2.1078051892785303e-6
1210.0 2.101668957720478e-6
1211.0 2.095557163881e-6
1212.0 2.089469849148843e-6
1213.0 2.0834070486458342e-6
1214.0 2.077368791402018e-6
1215.0 2.0713551005257834e-6
1216.0 2.0653659933763587e-6
1217.0 2.0594014817439134e-6
1218.0 2.0534615720153286e-6
1219.0 2.047546265354813e-6
1220.0 2.0416555578763343e-6
1221.0 2.035789440817876e-6
1222.0 2.029947900710269e-6
1223.0 2.024130919554536e-6
1224.0 2.018338474988984e-6
1225.0 2.012570540458131e-6
1226.0 2.0068270853825297e-6
1227.0 2.0011080753222807e-6
1228.0 1.995413472141928e-6
1229.0 1.98974323417074e-6
1230.0 1.98409731636319e-6
1231.0 1.9784756704547134e-6
1232.0 1.9728782451141554e-6
1233.0 1.9673049860968594e-6
1234.0 1.9617558363925543e-6
1235.0 1.9562307363699494e-6
1236.0 1.9507296239173577e-6
1237.0 1.945252434582521e-6
1238.0 1.939799101707818e-6
1239.0 1.934369556560905e-6
1240.0 1.9289637284665163e-6
1241.0 1.9235815449239224e-6
1242.0 1.9182229317358696e-6
1243.0 1.9128878131206006e-6
1244.0 1.907576111829406e-6
1245.0 1.9022877492536494e-6
1246.0 1.8970226455309614e-6
1247.0 1.8917807196531415e-6
1248.0 1.8865618895560206e-6
1249.0 1.8813660722239884e-6
1250.0 1.8761931837750575e-6
1251.0 1.8710431395511381e-6
1252.0 1.8659158542027646e-6
1253.0 1.8608112417693489e-6
1254.0 1.855729215755175e-6
1255.0 1.8506696892053265e-6
1256.0 1.8456325747738702e-6
1257.0 1.8406177847912835e-6
1258.0 1.8356252313290346e-6
1259.0 1.8306548262592394e-6
1260.0 1.8257064813103694e-6
1261.0 1.8207801081233482e-6
1262.0 1.8158756183013687e-6
1263.0 1.8109929234597605e-6
1264.0 1.8061319352680305e-6
1265.0 1.8012925654940329e-6
1266.0 1.7964747260446917e-6
1267.0 1.7916783290009137e-6
1268.0 1.7869032866532816e-6
1269.0 1.782149511534388e-6
1270.0 1.777416916447735e-6
1271.0 1.7727054144958395e-6
1272.0 1.7680149191038768e-6
1273.0 1.7633453440467914e-6
1274.0 1.7586966034648858e-6
1275.0 1.7540686118865316e-6
1276.0 1.7494612842453758e-6
1277.0 1.7448745358956055e-6
1278.0 1.7403082826235355e-6
1279.0 1.7357624406638744e-6
1280.0 1.73123692670542e-6
1281.0 1.726731657906321e-6
1282.0 1.722246551895907e-6
1283.0 1.7177815267864027e-6
1284.0 1.7133365011729948e-6
1285.0 1.7089113941440378e-6
1286.0 1.7045061252790358e-6
1287.0 1.7001206146519306e-6
1288.0 1.695754782834511e-6
1289.0 1.691408550893174e-6
1290.0 1.6870818403911171e-6
1291.0 1.68277457338438e-6
1292.0 1.6784866724202188e-6
1293.0 1.6742180605369324e-6
1294.0 1.6699686612566707e-6
1295.0 1.665738398581819e-6
1296.0 1.661527196994297e-6
1297.0 1.6573349814436123e-6
1298.0 1.653161677348141e-6
1299.0 1.6490072105846483e-6
1300.0 1.6448715074838049e-6
1301.0 1.6407544948229805e-6
1302.0 1.636656099819864e-6
1303.0 1.6325762501244777e-6
1304.0 1.628514873812534e-6
1305.0 1.6244718993775168e-6
1306.0000000000002 1.6204472557227353e-6
1307.0 1.6164408721536725e-6
1308.0 1.612452678369335e-6
1308.9999999999998 1.6084826044565043e-6
1310.0 1.6045305808780477e-6
1311.0 1.6005965384679793e-6
1312.0 1.59668040842079e-6
1313.0 1.5927821222844427e-6
1314.0 1.5889016119530463e-6
1315.0 1.5850388096571795e-6
1316.0 1.5811936479563567e-6
1317.0000000000002 1.5773660597305087e-6
1318.0 1.573555978173428e-6
1319.0 1.5697633367842909e-6
1319.9999999999998 1.5659880693585892e-6
1321.0 1.5622301099815891e-6
1322.0 1.5584893930216181e-6
1323.0 1.5547658531200729e-6
1324.0 1.5510594251876266e-6
1325.0 1.5473700443938311e-6
1326.0 1.5436976461610507e-6
1327.0 1.5400421661596989e-6
1328.0000000000002 1.5364035402985985e-6
1329.0 1.5327817047186927e-6
1330.0 1.5291765957893983e-6
1330.9999999999998 1.5255881500992406e-6
1332.0 1.5220163044504884e-6
1333.0 1.5184609958547615e-6
1334.0 1.5149221615251896e-6
1335.0 1.5113997388725735e-6
1336.0 1.507893665498912e-6
1337.0 1.504403879191547e-6
1338.0 1.5009303179193495e-6
1339.0000000000002 1.497472919827649e-6
1340.0 1.494031623231905e-6
1341.0 1.4906063666152832e-6
1341.9999999999998 1.487197088623036e-6
1343.0 1.483803728056088e-6
1344.0 1.480426223872112e-6
1345.0 1.4770645151766059e-6
1346.0 1.4737185412198417e-6
1347.0 1.4703882413967658e-6
1348.0 1.4670735552384946e-6
1349.0 1.4637744224121595e-6
1350.0000000000002 1.4604907827167343e-6
1351.0 1.4572225760787907e-6
1352.0 1.453969742551694e-6
1352.9999999999998 1.4507322223111e-6
1354.0 1.4475099556521213e-6
1355.0 1.4443028829876613e-6
1356.0 1.4411109448451461e-6
1357.0 1.4379340818652923e-6
1358.0 1.4347722347980421e-6
1359.0 1.4316253445014067e-6
1360.0 1.4284933519400677e-6
1361.0000000000002 1.4253761981825671e-6
1362.0 1.4222738243992704e-6
1363.0 1.419186171861528e-6
1363.9999999999998 1.4161131819389345e-6
1365.0 1.4130547960996102e-6
1366.0 1.4100109559068899e-6
1366.9999999999998 1.4069816030182494e-6
1368.0 1.40396667918554e-6
1369.0 1.4009661262519143e-6
1370.0 1.3979798861524952e-6
1371.0 1.3950079009120845e-6
1372.0000000000002 1.3920501126443029e-6
1373.0 1.389106463551364e-6
1374.0 1.3861768959235038e-6
1374.9999999999998 1.3832613521373105e-6
1376.0 1.380359774654825e-6
1377.0 1.3774721060251287e-6
1377.9999999999998 1.3745982888818537e-6
1379.0 1.371738265942848e-6
1380.0 1.3688919800103265e-6
1381.0 1.3660593739705664e-6
1382.0 1.363240390794326e-6
1383.0000000000002 1.3604349735338106e-6
1384.0 1.357643065326625e-6
1385.0 1.3548646093909838e-6
1385.9999999999998 1.3520995490306398e-6
1387.0 1.3493478276307658e-6
1388.0 1.3466093886592634e-6
1388.9999999999998 1.343884175668649e-6
1390.0 1.3411721322925469e-6
1391.0 1.338473202250001e-6
1392.0 1.3357873293407712e-6
1393.0 1.3331144574507382e-6
1394.0000000000002 1.3304545305485189e-6
1395.0 1.3278074926860504e-6
1396.0 1.3251732880014754e-6
1396.9999999999998 1.322551860716313e-6
1398.0 1.3199431551377866e-6
1399.0 1.3173471156586126e-6
1399.9999999999998 1.3147636867571042e-6
1401.0 1.312192812998237e-6
1402.0 1.3096344390341124e-6
1403.0 1.3070885096037222e-6
1404.0 1.3045549695343113e-6
1405.0000000000002 1.3020337637414513e-6
1406.0 1.299524837230061e-6
1407.0 1.2970281350941218e-6
1407.9999999999998 1.2945436025183452e-6
1409.0 1.2920711847783684e-6
1410.0 1.2896108272411186e-6
1410.9999999999998 1.2871624753660864e-6
1412.0 1.2847260747053897e-6
1413.0 1.2823015709049695e-6
1414.0 1.2798889097053956e-6
1415.0 1.2774880369421163e-6
1416.0000000000002 1.2750988985465873e-6
1417.0 1.2727214405466335e-6
1418.0 1.2703556090683536e-6
1419.0000000000002 1.2680013503351337e-6
1420.0 1.2656586106706142e-6
1421.0 1.2633273364979206e-6
1421.9999999999998 1.2610074743406814e-6
1423.0 1.2586989708249063e-6
1424.0 1.256401772678383e-6
1425.0 1.2541158267333141e-6
1426.0 1.2518410799253357e-6
1427.0000000000002 1.2495774792963343e-6
1428.0 1.247324971993915e-6
1429.0 1.2450835052729034e-6
1430.0000000000002 1.2428530264964435e-6
1431.0 1.2406334831360416e-6
1432.0 1.2384248227744472e-6
1432.9999999999998 1.236226993104358e-6
1434.0 1.2340399419311134e-6
1435.0 1.231863617173096e-6
1436.0 1.2296979668622574e-6
1437.0 1.2275429391460265e-6
1438.0000000000002 1.2253984822871117e-6
1439.0 1.2232645446664423e-6
1440.0 1.2211410747821305e-6
1441.0000000000002 1.219028021252041e-6
1442.0 1.2169253328138394e-6
1443.0 1.2148329583263077e-6
1443.9999999999998 1.2127508467713436e-6
1445.0 1.2106789472533006e-6
1446.0 1.2086172090013976e-6
1447.0 1.2065655813704088e-6
1448.0 1.2045240138418165e-6
1449.0000000000002 1.2024924560244935e-6
1450.0 1.2004708576561361e-6
1451.0 1.198459168604794e-6
1452.0000000000002 1.1964573388688294e-6
1453.0 1.1944653185791206e-6
1454.0 1.1924830579998998e-6
1454.9999999999998 1.19051050752858e-6
1456.0 1.188547617699635e-6
1457.0 1.1865943391830554e-6
1458.0 1.1846506227862184e-6
1459.0 1.1827164194562097e-6
1460.0 1.1807916802790797e-6
1461.0 1.1788763564826462e-6
1462.0 1.1769703994360142e-6
1463.0000000000002 1.1750737606518993e-6
1464.0 1.1731863917874903e-6
1465.0 1.1713082446450401e-6
1465.9999999999998 1.1694392711743944e-6
1467.0 1.1675794234719262e-6
1468.0 1.1657286537829642e-6
1469.0 1.1638869145034962e-6
1470.0 1.162054158179915e-6
1471.0 1.1602303375107754e-6
1472.0 1.158415405348523e-6
1473.0 1.1566093146993828e-6
1474.0000000000002 1.154812018724817e-6
1475.0 1.1530234707435925e-6
1476.0 1.1512436242317753e-6
1476.9999999999998 1.1494724328241416e-6
1478.0 1.147709850315049e-6
1479.0 1.1459558306605879e-6
1480.0 1.1442103279778109e-6
1481.0 1.1424732965473658e-6
1482.0 1.1407446908141527e-6
1483.0 1.1390244653877267e-6
1484.0 1.1373125750445847e-6
1485.0000000000002 1.1356089747280353e-6
1486.0 1.1339136195492903e-6
1487.0 1.1322264647896912e-6
1487.9999999999998 1.1305474659004377e-6
1489.0 1.1288765785042521e-6
1490.0 1.1272137583960897e-6
1491.0 1.1255589615441795e-6
1492.0 1.1239121440911346e-6
1493.0 1.1222732623550233e-6
1494.0 1.1206422728297824e-6
1495.0 1.1190191321869475e-6
1496.0000000000002 1.1174037972756393e-6
1497.0 1.1157962251247135e-6
1498.0 1.1141963729423805e-6
1498.9999999999998 1.1126041981181877e-6
1500.0 1.111019658222497e-6
1501.0 1.1094427110096665e-6
1502.0 1.1078733144163215e-6
1503.0 1.106311426564215e-6
1504.0 1.10475700575953e-6
1505.0 1.1032100104947752e-6
1506.0 1.1016703994491494e-6
1507.0000000000002 1.1001381314895768e-6
1508.0 1.0986131656710186e-6
1509.0 1.097095461237159e-6
1509.9999999999998 1.0955849776221495e-6
1511.0 1.0940816744504738e-6
1512.0 1.0925855115373103e-6
1513.0 1.0910964488900354e-6
1514.0 1.0896144467087824e-6
1515.0 1.0881394653862512e-6
1516.0 1.0866714655093957e-6
1517.0 1.085210407859351e-6
1518.0000000000002 1.083756253412288e-6
1519.0 1.0823089633398421e-6
1520.0 1.0808684990096546e-6
1520.9999999999998 1.0794348219863743e-6
1522.0 1.078007894030963e-6
1523.0 1.0765876771025779e-6
1524.0 1.0751741333580323e-6
1525.0 1.0737672251529301e-6
1526.0 1.072366915041296e-6
1527.0 1.0709731657768605e-6
1528.0 1.0695859403120968e-6
1529.0000000000002 1.068205201800513e-6
1530.0 1.066830913595015e-6
1531.0 1.0654630392495769e-6
1531.9999999999998 1.0641015425184693e-6
1533.0 1.0627463873572554e-6
1534.0 1.06139753792253e-6
1535.0 1.0600549585727822e-6
1536.0 1.0587186138676387e-6
1537.0 1.0573884685683444e-6
1538.0 1.0560644876383346e-6
1539.0 1.0547466362424873e-6
1540.0000000000002 1.0534348797482714e-6
1541.0 1.0521291837245913e-6
1542.0 1.0508295139421897e-6
1542.9999999999998 1.049535836374169e-6
1544.0 1.0482481171954653e-6
1545.0 1.046966322782086e-6
1546.0 1.045690419712613e-6
1547.0 1.0444203747665095e-6
1548.0 1.0431561549246805e-6
1549.0 1.0418977273694898e-6
1550.0 1.0406450594836868e-6
1551.0000000000002 1.0393981188506156e-6
1552.0 1.0381568732544474e-6
1553.0 1.036921290678618e-6
1553.9999999999998 1.035691339306625e-6
1555.0 1.0344669875208547e-6
1556.0 1.0332482039029729e-6
1557.0 1.0320349572324465e-6
1558.0 1.0308272164867144e-6
1559.0 1.0296249508406041e-6
1560.0 1.028428129665508e-6
1561.0 1.0272367225296348e-6
1562.0000000000002 1.0260506991956763e-6
1563.0 1.0248700296223106e-6
1564.0 1.0236946839615473e-6
1564.9999999999998 1.0225246325595573e-6
1566.0 1.021359845954823e-6
1567.0 1.0202002948782664e-6
1568.0 1.0190459502515763e-6
1569.0 1.017896783187083e-6
1570.0 1.016752764986034e-6
1571.0 1.0156138671391079e-6
1572.0 1.0144800613237834e-6
1573.0000000000002 1.0133513194044616e-6
1574.0 1.0122276134311933e-6
1575.0 1.011108915638471e-6
1575.9999999999998 1.009995198444511e-6
1577.0 1.0088864344495101e-6
1578.0 1.0077825964352867e-6
1579.0 1.0066836573638082e-6
1580.0 1.0055895903752147e-6
1581.0 1.0045003687880688e-6
1582.0 1.0034159660970118e-6
1583.0 1.0023363559714485e-6
1584.0000000000002 1.0012615122550304e-6
1585.0 1.0001914089633144e-6
1586.0 9.991260202829095e-7
1586.9999999999998 9.98065320570139e-7
1588.0 9.970092843491637e-7
1589.0 9.95957886310683e-7
1590.0 9.949111013105531e-7
1591.0 9.938689043683198e-7
1592.0 9.928312706647961e-7
1593.0 9.917981755418229e-7
1594.0 9.907695944993195e-7
1595.0000000000002 9.897455031944633e-7
1596.0 9.887258774394694e-7
1597.0 9.877106932002719e-7
1597.9999999999998 9.86699926594463e-7
1599.0 9.856935538895902e-7
1600.0 9.846915515013177e-7
1601.0 9.836938959918986e-7
1602.0 9.827005640675632e-7
1603.0 9.817115325773018e-7
1604.0 9.80726778510777e-7
1605.0 9.79746278996424e-7
1606.0000000000002 9.78770011298845e-7
1607.0 9.777979528179363e-7
1608.0 9.768300810858198e-7
1608.9999999999998 9.758663737655341e-7
1610.0 9.749068086484087e-7
1611.0 9.739513636523371e-7
1612.0 9.730000168196838e-7
1613.0 9.720527463147745e-7
1614.0 9.711095304220093e-7
1615.0 9.70170347544023e-7
1616.0 9.69235176198699e-7
1617.0000000000002 9.68303995017465e-7
1618.0 9.673767827431413e-7
1619.0 9.664535182277078e-7
1619.9999999999998 9.655341804292981e-7
1621.0 9.646187484112911e-7
1622.0 9.637072013382693e-7
1622.9999999999998 9.627995184755328e-7
1624.0 9.61895679185694e-7
1625.0 9.60995662926368e-7
1626.0 9.600994492479004e-7
1627.0 9.592070177918653e-7
1628.0000000000002 9.583183482873609e-7
1629.0 9.574334205492992e-7
1630.0 9.565522144763694e-7
1630.9999999999998 9.556747100480898e-7
1632.0 9.548008873225725e-7
1633.0 9.539307264342098e-7
1633.9999999999998 9.530642075911244e-7
1635.0 9.522013110731728e-7
1636.0 9.513420172289451e-7
1637.0 9.504863064740511e-7
1638.0 9.496341592879009e-7
1639.0000000000002 9.487855562121201e-7
1640.0 9.479404778473533e-7
1641.0 9.470989048517486e-7
1641.9999999999998 9.462608179376159e-7
1643.0 9.454261978699862e-7
1644.0 9.445950254635096e-7
1644.9999999999998 9.437672815802527e-7
1646.0 9.429429471277381e-7
1647.0 9.421220030559875e-7
1648.0 9.413044303555284e-7
1649.0 9.404902100551361e-7
1650.0000000000002 9.396793232192702e-7
1651.0 9.38871750945779e-7
1652.0 9.380674743637972e-7
1652.9999999999998 9.372664746314123e-7
1654.0 9.364687329335021e-7
1655.0 9.356742304790138e-7
1655.9999999999998 9.348829484996042e-7
1657.0 9.340948682462287e-7
1658.0 9.333099709884909e-7
1659.0 9.325282380111618e-7
1660.0 9.317496506127791e-7
1661.0000000000002 9.309741901032028e-7
1662.0 9.302018378018094e-7
1663.0 9.294325750351714e-7
1664.0000000000002 9.286663831355004e-7
1665.0 9.279032434377535e-7
1666.0 9.271431372790193e-7
1666.9999999999998 9.263860459950227e-7
1668.0 9.256319509196822e-7
1669.0 9.248808333820959e-7
1670.0 9.241326747056192e-7
1671.0 9.233874562055061e-7
1672.0000000000002 9.226451591872646e-7
1673.0 9.219057649449365e-7
1674.0 9.211692547597998e-7
1675.0000000000002 9.204356098980238e-7
1676.0 9.197048116096813e-7
1677.0 9.189768411271015e-7
1677.9999999999998 9.182516796627582e-7
1679.0 9.17529308408763e-7
1680.0 9.168097085345818e-7
1681.0 9.16092861186401e-7
1682.0 9.153787474849244e-7
1683.0000000000002 9.146673485249865e-7
1684.0 9.139586453735918e-7
1685.0 9.132526190692559e-7
1686.0000000000002 9.125492506204096e-7
1687.0 9.118485210047014e-7
1688.0 9.111504111676882e-7
1688.9999999999998 9.104549020219464e-7
1690.0 9.097619744460865e-7
1691.0 9.090716092839122e-7
1692.0 9.083837873433316e-7
1693.0 9.076984893961801e-7
1694.0000000000002 9.070156961768218e-7
1695.0 9.063353883818872e-7
1696.0 9.056575466693787e-7
1697.0000000000002 9.049821516581909e-7
1698.0 9.043091839278184e-7
1699.0 9.036386240176805e-7
1699.9999999999998 9.029704524265944e-7
1701.0 9.023046496126494e-7
1702.0 9.016411959928414e-7
1703.0 9.009800719431756e-7
1704.0 9.003212577974257e-7
1705.0000000000002 8.996647338485122e-7
1706.0 8.990104803470104e-7
1707.0 8.983584775023173e-7
1708.0000000000002 8.977087054818928e-7
1709.0 8.970611444115144e-7
1710.0 8.964157743759787e-7
1710.9999999999998 8.957725754185826e-7
1712.0 8.951315275418457e-7
1713.0 8.944926107076593e-7
1714.0 8.938558048377209e-7
1715.0 8.932210898140764e-7
1716.0 8.925884454794617e-7
1717.0 8.91957851637832e-7
1718.0 8.913292880551513e-7
1719.0000000000002 8.907027344598555e-7
1720.0 8.90078170543869e-7
1721.0 8.894555759630003e-7
1721.9999999999998 8.888349303378487e-7
1723.0 8.882162132549287e-7
1724.0 8.87599404267389e-7
1725.0 8.869844828960914e-7
1726.0 8.863714286303613e-7
1727.0 8.857602209293875e-7
1728.0 8.851508392234087e-7
1729.0 8.845432629145961e-7
1730.0000000000002 8.8393747137828e-7
1731.0 8.833334439645784e-7
1732.0 8.827311599993573e-7
1732.9999999999998 8.821305987857e-7
1734.0 8.815317396055833e-7
1735.0 8.809345617208489e-7
1736.0 8.803390443750097e-7
1737.0 8.797451667947468e-7
1738.0 8.791529081915856e-7
1739.0 8.785622477630486e-7
1740.0 8.779731646950729e-7
1741.0000000000002 8.773856381632477e-7
1742.0 8.767996473343389e-7
1743.0 8.762151713685259e-7
1743.9999999999998 8.756321894211211e-7
1745.0 8.750506806440421e-7
1746.0 8.74470624188276e-7
1747.0 8.738919992051432e-7
1748.0 8.733147848487826e-7
1749.0 8.727389602778108e-7
1750.0 8.721645046573527e-7
1751.0 8.715913971611722e-7
1752.0000000000002 8.710196169738497e-7
1753.0 8.704491432922625e-7
1754.0 8.698799553285497e-7
1754.9999999999998 8.693120323112235e-7
1756.0 8.687453534884796e-7
1757.0 8.681798981293976e-7
1758.0 8.676156455263724e-7
1759.0 8.67052574997722e-7
1760.0 8.664906658892836e-7
1761.0 8.659298975773194e-7
1762.0 8.653702494698611e-7
1763.0000000000002 8.648117010100524e-7
1764.0 8.64254231677566e-7
1765.0 8.636978209910488e-7
1765.9999999999998 8.631424485110135e-7
1767.0 8.625880938410907e-7
1768.0 8.620347366314306e-7
1769.0 8.614823565799326e-7
1770.0 8.609309334355892e-7
1771.0 8.603804470001051e-7
1772.0 8.598308771302502e-7
1773.0 8.592822037407291e-7
1774.0000000000002 8.587344068057975e-7
1775.0 8.58187466362094e-7
1776.0 8.576413625104015e-7
1776.9999999999998 8.570960754187541e-7
1778.0 8.565515853240204e-7
1779.0 8.560078725342947e-7
1780.0 8.55464917431796e-7
1781.0 8.549227004742434e-7
1782.0 8.543812021978862e-7
1783.0 8.53840403219067e-7
1784.0 8.533002842372814e-7
1785.0000000000002 8.527608260366904e-7
1786.0 8.522220094885163e-7
1787.0 8.516838155537491e-7
1787.9999999999998 8.511462252844012e-7
1789.0 8.506092198266914e-7
1790.0 8.500727804221856e-7
1791.0 8.495368884108691e-7
1792.0 8.490015252326261e-7
1793.0 8.484666724293936e-7
1794.0 8.479323116477858e-7
1795.0 8.47398424640159e-7
1796.0000000000002 8.468649932677368e-7
1797.0 8.463319995015039e-7
1798.0 8.457994254252111e-7
1798.9999999999998 8.452672532366204e-7
1800.0 8.447354652495728e-7
1801.0 8.442040438961792e-7
1802.0 8.436729717281996e-7
1803.0 8.431422314194338e-7
1804.0 8.426118057669461e-7
1805.0 8.420816776932456e-7
1806.0 8.415518302479156e-7
1807.0000000000002 8.410222466093701e-7
1808.0 8.404929100865643e-7
1809.0 8.399638041202755e-7
1809.9999999999998 8.394349122854357e-7
1811.0 8.389062182919272e-7
1812.0 8.383777059867352e-7
1813.0 8.378493593550992e-7
1814.0 8.373211625223448e-7
1815.0 8.367930997549481e-7
1816.0 8.362651554620615e-7
1817.0 8.357373141972025e-7
1818.0000000000002 8.352095606592687e-7
1819.0 8.346818796937421e-7
1820.0 8.341542562942303e-7
1820.9999999999998 8.336266756038066e-7
1822.0 8.330991229157004e-7
1823.0 8.325715836749115e-7
1824.0 8.320440434791697e-7
1825.0 8.315164880800702e-7
1826.0 8.309889033839434e-7
1827.0 8.304612754530784e-7
1828.0 8.29933590506694e-7
1829.0000000000002 8.294058349215257e-7
1830.0 8.288779952332344e-7
1831.0 8.283500581368754e-7
1831.9999999999998 8.27822010487771e-7
1833.0 8.272938393026547e-7
1834.0 8.26765531759835e-7
1835.0 8.262370752001952e-7
1836.0 8.257084571279777e-7
1837.0 8.251796652112109e-7
1838.0 8.246506872824159e-7
1839.0 8.241215113390314e-7
1840.0000000000002 8.235921255440352e-7
1841.0 8.230625182263401e-7
1842.0 8.225326778814305e-7
1842.9999999999998 8.220025931714109e-7
1844.0 8.214722529257803e-7
1845.0 8.209416461413549e-7
1846.0 8.204107619829448e-7
1847.0 8.198795897832626e-7
1848.0 8.193481190434086e-7
1849.0 8.188163394329622e-7
1850.0 8.182842407900314e-7
1851.0000000000002 8.177518131214238e-7
1852.0 8.172190466030246e-7
1853.0 8.166859315790895e-7
1853.9999999999998 8.161524585632925e-7
1855.0 8.156186182375937e-7
1856.0 8.150844014531779e-7
1857.0 8.145497992295256e-7
1858.0 8.140148027550875e-7
1859.0 8.13479403386313e-7
1860.0 8.129435926481979e-7
1861.0 8.124073622334526e-7
1862.0000000000002 8.118707040026219e-7
1863.0 8.113336099838329e-7
1864.0 8.107960723722024e-7
1864.9999999999998 8.102580835295571e-7
1866.0 8.097196359844271e-7
1867.0 8.091807224310671e-7
1868.0 8.086413357295134e-7
1869.0 8.081014689049151e-7
1870.0 8.075611151468448e-7
1871.0 8.070202678092274e-7
1872.0 8.064789204095758e-7
1873.0000000000002 8.059370666281643e-7
1874.0 8.053947003078797e-7
1875.0 8.048518154534292e-7
1875.9999999999998 8.043084062304946e-7
1877.0 8.037644669653912e-7
1878.0 8.03219992144102e-7
1878.9999999999998 8.026749764117572e-7
1880.0 8.021294145718416e-7
1881.0 8.015833015851228e-7
1882.0 8.010366325695811e-7
1883.0 8.004894027986432e-7
1884.0000000000002 7.99941607701316e-7
1885.0 7.993932428606235e-7
1886.0 7.988443040130285e-7
1886.9999999999998 7.982947870475934e-7
1888.0 7.977446880049909e-7
1889.0 7.97194003076471e-7
1889.9999999999998 7.966427286031027e-7
1891.0 7.96090861074586e-7
1892.0 7.955383971285803e-7
1893.0 7.949853335494316e-7
1894.0 7.944316672672852e-7
1895.0000000000002 7.938773953569661e-7
1896.0 7.933225150370688e-7
1897.0 7.927670236687485e-7
1897.9999999999998 7.922109187548089e-7
1899.0 7.916541979383111e-7
1900.0 7.910968590018917e-7
1900.9999999999998 7.905388998664311e-7
1902.0 7.899803185896017e-7
1903.0 7.894211133654943e-7
1904.0 7.888612825227679e-7
1905.0 7.883008245237219e-7
1906.0000000000002 7.877397379631564e-7
1907.0 7.871780215671238e-7
1908.0 7.866156741919715e-7
1908.9999999999998 7.860526948227408e-7
1910.0 7.854890825721991e-7
1911.0 7.849248366796027e-7
1911.9999999999998 7.843599565093758e-7
1913.0 7.837944415498737e-7
1914.0 7.832282914124657e-7
1915.0 7.826615058297282e-7
1916.0 7.820940846544846e-7
1917.0000000000002 7.815260278586561e-7
1918.0 7.809573355318229e-7
1919.0 7.803880078799311e-7
1919.9999999999998 7.798180452241048e-7
1921.0 7.792474479992164e-7
1922.0 7.786762167529198e-7
1922.9999999999998 7.781043521438765e-7
1924.0 7.775318549409145e-7
1925.0 7.769587260213381e-7
1926.0 7.763849663701614e-7
1927.0 7.758105770780903e-7
1928.0000000000002 7.752355593407504e-7
1929.0 7.746599144572117e-7
1930.0 7.740836438286265e-7
1931.0000000000002 7.735067489572108e-7
1932.0 7.729292314442994e-7
1933.0 7.723510929897197e-7
1933.9999999999998 7.717723353900602e-7
1935.0 7.711929605376102e-7
1936.0 7.706129704188186e-7
1937.0 7.700323671130582e-7
1938.0 7.694511527915195e-7
1939.0000000000002 7.688693297156448e-7
1940.0 7.682869002358202e-7
1941.0 7.677038667903154e-7
1942.0000000000002 7.671202319036472e-7
1943.0 7.665359981856285e-7
1944.0 7.659511683299576e-7
1944.9999999999998 7.653657451126368e-7
1946.0 7.647797313911471e-7
1947.0 7.641931301027869e-7
1948.0 7.636059442634759e-7
1949.0 7.630181769667654e-7
1950.0000000000002 7.624298313821101e-7
1951.0 7.618409107540205e-7
1952.0 7.612514184004511e-7
1953.0000000000002 7.606613577117342e-7
1954.0 7.600707321491619e-7
1955.0 7.594795452441071e-7
1955.9999999999998 7.588878005963351e-7
1957.0 7.582955018728258e-7
1958.0 7.577026528069771e-7
1959.0 7.571092571968422e-7
1960.0 7.565153189042214e-7
1961.0000000000002 7.559208418531762e-7
1962.0 7.553258300292391e-7
1963.0 7.547302874779783e-7
1964.0000000000002 7.541342183033675e-7
1965.0 7.535376266675452e-7
1966.0 7.529405167888641e-7
1966.9999999999998 7.52342892940989e-7
1968.0 7.517447594516246e-7
1969.0 7.511461207015721e-7
1970.0 7.505469811232949e-7
1971.0 7.499473452000748e-7
1972.0 7.493472174646571e-7
1973.0 7.487466024980936e-7
1974.0 7.481455049288594e-7
1975.0000000000002 7.475439294314693e-7
1976.0 7.469418807254499e-7
1977.0 7.463393635744699e-7
1977.9999999999998 7.45736382784986e-7
1979.0 7.451329432050861e-7
1980.0 7.445290497240268e-7
1981.0 7.439247072701126e-7
1982.0 7.433199208108066e-7
1983.0 7.427146953508288e-7
1984.0 7.421090359314776e-7
1985.0 7.415029476296114e-7
1986.0000000000002 7.408964355565558e-7
1987.0 7.402895048570597e-7
1988.0 7.396821607084129e-7
1988.9999999999998 7.390744083194268e-7
1990.0 7.38466252929245e-7
1991.0 7.37857699806742e-7
1992.0 7.372487542493309e-7
1993.0 7.366394215818629e-7
1994.0 7.360297071560943e-7
1995.0 7.354196163493291e-7
1996.0 7.34809154563946e-7
1997.0000000000002 7.341983272258885e-7
1998.0 7.33587139784359e-7
1999.0 7.329755977105777e-7
1999.9999999999998 7.323637064968686e-7
