0.0 0.0027057016179782753
1.0 0.0027059991581887886
2.0 0.0027068921929136597
3.0 0.002708381965968537
4.0 0.0027104705551704816
5.0 0.00271316087963627
6.0 0.002716456709965834
7.0 0.0027203626816051903
8.0 0.0027248843111548626
9.0 0.002730028016038781
10.0 0.0027358011375125182
10.999999999999998 0.002742211967190993
12.0 0.002749269777195582
13.000000000000002 0.002756984854386246
14.0 0.0027653685385361972
14.999999999999998 0.002774433265061304
16.0 0.002784192612435987
17.0 0.002794661354642581
18.0 0.002805855519097104
19.0 0.0028177924504737837
20.0 0.002830490880893035
21.0 0.0028439710070462323
21.999999999999996 0.002858254574845211
23.0 0.0028733649723647284
24.0 0.002889327331696413
25.0 0.002906168640821971
26.000000000000004 0.00292391786613265
27.0 0.0029426060872069825
28.0 0.002962266644501309
29.0 0.002982935301763708
29.999999999999996 0.0030046504246666406
31.0 0.003027453177259916
32.0 0.0030513877385186868
33.0 0.003076501541077648
34.0 0.0031028455348259204
35.0 0.0031304744783678725
36.0 0.003159447261644814
37.0 0.0031898272636305355
38.0 0.0032216827494758677
39.0 0.0032550873122997857
40.0 0.003290120365260587
41.0 0.003326867690955778
42.0 0.0033654220554983514
43.0 0.0034058838968902706
43.99999999999999 0.003448362097627058
45.0 0.003492974854319268
46.0 0.0035398506582181035
47.0 0.003589129403826638
48.0 0.0036409636451952506
49.0 0.003695520023450869
50.0 0.0037529808932066015
51.0 0.0038135461807822196
52.00000000000001 0.003877435514008474
53.0 0.003944890670199368
54.0 0.004016178400039728
55.0 0.004091593695456654
56.0 0.004171463585425645
57.0 0.004256151562075611
58.0 0.004346062761617413
59.0 0.004441650055518129
59.99999999999999 0.004543421243022892
61.0 0.004651947584968089
62.0 0.004767873979091455
63.0 0.00489193115750071
64.0 0.005024950390477463
65.0 0.0051678813176327
66.0 0.0053218137106673035
67.0 0.00548800421609874
68.0 0.005667909458214418
69.0 0.0058632273372501344
70.0 0.006075948988920346
71.0 0.0063084247539360394
72.0 0.006563448765382224
73.0 0.006844368573939868
74.0 0.007155228887778472
75.0 0.007500962458423323
76.0 0.007887647151577559
77.0 0.008322857529961024
78.0 0.008816153994566322
79.0 0.009379776394629374
80.0 0.010029648815048836
81.0 0.010786870644905772
82.0 0.011679990695885177
83.00000000000001 0.012748586067373913
84.0 0.0140491020511084
85.0 0.015664792335458852
86.0 0.01772349924596667
87.0 0.020431382900101817
87.99999999999999 0.024141520776618648
89.0 0.02950515518534687
90.0 0.03783396496421144
91.0 0.051985969380180644
92.0 0.0772949864143735
92.99999999999999 0.10252903088261014
94.0 0.0796308733905997
95.0 0.05274143375192436
96.0 0.03766584586218236
97.0 0.02889066020979652
98.0 0.02329150666681923
99.00000000000001 0.019445075378910413
100.0 0.016652341447398394
101.0 0.014537802928488596
102.0 0.012883821390024601
103.0 0.011556235340665256
104.00000000000001 0.010468097292320965
105.0 0.009560693337312588
106.0 0.008792994667243044
107.0 0.008135491110182861
108.0 0.00756642811515109
108.99999999999999 0.007069424309459002
110.0 0.006631914332711881
111.0 0.0062441024125822605
112.0 0.005898241780555701
113.0 0.005588127619555829
114.0 0.005308733323948891
115.00000000000001 0.005055945018561397
116.0 0.0048263647517587565
117.0 0.0046171625263807916
118.0 0.004425963613528445
119.0 0.004250761725709862
119.99999999999999 0.004089851394625655
121.0 0.0039417747850999845
122.0 0.0038052794833826325
123.0 0.0036792847146915426
124.0 0.003562854098792237
124.99999999999999 0.0034551735219309166
126.0 0.003355533047517548
127.0 0.0032633120400079874
128.0 0.003177966865038987
129.0 0.0030990206703048508
130.0 0.003026054858872388
131.0 0.0029587019488201355
132.0 0.00289663957639544
133.0 0.0028395854492997462
134.0 0.0027872930951365685
135.0 0.0027395482809926524
136.0 0.0026961660043172834
137.0 0.002656987975050677
138.0 0.0026218805251169435
139.0 0.0025907328944889665
140.0 0.0025634558544081355
141.0 0.0025399806376967832
142.0 0.00252025815452527
143.0 0.002504258479501367
144.0 0.0024919706028646033
145.0 0.0024834024453165835
146.0 0.002478581142672126
147.0 0.0024775536135002176
148.0 0.002480387430378413
149.0 0.0024871720237764645
150.0 0.002498020257132814
151.0 0.00251307042294628
152.0 0.002532488723233684
153.0 0.002556472314110858
154.0 0.0025852530145479787
155.0 0.0026191018047466673
156.0 0.0026583342713312765
157.0 0.002703317197046325
158.0 0.0027544765442618804
159.0 0.002812307147841722
160.0 0.0028773845185508418
161.0 0.0029503792693803626
162.0 0.003032074821834217
163.0 0.0031233892387762673
164.0 0.0032254022783102377
164.99999999999997 0.003339389088379223
166.00000000000003 0.003466862386160391
167.0 0.0036096255168565484
168.0 0.003769839487886786
169.0 0.003950107942060477
170.0 0.004153585039606031
171.0 0.004384112231508376
172.0 0.004646390528965473
173.0 0.00494619410053524
174.0 0.0052906264579217705
174.99999999999997 0.005688406586053568
175.99999999999997 0.0061501366262274
177.00000000000003 0.006688417524707992
178.0 0.007317485743588058
179.0 0.008051627895422731
180.0 0.008900810088345867
181.0 0.009860642408106478
182.0 0.010892860952779049
183.0 0.011896471786417104
184.0 0.012688892427694918
185.0 0.013048137054223549
185.99999999999997 0.012842530698473404
187.00000000000003 0.012137979046776753
188.0 0.011143390156466223
189.0 0.010067803136352277
190.0 0.009042504379891245
191.0 0.008124652911506235
192.0 0.007327103727092584
193.0 0.006642433817799053
194.0 0.006056244620378867
195.0 0.0055532379683374804
196.0 0.005119556381122029
196.99999999999997 0.00474343518384217
198.00000000000003 0.004415171595409731
199.0 0.004126860798909207
200.0 0.003872086110281496
201.0 0.0036456333781753553
202.0 0.003443250229211278
203.0 0.0032614511769617867
204.0 0.003097362852753099
205.0 0.0029486021153778148
206.0 0.002813180276993563
206.99999999999997 0.0026894277628259026
208.00000000000003 0.002575934654661658
209.00000000000003 0.0024715035615560177
210.0 0.0023751120705365527
211.0 0.0022858826653593886
212.0 0.0022030584916296484
213.0 0.0021259837209533145
214.0 0.00205408755197034
215.0 0.0019868711028475073
216.0 0.0019238966151571605
217.0 0.0018647785155925703
217.99999999999997 0.0018091759788466878
219.00000000000003 0.001756786709821471
220.0 0.0017073417213523004
221.0 0.0016606009285873597
222.0 0.0016163494166399855
223.0 0.0015743942657118438
224.0 0.0015345618399678195
225.0 0.0014966954637348024
226.0 0.0014606534226245206
227.0 0.0014263072382117723
228.0 0.0013935401739687274
228.99999999999997 0.0013622459373447918
230.00000000000003 0.0013323275488750775
231.0 0.0013036963539179015
232.0 0.0012762711566414616
233.0 0.001249977459096586
234.0 0.0012247467909047261
235.0 0.0012005161172791439
236.0 0.001177227315017499
237.0 0.0011548267075382251
238.0 0.001133264651446251
238.99999999999997 0.0011124951680853996
239.99999999999997 0.0010924756145315262
241.00000000000003 0.0010731663892077367
242.0 0.0010545306679650662
243.0 0.001036534167061303
244.0 0.0010191449298695718
245.0 0.0010023331346519027
246.0 0.000986070920997606
247.0 0.0009703322328696721
248.0 0.0009550926764404915
249.0 0.0009403293911351256
249.99999999999997 0.000926020932473102
251.00000000000003 0.0009121471654804714
252.0 0.0008986891675845152
253.0 0.0008856291400266106
254.0 0.0008729503269428053
255.0 0.0008606369413518872
256.0 0.0008486740973782993
257.0 0.0008370477481134703
258.0 0.0008257446285796856
259.0 0.000814752203317302
260.0 0.0008040586181695619
261.0 0.0007936526558813528
262.0 0.0007835236951723113
263.0 0.0007736616729693115
264.0 0.0007640570495224759
265.0 0.0007547007761634273
266.0 0.0007455842654636906
267.0 0.0007366993636074665
268.0 0.0007280383247798976
269.0 0.0007195937874136812
270.0 0.00071135875213678
271.0 0.000703326561289048
272.0 0.0006954908798831555
273.0 0.000687845677886897
274.0 0.0006803852137410221
275.0 0.0006731040190039362
276.0 0.000665996884042796
277.0 0.000659058844697489
278.0 0.0006522851698383637
279.0 0.0006456713497553319
280.0 0.0006392130853274888
281.0 0.000632906277899754
282.0 0.0006267470198360006
283.0 0.0006207315856919059
284.0 0.0006148564239682713
285.0 0.0006091181494069201
286.0 0.000603513535791868
287.0 0.0005980395092266853
288.0 0.0005926931418539566
289.0 0.0005874716459945623
290.0 0.0005823723686773667
291.0 0.0005773927865345929
292.0 0.0005725305010504648
293.0 0.0005677832341341463
294.0 0.0005631488240044022
295.0 0.0005586252213664563
296.0 0.0005542104858682219
297.0 0.0005499027828236247
298.0 0.0005457003801843923
299.0 0.0005416016457572548
300.0 0.0005376050446476238
301.0 0.0005337091369270777
302.0 0.0005299125755124947
303.0 0.0005262141042487046
304.0 0.0005226125561924866
305.0 0.000519106852083537
306.0 0.0005156959990042237
307.0 0.0005123790892227705
308.0 0.0005091552992075752
309.0 0.0005060238888229646
310.0 0.0005029842006880721
311.0 0.0005000356597098279
312.0 0.000497177772779391
313.0 0.0004944101286347857
314.0 0.0004917323978872898
315.0 0.0004891443332122792
316.0 0.00048664576970379177
317.0 0.0004842366253937559
318.0 0.0004819169019376163
319.0 0.0004796866854659133
320.0 0.00047754614760559845
321.0 0.0004754955466724328
322.0 0.00047353522903796527
323.0 0.00047166563067220025
324.0 0.0004698872788683034
325.0 0.00046820079414954744
326.0 0.0004666068923658542
327.0 0.00046510638698196564
328.0 0.00046370019156234427
329.0 0.00046238932245836075
329.99999999999994 0.00046117490170020985
331.0 0.0004600581601021778
332.00000000000006 0.00045904044058095044
333.0 0.00045812320169753634
334.0 0.0004573080214214748
335.0 0.0004565966011250907
336.0 0.00045599076981039
337.0 0.0004554924885689614
338.0 0.00045510385527994354
339.0 0.0004548271095426164
340.0 0.00045466463784410877
340.99999999999994 0.0004546189789571021
342.0 0.00045469282956180524
343.00000000000006 0.0004548890500806491
344.0 0.000455210670712359
345.0 0.0004556608976463208
346.0 0.00045624311942969395
347.0 0.0004569609134578782
348.0 0.00045781805254115445
349.0 0.0004588185115006284
349.99999999999994 0.00045996647372310417
351.0 0.0004612663375955083
351.99999999999994 0.00046272272272076625
353.0 0.00046434047578968883
354.00000000000006 0.0004661246759667831
355.0 0.0004680806396055554
356.0 0.00047021392408251497
357.0 0.00047253033048790845
358.0 0.00047503590486464026
359.0 0.00047773693762310533
360.0 0.0004806399606919649
360.99999999999994 0.0004837517418747531
362.0 0.00048707927579366147
363.00000000000006 0.0004906297706768988
364.0 0.0004944106301227367
365.0 0.0004984294288094602
366.0 0.0005026938809532452
367.0 0.0005072118000998457
368.0 0.0005119910486167151
369.0 0.0005170394749759059
370.0 0.00052236483663681
371.0 0.000527974706005173
371.99999999999994 0.0005338763565972016
373.0 0.0005400766261589438
374.00000000000006 0.0005465817531115249
375.0 0.0005533971823054695
376.0 0.0005605273357151901
377.0 0.0005679753434259103
378.0 0.0005757427300867637
379.0 0.0005838290520212542
380.0 0.0005922314804845119
381.0 0.0006009443272303712
382.0 0.0006099585097800581
382.99999999999994 0.0006192609557354042
384.0 0.0006288339483199751
385.00000000000006 0.0006386544193624852
386.0 0.0006486932012953358
387.0 0.0006589142566778816
388.0 0.000669273912359043
389.0 0.0006797201356173624
390.0 0.0006901919011711334
391.0 0.0007006187102118752
392.0 0.0007109203344297182
393.0 0.0007210068677612991
393.99999999999994 0.0007307791739948777
395.0 0.0007401298167261067
396.00000000000006 0.0007489445465486207
397.0 0.0007571043961036978
398.0 0.0007644883951869159
399.0 0.0007709768656997316
400.0 0.0007764551929893274
401.0 0.0007808179021339662
402.0 0.0007839728043802343
403.0 0.0007858449313515527
404.0 0.0007863799539370056
404.99999999999994 0.0007855467971664336
406.0 0.000783339214859154
407.00000000000006 0.0007797761741609954
408.0 0.0007749010092350914
409.0 0.0007687794191378278
410.0 0.000761496489656565
411.0 0.0007531529972999401
412.0 0.0007438612961014375
413.0 0.0007337410919863802
413.99999999999994 0.0007229153796299098
415.0 0.0007115067623494634
416.00000000000006 0.0006996343082163179
417.0 0.0006874110263340789
418.00000000000006 0.0006749419849261331
419.0 0.0006623230430242774
420.0 0.0006496401324586583
421.0 0.0006369690061969548
422.0 0.0006243753608158755
423.0 0.0006119152420936563
424.0 0.0005996356503647763
424.99999999999994 0.0005875752736182515
426.0 0.000575765289201634
427.00000000000006 0.000564230187812169
428.0 0.0005529885852653475
429.0 0.0005420539977218281
430.0 0.0005314355644925582
431.0 0.0005211387092075064
432.0 0.0005111657351958093
433.0 0.0005015163546213616
434.0 0.0004921881534841576
435.0 0.0004831769962586423
435.99999999999994 0.00047447737493684443
437.0 0.00046608270771781414
438.00000000000006 0.00045798559271110833
439.0 0.0004501780218974881
440.0 0.00044265156030366963
441.0 0.0004353974949804922
442.0 0.00042840695794313453
443.0 0.000421671026804985
444.0 0.0004151808064016747
445.0 0.00040892749430150474
446.0 0.0004029024327235317
446.99999999999994 0.0003970971490409924
448.0 0.00039150338674520804
449.00000000000006 0.00038611312847512235
450.0 0.00038091861247921947
451.0 0.000375912343671474
452.0 0.00037108710026218623
453.0 0.0003664359367936468
454.0 0.00036195218427572274
455.0 0.00035762944800378163
456.0 0.0003534616035485701
457.0 0.0003494427913216046
457.99999999999994 0.00034556741005266974
459.0 0.0003418301094601765
460.00000000000006 0.0003382257823394064
461.0 0.0003347495562608598
462.0 0.0003313967850279378
463.0 0.0003281630400208043
464.0 0.0003250441015242171
465.0 0.00032203595012013456
466.0 0.000319134758206938
467.0 0.0003163368816942112
468.0 0.0003136388519104217
468.99999999999994 0.00031103736775030255
470.0 0.0003085292880827891
471.00000000000006 0.0003061116244318443
472.0 0.0003037815339389561
473.0 0.00030153631261065257
474.0 0.00029937338885204195
475.0 0.00029729031728397814
476.0 0.000295284772839019
477.0 0.00029335454513179226
477.99999999999994 0.00029149753309379273
479.0 0.0002897117398676622
479.99999999999994 0.0002879952679494716
481.0 0.0002863463145711009
482.00000000000006 0.000284763167312698
483.0 0.0002832441999354827
484.0 0.00028178786842546596
485.0 0.0002803927072377881
486.0 0.0002790573257326605
487.0 0.0002777804047933108
488.0 0.00027656069361701725
488.99999999999994 0.00027539700666991747
490.0 0.00027428822079736696
491.00000000000006 0.0002732332724815589
492.0 0.00027223115523805126
493.0 0.00027128091714396325
494.0 0.00027038165849000475
495.0 0.000269532529549394
496.0 0.00026873272845708376
497.0 0.0002679814991922239
498.0 0.0002672781296580286
499.0 0.0002666219498527734
499.99999999999994 0.00026601233012623027
501.0 0.00026544867951583585
502.00000000000006 0.0002649304441573772
503.0 0.00026445710576493463
504.0 0.00026402818017501003
505.0 0.00026364321595008283
506.0 0.00026330179303711614
507.0 0.0002630035214758293
508.0 0.00026274804015301496
509.0 0.000262535015598016
510.0 0.00026236414081547626
510.99999999999994 0.0002622351341507225
512.0 0.0002621477381840859
513.0 0.0002621017186497224
514.0 0.00026209686337501007
515.0 0.00026213298123626107
516.0 0.0002622099011269018
517.0 0.00026232747093375746
518.0 0.0002624855565172274
519.0 0.00026268404069148226
520.0 0.0002629228221999937
521.0 0.0002632018146821441
522.0 0.00026352094562650396
523.0 0.0002638801553060604
524.0 0.0002642793956907368
525.0 0.00026471862933218814
526.0 0.0002651978282160524
527.0 0.0002657169725761789
528.0 0.0002662760496656571
529.0 0.00026687505247888644
530.0 0.00026751397841898503
531.0 0.0002681928279044414
532.0 0.00026891160290881287
533.0 0.0002696703054270886
534.0 0.00027046893586172254
535.0 0.00027130749132179904
536.0 0.0002721859638278765
537.0 0.0002731043384152645
538.0 0.00027406259112821836
539.0 0.0002750606868970488
540.0 0.00027609857729056167
541.0 0.0002771761981354409
542.0 0.00027829346699484117
543.0 0.0002794502804973186
544.0 0.0002806465115090765
545.0 0.0002818820061400646
546.0 0.00028315658057742013
547.0 0.0002844700177376809
548.0 0.0002858220637312143
549.0 0.0002872124241319701
550.0 0.0002886407600467027
551.0 0.00029010668397885033
552.0 0.00029160975548294564
553.0 0.000293149476607113
554.0 0.0002947252871230105
555.0 0.0002963365595435025
556.0 0.00029798259393226873
557.0 0.00029966261251001847
558.0 0.00030137575406709446
559.0 0.0003031210681940195
560.0 0.00030489750934627885
561.0 0.000306703930763391
562.0 0.00030853907826800154
563.0 0.00031040158397497127
564.0 0.0003122899599470963
565.0 0.0003142025918402824
566.0 0.0003161377325881601
567.0 0.00031809349618272087
568.0 0.0003200678516167934
569.0 0.0003220586170610723
570.0 0.00032406345435827906
571.0 0.0003260798639242316
572.0 0.0003281051801563951
573.0 0.00033013656745717524
574.0 0.0003321710169886814
575.0 0.0003342053442833372
576.0 0.000336236187840951
577.0 0.00033826000884888826
578.0 0.00034027309216600046
579.0 0.00034227154871250783
580.0 0.0003442513194086626
581.0 0.0003462081808006038
582.0 0.0003481377525063233
583.0 0.00035003550660465537
584.0 0.00035189677907557676
585.0 0.00035371678338241597
586.0 0.00035549062626326024
587.0 0.0003572133257719861
588.0 0.00035887983157628785
589.0 0.00036048504748447736
590.0 0.00036202385613121063
591.0 0.0003634911457094298
592.0 0.00036488183858679625
593.0 0.0003661909215983735
594.0 0.0003674134777564605
595.0 0.00036854471907028005
596.0 0.00036958002012255704
597.0 0.0003705149520070211
598.0 0.00037134531619421575
599.0 0.0003720671778649633
600.0 0.0003726768982281339
601.0 0.0003731711653312172
602.0 0.00037354702287195987
603.0 0.0003738018965328076
604.0 0.000373933617385925
605.0 0.00037394044195353433
606.0 0.0003738210685591507
607.0 0.00037357464966449033
608.0 0.0003732007999574297
609.0 0.0003726996000324269
610.0 0.0003720715955867238
611.0 0.00037131779214046967
612.0 0.0003704396453722055
613.0 0.0003694390472435109
614.0 0.0003683183081617306
615.0 0.00036708013550039973
616.0 0.0003657276088540177
617.0 0.0003642641524549857
618.0 0.00036269350521459876
619.0 0.00036101968887677606
620.0 0.00035924697478276164
621.0 0.00035737984974498456
622.0 0.00035542298151742147
623.0 0.00035338118432573604
624.0 0.0003512593848899433
625.0 0.00034906258933546945
626.0 0.0003467958513416383
627.0 0.00034446424183173975
628.0 0.0003420728204563578
629.0 0.0003396266090730992
630.0 0.0003371305673739229
631.0 0.00033458957076579535
632.0 0.00033200839056312146
633.0 0.0003293916765109085
634.0 0.0003267439416195199
635.0 0.0003240695492616613
636.0 0.0003213727024517489
637.0 0.0003186574352086259
638.0 0.0003159276058819689
639.0 0.00031318689231117007
640.0 0.00031043878867509025
641.0 0.0003076866038848143
642.0 0.00030493346137190494
643.0 0.00030218230012123143
644.0 0.00029943587680311175
645.0 0.00029669676886358954
646.0 0.00029396737843758846
647.0 0.00029124993695689346
648.0 0.0002885465103354748
649.0 0.0002858590046202785
650.0 0.0002831891720077466
651.0 0.00028053861713437154
652.0 0.00027790880355841615
653.0000000000001 0.0002753010603604423
654.0 0.00027271658879755005
655.0 0.0002701564689541641
656.0 0.000267621666341829
657.0 0.0002651130384056347
658.0 0.0002626313409022672
659.0 0.0002601772341205594
659.9999999999999 0.00025775128892120095
661.0 0.00025535399257651734
662.0 0.0002529857543960314
663.0 0.00025064691112716204
664.0000000000001 0.00024833773212417623
665.0 0.0002460584242804775
666.0 0.0002438091367233852
667.0 0.00024158996527065112
668.0 0.00023940095665252179
669.0 0.00023724211250144637
670.0 0.00023511339311575033
670.9999999999999 0.00023301472100285885
672.0 0.00023094598420846465
673.0 0.00022890703944008703
674.0 0.0002268977149919383
675.0000000000001 0.00022491781348038634
676.0 0.00022296711439681577
677.0 0.00022104537648867637
678.0 0.0002191523399752624
679.0 0.00021728772860736873
680.0 0.00021545125157962632
681.0 0.0002136426053031484
681.9999999999999 0.0002118614750461778
683.0 0.00021010753645132017
684.0 0.00020838045693599803
685.0 0.00020667989698334657
686.0000000000001 0.00020500551133117967
687.0 0.00020335695006431964
688.0 0.00020173385961754146
688.9999999999999 0.0002001358836945912
690.0 0.00019856266410926338
691.0 0.000197013841553081
692.0 0.0001954890562956571
692.9999999999999 0.00019398794882171918
694.0 0.00019251016040946591
695.0 0.00019105533365479792
696.0 0.00018962311294461296
697.0000000000001 0.00018821314488379136
698.0 0.0001868250786787852
699.0 0.00018545856648079454
699.9999999999999 0.00018411326369268096
701.0 0.0001827888292408973
702.0 0.00018148492581656305
703.0 0.0001802012200870452
703.9999999999999 0.00017893738288133923
705.0 0.00017769308935004964
706.0 0.00017646801910359503
707.0 0.0001752618563292117
708.0000000000001 0.00017407428988896152
709.0 0.000172905013400405
710.0 0.00017175372530139172
710.9999999999999 0.00017062012890004547
712.0 0.00016950393241171047
713.0 0.00016840484898348777
714.0 0.00016732259670817516
715.0000000000001 0.00016625689862758826
716.0 0.0001652074827274885
717.0 0.00016417408192351065
718.0 0.00016315643404041694
719.0000000000001 0.0001621542817840315
720.0 0.00016116737270753382
721.0 0.00016019545917217353
721.9999999999999 0.0001592382983031705
723.0 0.00015829565194132165
724.0 0.0001573672865908229
725.0 0.00015645297336359365
726.0000000000001 0.00015555248792073787
727.0 0.0001546656104113456
728.0 0.00015379212540902787
729.0 0.00015293182184660333
730.0 0.00015208449294889324
731.0 0.00015124993616429008
732.0 0.0001504279530952352
732.9999999999999 0.00014961834942745606
734.0 0.00014882093485866403
735.0 0.00014803552302664863
736.0 0.0001472619314369052
737.0000000000001 0.0001464999813899501
738.0 0.00014574949790854887
739.0 0.0001450103096649283
740.0 0.0001442822489079967
741.0 0.0001435651513907611
742.0 0.0001428588562980046
743.0 0.00014216320617428088
743.9999999999999 0.00014147804685229527
745.0 0.00014080322738168805
746.0 0.00014013859995839012
747.0 0.0001394840198544717
748.0000000000001 0.00013883934534848915
749.0 0.00013820443765657505
750.0 0.00013757916086409603
751.0 0.00013696338185781534
752.0 0.00013635697025895632
753.0 0.00013575979835677335
754.0 0.00013517174104282992
754.9999999999999 0.00013459267574602853
756.0 0.00013402248236822053
757.0 0.0001334610432205386
758.0 0.00013290824296052032
759.0000000000001 0.00013236396852971656
760.0 0.00013182810909210288
761.0 0.00013130055597309056
762.0 0.00013078120259921313
763.0 0.00013026994443845468
764.0 0.0001297666789411232
765.0 0.00012927130548146811
765.9999999999999 0.00012878372529970334
767.0 0.0001283038414448251
768.0 0.0001278315587177989
769.0 0.00012736678361537415
770.0000000000001 0.00012690942427444425
771.0 0.0001264593904168538
772.0 0.00012601659329468712
773.0 0.00012558094563617632
774.0 0.00012515236159185112
775.0 0.00012473075668128372
776.0 0.0001243160477401623
776.9999999999999 0.00012390815286784693
778.0 0.0001235069913752827
779.0 0.00012311248373325244
780.0 0.00012272455152106786
781.0000000000001 0.00012234311737554366
782.0 0.00012196810494031823
783.0 0.00012159943881558955
784.0 0.00012123704450799097
785.0 0.00012088084838096187
786.0 0.00012053077760531202
787.0 0.00012018676011008835
787.9999999999999 0.00011984872453379788
789.0 0.00011951660017582706
790.0 0.00011919031694823853
791.0 0.00011886980532778646
792.0000000000001 0.00011855499630824599
793.0 0.0001182458213531129
794.0 0.00011794221234847588
795.0 0.00011764410155629965
796.0 0.00011735142156800339
797.0 0.00011706410525838926
798.0 0.00011678208573993496
798.9999999999999 0.0001165052963174172
800.0 0.00011623367044297593
801.0 0.00011596714167161165
802.0 0.00011570564361709894
803.0000000000001 0.00011544910990838724
804.0 0.00011519747414651573
805.0 0.0001149506698621243
806.0 0.00011470863047344166
807.0 0.0001144712892450601
808.0 0.00011423857924726541
809.0 0.00011401043331610942
809.9999999999999 0.00011378678401434236
811.0 0.00011356756359309418
812.0 0.0001133527039544934
813.0 0.00011314213661520294
814.0000000000001 0.00011293579267105141
815.0 0.0001127336027626961
816.0 0.00011253549704244853
816.9999999999999 0.00011234140514237494
818.0 0.00011215125614368449
819.0 0.00011196497854753074
820.0 0.00011178250024726395
820.9999999999999 0.00011160374850233968
822.0 0.00011142864991377142
823.0 0.0001112571304013789
824.0 0.00011108911518294545
825.0000000000001 0.0001109245287552111
826.0 0.00011076329487695941
827.0 0.00011060533655424253
827.9999999999999 0.00011045057602779327
829.0 0.00011029893476284147
830.0 0.00011015033344130065
831.0 0.00011000469195651704
832.0000000000001 0.00010986192941068461
833.0 0.00010972196411487468
834.0 0.0001095847135920535
835.0 0.00010945009458289458
836.0000000000001 0.00010931802305465076
837.0 0.000109188414213127
838.0 0.00010906118251782204
838.9999999999999 0.00010893624170033972
840.0 0.00010881350478613228
841.0 0.00010869288411964896
842.0 0.00010857429139293035
843.0000000000001 0.00010845763767772789
844.0 0.00010834283346120518
845.0 0.0001082297886852074
846.0 0.00010811841278913765
847.0000000000001 0.00010800861475650338
848.0 0.00010790030316512512
849.0 0.00010779338624088421
849.9999999999999 0.0001076877719151956
851.0 0.0001075833678860166
852.0 0.00010748008168235417
853.0 0.00010737782073234168
854.0000000000001 0.00010727649243457014
855.0 0.00010717600423292211
856.0 0.00010707626369440815
857.0 0.00010697717859023314
858.0 0.00010687865697972952
859.0 0.00010678060729708593
860.0 0.00010668293844074102
860.9999999999999 0.00010658555986511196
862.0 0.000106488381674661
863.0 0.00010639131471988403
864.0 0.00010629427069510581
865.0000000000001 0.00010619716223779103
866.0 0.00010609990302912529
867.0 0.00010600240789554759
868.0 0.00010590459291101059
869.0 0.00010580637549957089
870.0 0.00010570767453810447
871.0 0.00010560841045876208
871.9999999999999 0.0001055085053507722
873.0 0.00010540788306144839
874.0 0.00010530646929577516
875.0 0.00010520419171452487
876.0000000000001 0.00010510098003027711
877.0 0.00010499676610119546
878.0 0.00010489148402211912
879.0 0.00010478507021262823
880.0 0.00010467746350171685
881.0 0.00010456860520885824
882.0 0.00010445843922091849
882.9999999999999 0.00010434691206484526
884.0 0.00010423397297565552
885.0 0.00010411957395948802
886.0 0.0001040036698514728
887.0000000000001 0.0001038862183681029
888.0 0.00010376718015396057
889.0 0.0001036465188224637
890.0 0.00010352420099054043
891.0 0.00010340019630703815
892.0 0.00010327447747467479
893.0 0.00010314702026547382
893.9999999999999 0.00010301780352954206
895.0 0.00010288680919718568
896.0 0.00010275402227423847
897.0 0.00010261943083068406
898.0000000000001 0.00010248302598250491
899.0 0.00010234480186687853
900.0 0.0001022047556107663
901.0 0.00010206288729293365
902.0 0.0001019191998996647
903.0 0.00010177369927416661
904.0 0.00010162639405995743
904.9999999999999 0.00010147729563841194
906.0 0.00010132641806062598
907.0 0.00010117377797394885
908.0 0.00010101939454332792
909.0000000000001 0.00010086328936787848
910.0 0.00010070548639284627
911.0 0.00010054601181737918
912.0 0.00010038489399837998
913.0 0.0001002221633507682
914.0 0.00010005785224454225
915.0 9.989199489895659e-5
915.9999999999999 9.972462727415816e-5
917.0 9.955578696070558e-5
918.0 9.938551306723714e-5
919.0 9.921384610676365e-5
920.0000000000001 9.904082788181325e-5
921.0 9.886650136890601e-5
922.0 9.869091060262918e-5
923.0 9.851410055967852e-5
924.0 9.833611704321158e-5
925.0 9.815700656779027e-5
926.0 9.797681624531161e-5
926.9999999999999 9.779559367214182e-5
928.0 9.761338681776845e-5
929.0 9.743024391526022e-5
930.0 9.724621335382947e-5
931.0000000000001 9.706134357360995e-5
932.0 9.687568296301964e-5
933.0 9.668927975890081e-5
934.0 9.65021819495014e-5
935.0 9.631443718068663e-5
936.0 9.612609266534437e-5
937.0 9.593719509628844e-5
937.9999999999999 9.574779056265106e-5
939.0 9.555792447004315e-5
940.0 9.536764146438469e-5
941.0 9.517698535967422e-5
942.0000000000001 9.498599906964282e-5
943.0 9.479472454335735e-5
944.0 9.460320270492898e-5
944.9999999999999 9.441147339716259e-5
946.0 9.421957532928776e-5
947.0 9.40275460288091e-5
948.0 9.383542179729803e-5
948.9999999999999 9.364323767026792e-5
950.0 9.345102738101088e-5
951.0 9.32588233283963e-5
952.0 9.306665654852714e-5
953.0000000000001 9.287455669025453e-5
954.0 9.268255199445395e-5
955.0 9.249066927699341e-5
955.9999999999999 9.229893391527152e-5
957.0 9.210736983834371e-5
958.0 9.191599952040785e-5
959.0 9.17248439776687e-5
959.9999999999999 9.153392276843872e-5
961.0 9.134325399630212e-5
962.0 9.115285431639872e-5
963.0 9.096273894453345e-5
964.0000000000001 9.077292166912351e-5
965.0 9.058341486583404e-5
966.0 9.039422951477503e-5
966.9999999999999 9.02053752201499e-5
968.0 9.001686023225996e-5
969.0 8.982869147169287e-5
970.0 8.964087455569266e-5
971.0000000000001 8.945341382640848e-5
972.0 8.926631238112304e-5
973.0 8.907957210417608e-5
974.0 8.889319370052279e-5
975.0000000000001 8.870717673087614e-5
976.0 8.852151964820084e-5
977.0 8.833621983554853e-5
977.9999999999999 8.815127364507703e-5
979.0 8.796667643815204e-5
980.0 8.778242262642982e-5
981.0 8.759850571378626e-5
982.0000000000001 8.741491833907934e-5
983.0 8.723165231948264e-5
984.0 8.704869869446994e-5
985.0 8.686604777023595e-5
986.0 8.668368916445129e-5
987.0 8.650161185135936e-5
988.0 8.631980420701165e-5
988.9999999999999 8.613825405462061e-5
990.0 8.59569487099133e-5
991.0 8.577587502637975e-5
992.0 8.559501944041278e-5
993.0000000000001 8.541436801615641e-5
994.0 8.523390649005002e-5
995.0 8.505362031497468e-5
996.0 8.487349470391413e-5
997.0 8.469351467308935e-5
998.0 8.451366508446417e-5
999.0 8.433393068756608e-5
999.9999999999999 8.415429616056994e-5
1001.0 8.397474615057937e-5
1002.0 8.379526531303559e-5
1003.0 8.361583835020475e-5
1004.0000000000001 8.343645004868137e-5
1005.0 8.325708531588533e-5
1006.0 8.307772921549824e-5
1007.0 8.289836700170765e-5
1008.0 8.271898415241325e-5
1009.0 8.253956640112837e-5
1010.0 8.23600997676973e-5
1010.9999999999999 8.2180570587761e-5
1012.0 8.200096554087864e-5
1013.0 8.182127167739163e-5
1014.0 8.164147644388189e-5
1015.0000000000001 8.146156770733527e-5
1016.0 8.128153377784138e-5
1017.0 8.110136342998086e-5
1018.0 8.092104592277251e-5
1019.0 8.074057101818611e-5
1020.0 8.055992899829782e-5
1021.0 8.037911068097575e-5
1021.9999999999999 8.01981074341742e-5
1023.0 8.0016911188836e-5
1024.0 7.983551445034219e-5
1025.0 7.965391030864375e-5
1026.0 7.947209244695054e-5
1027.0 7.92900551490766e-5
1028.0 7.910779330549778e-5
1029.0 7.892530241799635e-5
1030.0 7.874257860307375e-5
1031.0 7.855961859410647e-5
1032.0 7.837641974217415e-5
1033.0 7.819298001579576e-5
1034.0 7.800929799938013e-5
1035.0 7.782537289059676e-5
1036.0 7.764120449662502e-5
1037.0 7.745679322933146e-5
1038.0 7.727214009939808e-5
1039.0 7.708724670949456e-5
1040.0 7.690211524649528e-5
1041.0 7.671674847274684e-5
1042.0 7.653114971655113e-5
1043.0 7.634532286176934e-5
1044.0 7.61592723366764e-5
1045.0 7.597300310209832e-5
1046.0 7.578652063885279e-5
1047.0 7.55998309345589e-5
1048.0 7.541294046988848e-5
1049.0 7.522585620421107e-5
1050.0 7.503858556081636e-5
1051.0 7.485113641165529e-5
1052.0 7.466351706165075e-5
1053.0 7.447573623269236e-5
1054.0 7.428780304728826e-5
1055.0 7.409972701195938e-5
1056.0 7.391151800039169e-5
1057.0 7.372318623640367e-5
1058.0 7.353474227676621e-5
1059.0 7.33461969939177e-5
1060.0 7.31575615586001e-5
1061.0 7.296884742246504e-5
1062.0 7.278006630068774e-5
1063.0 7.259123015461144e-5
1064.0 7.24023511744511e-5
1065.0 7.221344176212031e-5
1066.0 7.202451451416672e-5
1067.0 7.183558220488704e-5
1068.0 7.16466577696141e-5
1069.0 7.145775428819715e-5
1070.0 7.126888496879236e-5
1071.0 7.108006313180492e-5
1072.0 7.089130219419421e-5
1073.0 7.070261565405027e-5
1074.0 7.05140170754725e-5
1075.0 7.032552007380198e-5
1076.0 7.013713830119636e-5
1077.0 6.99488854325657e-5
1078.0 6.976077515187735e-5
1079.0 6.957282113884693e-5
1080.0 6.938503705605854e-5
1081.0 6.919743653640356e-5
1082.0 6.9010033171019e-5
1083.0 6.882284049760145e-5
1084.0 6.863587198913356e-5
1085.0 6.844914104303903e-5
1086.0 6.826266097078448e-5
1087.0 6.807644498786942e-5
1088.0 6.789050620427618e-5
1089.0 6.770485761533753e-5
1090.0 6.751951209301688e-5
1091.0 6.733448237762644e-5
1092.0 6.714978106995407e-5
1093.0 6.696542062381404e-5
1094.0 6.678141333898817e-5
1095.0 6.659777135462099e-5
1096.0 6.641450664295078e-5
1097.0 6.623163100348068e-5
1098.0 6.604915605751292e-5
1099.0 6.586709324309053e-5
1100.0 6.568545381026124e-5
1101.0 6.550424881675838e-5
1102.0 6.532348912400471e-5
1103.0 6.514318539347575e-5
1104.0 6.496334808338179e-5
1105.0 6.478398744570957e-5
1106.0 6.460511352355987e-5
1107.0 6.44267361488042e-5
1108.0 6.424886494001754e-5
1109.0 6.407150930075018e-5
1110.0 6.389467841803623e-5
1111.0 6.371838126118801e-5
1112.0 6.354262658085054e-5
1113.0 6.33674229083031e-5
1114.0 6.319277855501741e-5
1115.0 6.301870161243036e-5
1116.0 6.284519995194052e-5
1117.0 6.267228122511821e-5
1118.0 6.249995286412914e-5
1119.0 6.232822208234106e-5
1120.0 6.215709587510439e-5
1121.0 6.198658102074435e-5
1122.0 6.181668408167436e-5
1123.0 6.164741140569976e-5
1124.0 6.147876912745181e-5
1125.0 6.131076316998881e-5
1126.0 6.11433992464841e-5
1127.0 6.097668286209575e-5
1128.0 6.081061931589695e-5
1129.0 6.06452137029763e-5
1130.0 6.048047091657935e-5
1131.0 6.0316395650386765e-5
1132.0 6.0152992400874364e-5
1133.0 5.999026546972593e-5
1134.0 5.982821896638321e-5
1135.0 5.966685681058489e-5
1136.0 5.9506182735041104e-5
1137.0 5.934620028811613e-5
1138.0 5.918691283658888e-5
1139.0 5.9028323568447966e-5
1140.0 5.8870435495739626e-5
1141.0 5.8713251457438454e-5
1142.0 5.855677412234262e-5
1143.0 5.840100599204574e-5
1144.0 5.8245949403842634e-5
1145.0 5.809160653375376e-5
1146.0 5.793797939947983e-5
1147.0 5.778506986343012e-5
1148.0 5.763287963570699e-5
1149.0 5.748141027713048e-5
1150.0 5.7330663202247624e-5
1151.0 5.718063968234234e-5
1152.0 5.703134084843586e-5
1153.0 5.688276769428039e-5
1154.0 5.673492107935057e-5
1155.0 5.658780173180523e-5
1156.0 5.644141025144803e-5
1157.0 5.629574711265222e-5
1158.0 5.615081266730335e-5
1159.0 5.60066071476514e-5
1160.0 5.586313066921717e-5
1161.0 5.572038323363071e-5
1162.0 5.5578364731422455e-5
1163.0 5.5437074944848224e-5
1164.0 5.5296513550624966e-5
1165.0 5.515668012266082e-5
1166.0 5.5017574134764076e-5
1167.0 5.487919496328706e-5
1168.0 5.47415418897682e-5
1169.0 5.46046141035215e-5
1170.0 5.446841070418183e-5
1171.0 5.433293070425065e-5
1172.0 5.419817303154405e-5
1173.0 5.406413653167501e-5
1174.0 5.393081997043326e-5
1175.0 5.379822203616916e-5
1176.0 5.366634134210891e-5
1177.0 5.3535176428667724e-5
1178.0 5.340472576567053e-5
1179.0 5.327498775458879e-5
1180.0 5.31459607306986e-5
1181.0 5.301764296521893e-5
1182.0 5.289003266738934e-5
1183.0 5.276312798654179e-5
1184.0 5.263692701409696e-5
1185.0 5.2511427785543757e-5
1186.0 5.238662828236901e-5
1187.0 5.2262526433944175e-5
1188.0 5.2139120119392226e-5
1189.0 5.2016407169396355e-5
1190.0 5.189438536796982e-5
1191.0 5.177305245420374e-5
1192.0 5.1652406123956336e-5
1193.0 5.153244403152098e-5
1194.0 5.141316379124898e-5
1195.0 5.1294562979135336e-5
1196.0 5.117663913436709e-5
1197.0 5.10593897608416e-5
1198.0 5.0942812328639116e-5
1199.0 5.0826904275468556e-5
1200.0 5.071166300807265e-5
1201.0 5.059708590360289e-5
1202.0 5.048317031095387e-5
1203.0 5.0369913552073526e-5
1204.0 5.0257312923230076e-5
1205.0 5.0145365696255696e-5
1206.0 5.003406911974414e-5
1207.0 4.992342042023718e-5
1208.0 4.981341680336457e-5
1209.0 4.9704055454953404e-5
1210.0 4.959533354211068e-5
1211.0 4.948724821428793e-5
1212.0 4.937979660429147e-5
1213.0 4.927297582928408e-5
1214.0 4.916678299175585e-5
1215.0 4.906121518045782e-5
1216.0 4.8956269471319394e-5
1217.0 4.8851942928334185e-5
1218.0 4.8748232604413325e-5
1219.0 4.864513554223649e-5
1220.0 4.854264877504243e-5
1221.0 4.844076932742776e-5
1222.0 4.833949421610201e-5
1223.0 4.8238820450627475e-5
1224.0 4.8138745034130586e-5
1225.0 4.803926496400239e-5
1226.0 4.7940377232555975e-5
1227.0 4.784207882768816e-5
1228.0 4.774436673349353e-5
1229.0 4.7647237930884664e-5
1230.0 4.755068939816931e-5
1231.0 4.745471811162091e-5
1232.0 4.735932104602288e-5
1233.0 4.726449517520309e-5
1234.0 4.71702374725392e-5
1235.0 4.7076544911452306e-5
1236.0 4.6983414465885936e-5
1237.0 4.68908431107544e-5
1238.0 4.67988278223983e-5
1239.0 4.6707365578992106e-5
1240.0 4.661645336097138e-5
1241.0 4.652608815141126e-5
1242.0 4.6436266936415064e-5
1243.0 4.6346986705473064e-5
1244.0 4.625824445181199e-5
1245.0 4.6170037172734956e-5
1246.0 4.608236186994093e-5
1247.0 4.599521554983056e-5
1248.0 4.590859522381206e-5
1249.0 4.582249790856801e-5
1250.0 4.5736920626348576e-5
1251.0 4.565186040521001e-5
1252.0 4.5567314279277156e-5
1253.0 4.548327928897588e-5
1254.0 4.5399752481259754e-5
1255.0 4.5316730909820824e-5
1256.0 4.523421163529895e-5
1257.0 4.5152191725484024e-5
1258.0 4.507066825548804e-5
1259.0 4.498963830792845e-5
1260.0 4.490909897310268e-5
1261.0 4.482904734912788e-5
1262.0 4.474948054210983e-5
1263.0 4.46703956662762e-5
1264.0 4.4591789844104645e-5
1265.0 4.451366020646496e-5
1266.0 4.443600389271707e-5
1267.0 4.435881805083664e-5
1268.0 4.428209983751509e-5
1269.0 4.420584641825708e-5
1270.0 4.4130054967463896e-5
1271.0 4.405472266853082e-5
1272.0 4.3979846713913054e-5
1273.0 4.390542430520409e-5
1274.0 4.383145265320593e-5
1275.0 4.375792897797462e-5
1276.0 4.3684850508893636e-5
1277.0 4.3612214484713446e-5
1278.0 4.3540018153599405e-5
1279.0 4.346825877317408e-5
1280.0 4.339693361055319e-5
1281.0 4.33260399423693e-5
1282.0 4.325557505481061e-5
1283.0 4.31855362436411e-5
1284.0 4.311592081420974e-5
1285.0 4.304672608148215e-5
1286.0 4.297794937003924e-5
1287.0 4.2909588014093877e-5
1288.0 4.28416393574918e-5
1289.0 4.277410075371513e-5
1290.0 4.270696956588048e-5
1291.0 4.264024316673491e-5
1292.0 4.2573918938652176e-5
1293.0 4.2507994273619835e-5
1294.0 4.244246657322853e-5
1295.0 4.2377333248660056e-5
1296.0 4.231259172066656e-5
1297.0 4.224823941955566e-5
1298.0 4.218427378517182e-5
1299.0 4.21206922668644e-5
1300.0 4.2057492323476936e-5
1301.0 4.1994671423311756e-5
1302.0 4.19322270441023e-5
1303.0 4.1870156672989067e-5
1304.0 4.1808457806489594e-5
1305.0 4.17471279504614e-5
1306.0000000000002 4.168616462006996e-5
1307.0 4.162556533976219e-5
1308.0 4.156532764322122e-5
1308.9999999999998 4.150544907333829e-5
1310.0 4.144592718217017e-5
1311.0 4.138675953090726e-5
1312.0 4.1327943689831e-5
1313.0 4.126947723827554e-5
1314.0 4.1211357764591074e-5
1315.0 4.11535828661013e-5
1316.0 4.1096150149062204e-5
1317.0000000000002 4.103905722862705e-5
1318.0 4.098230172879749e-5
1319.0 4.092588128238722e-5
1319.9999999999998 4.0869793530983576e-5
1321.0 4.081403612489626e-5
1322.0 4.0758606723125725e-5
1323.0 4.070350299331881e-5
1324.0 4.064872261172505e-5
1325.0 4.05942632631589e-5
1326.0 4.054012264095396e-5
1327.0 4.048629844692852e-5
1328.0000000000002 4.043278839133991e-5
1329.0 4.037959019284464e-5
1330.0 4.0326701578465163e-5
1330.9999999999998 4.0274120283538474e-5
1332.0 4.022184405168871e-5
1333.0 4.016987063478207e-5
1334.0 4.0118197792887725e-5
1335.0 4.006682329424866e-5
1336.0 4.0015744915234106e-5
1337.0 3.996496044031109e-5
1338.0 3.991446766200393e-5
1339.0000000000002 3.986426438086347e-5
1340.0 3.9814348405427415e-5
1341.0 3.976471755219277e-5
1341.9999999999998 3.971536964557858e-5
1343.0 3.966630251789691e-5
1344.0 3.9617514009318944e-5
1345.0 3.956900196784863e-5
1346.0 3.95207642492849e-5
1347.0 3.947279871720376e-5
1348.0 3.9425103242923674e-5
1349.0 3.93776757054791e-5
1350.0000000000002 3.9330513991597674e-5
1351.0 3.928361599567002e-5
1352.0 3.9236979619731324e-5
1352.9999999999998 3.91906027734353e-5
1354.0 3.914448337403265e-5
1355.0 3.909861934634368e-5
1356.0 3.9053008622753546e-5
1357.0 3.900764914317523e-5
1358.0 3.896253885504063e-5
1359.0 3.8917675713283206e-5
1360.0 3.887305768032102e-5
1361.0000000000002 3.882868272603792e-5
1362.0 3.878454882777272e-5
1363.0 3.8740653970306956e-5
1363.9999999999998 3.869699614584853e-5
1365.0 3.8653573354022263e-5
1366.0 3.86103836018635e-5
1366.9999999999998 3.856742490380241e-5
1368.0 3.852469528165797e-5
1369.0 3.848219276463801e-5
1370.0 3.843991538931349e-5
1371.0 3.839786119964124e-5
1372.0000000000002 3.835602824693266e-5
1373.0 3.8314414589869454e-5
1374.0 3.827301829449089e-5
1374.9999999999998 3.8231837434195726e-5
1376.0 3.819087008974318e-5
1377.0 3.815011434924819e-5
1377.9999999999998 3.810956830819235e-5
1379.0 3.8069230069413876e-5
1380.0 3.802909774312032e-5
1381.0 3.7989169446889474e-5
1382.0 3.794944330567408e-5
1383.0000000000002 3.790991745180631e-5
1384.0 3.7870590025006136e-5
1385.0 3.7831459172391676e-5
1385.9999999999998 3.779252304847984e-5
1387.0 3.775377981520205e-5
1388.0 3.7715227641911446e-5
1388.9999999999998 3.767686470539304e-5
1390.0 3.7638689189876644e-5
1391.0 3.7600699287046596e-5
1392.0 3.756289319605637e-5
1393.0 3.752526912354033e-5
1394.0000000000002 3.7487825283631495e-5
1395.0 3.7450559897968153e-5
1396.0 3.741347119571944e-5
1396.9999999999998 3.737655741359105e-5
1398.0 3.733981679584999e-5
1399.0 3.730324759433588e-5
1399.9999999999998 3.72668480684805e-5
1401.0 3.723061648532699e-5
1402.0 3.719455111954328e-5
1403.0 3.71586502534487e-5
1404.0 3.71229121770255e-5
1405.0000000000002 3.708733518794194e-5
1406.0 3.7051917591572123e-5
1407.0 3.7016657701017217e-5
1407.9999999999998 3.698155383712353e-5
1409.0 3.6946604328507004e-5
1410.0 3.6911807511567256e-5
1410.9999999999998 3.687716173051987e-5
1412.0 3.6842665337408164e-5
1413.0 3.680831669212765e-5
1414.0 3.677411416245323e-5
1415.0 3.674005612405281e-5
1416.0000000000002 3.670614096051606e-5
1417.0 3.667236706337168e-5
1418.0 3.6638732832115714e-5
1419.0000000000002 3.6605236674226644e-5
1420.0 3.657187700519301e-5
1421.0 3.653865224853394e-5
1421.9999999999998 3.650556083581933e-5
1423.0 3.6472601206695334e-5
1424.0 3.643977180890765e-5
1425.0 3.640707109831166e-5
1426.0 3.637449753891477e-5
1427.0000000000002 3.634204960287638e-5
1428.0 3.630972577054462e-5
1429.0 3.627752453046785e-5
1430.0000000000002 3.6245444379422084e-5
1431.0 3.621348382242716e-5
1432.0 3.6181641372768736e-5
1432.9999999999998 3.614991555201782e-5
1434.0 3.61183048900511e-5
1435.0 3.6086807925066244e-5
1436.0 3.605542320360712e-5
1437.0 3.602414928057661e-5
1438.0000000000002 3.599298471925637e-5
1439.0 3.5961928091325834e-5
1440.0 3.593097797687471e-5
1441.0000000000002 3.590013296442299e-5
1442.0 3.586939165093775e-5
1443.0 3.583875264184525e-5
1443.9999999999998 3.5808214551045556e-5
1445.0 3.5777776000931054e-5
1446.0 3.5747435622395776e-5
1447.0 3.5717192054848415e-5
1448.0 3.5687043946228586e-5
1449.0000000000002 3.56569899530132e-5
1450.0 3.5627028740231227e-5
1451.0 3.559715898147401e-5
1452.0000000000002 3.556737935890236e-5
1453.0 3.5537688563256375e-5
1454.0 3.550808529386487e-5
1454.9999999999998 3.547856825865319e-5
1456.0 3.544913617414564e-5
1457.0 3.541978776547953e-5
1458.0 3.5390521766401926e-5
1459.0 3.5361336919276985e-5
1460.0 3.533223197509534e-5
1461.0 3.530320569346621e-5
1462.0 3.5274256842629624e-5
1463.0000000000002 3.5245384199451345e-5
1464.0 3.521658654942501e-5
1465.0 3.518786268667576e-5
1465.9999999999998 3.515921141395201e-5
1467.0 3.5130631542627565e-5
1468.0 3.5102121892700825e-5
1469.0 3.507368129278684e-5
1470.0 3.50453085801151e-5
1471.0 3.501700260052624e-5
1472.0 3.498876220846027e-5
1473.0 3.496058626695691e-5
1474.0000000000002 3.493247364764361e-5
1475.0 3.490442323072505e-5
1476.0 3.487643390498213e-5
1476.9999999999998 3.484850456775113e-5
1478.0 3.482063412492093e-5
1479.0 3.4792821490917515e-5
1480.0 3.476506558869305e-5
1481.0 3.473736534971088e-5
1482.0 3.4709719713934685e-5
1483.0 3.4682127629808216e-5
1484.0 3.4654588054244944e-5
1485.0000000000002 3.462709995261087e-5
1486.0 3.459966229870364e-5
1487.0 3.457227407473793e-5
1487.9999999999998 3.454493427132838e-5
1489.0 3.451764188746425e-5
1490.0 3.4490395930496305e-5
1491.0 3.446319541611278e-5
1492.0 3.443603936831653e-5
1493.0 3.440892681940516e-5
1494.0 3.4381856809949746e-5
1495.0 3.435482838876772e-5
1496.0000000000002 3.4327840612901626e-5
1497.0 3.430089254759209e-5
1498.0 3.4273983266257215e-5
1498.9999999999998 3.424711185046009e-5
1500.0 3.422027738988759e-5
1501.0 3.419347898232365e-5
1502.0 3.4166715733618936e-5
1503.0 3.413998675766177e-5
1504.0 3.4113291176354516e-5
1505.0 3.408662811958234e-5
1506.0 3.405999672518181e-5
1507.0000000000002 3.403339613891364e-5
1508.0 3.400682551442963e-5
1509.0 3.3980284013245746e-5
1509.9999999999998 3.395377080470933e-5
1511.0 3.39272850659628e-5
1512.0 3.3900825981921386e-5
1513.0 3.3874392745230816e-5
1514.0 3.3847984556243075e-5
1515.0 3.382160062297571e-5
1516.0 3.379524016108626e-5
1517.0 3.376890239383312e-5
1518.0000000000002 3.374258655204401e-5
1519.0 3.3716291874082785e-5
1520.0 3.369001760581145e-5
1520.9999999999998 3.3663763000561305e-5
1522.0 3.3637527319092936e-5
1523.0 3.36113098295646e-5
1524.0 3.358510980749731e-5
1525.0 3.355892653573711e-5
1526.0 3.353275930442262e-5
1527.0 3.350660741094812e-5
1528.0 3.34804701599268e-5
1529.0000000000002 3.345434686316086e-5
1530.0 3.3428236839596796e-5
1531.0 3.340213941529898e-5
1531.9999999999998 3.337605392340702e-5
1533.0 3.3349979704104696e-5
1534.0 3.332391610458045e-5
1535.0 3.329786247899649e-5
1536.0 3.3271818188445333e-5
1537.0 3.324578260092324e-5
1538.0 3.321975509128934e-5
1539.0 3.319373504122994e-5
1540.0000000000002 3.3167721839225616e-5
1541.0 3.3141714880512826e-5
1542.0 3.311571356705165e-5
1542.9999999999998 3.308971730748866e-5
1544.0 3.3063725517123394e-5
1545.0 3.303773761786922e-5
1546.0 3.301175303822644e-5
1547.0 3.2985771213240185e-5
1548.0 3.29597915844701e-5
1549.0 3.293381359995289e-5
1550.0 3.290783671417297e-5
1551.0000000000002 3.28818603880233e-5
1552.0 3.2855884088778046e-5
1553.0 3.282990729004907e-5
1553.9999999999998 3.28039294717641e-5
1555.0 3.2777950120126247e-5
1556.0 3.275196872758269e-5
1557.0 3.272598479279454e-5
1558.0 3.269999782059931e-5
1559.0 3.2674007321985255e-5
1560.0 3.264801281405541e-5
1561.0 3.2622013819993774e-5
1562.0000000000002 3.259600986904177e-5
1563.0 3.257000049645831e-5
1564.0 3.2543985243494316e-5
1564.9999999999998 3.251796365735992e-5
1566.0 3.249193529119534e-5
1567.0 3.24658997040394e-5
1568.0 3.2439856460801394e-5
1569.0 3.241380513222982e-5
1570.0 3.238774529488326e-5
1571.0 3.2361676531104545e-5
1572.0 3.2335598428985166e-5
1573.0000000000002 3.23095105823442e-5
1574.0 3.228341259069606e-5
1575.0 3.2257304059221235e-5
1575.9999999999998 3.2231184598743765e-5
1577.0 3.220505382569877e-5
1578.0 3.2178911362106275e-5
1579.0 3.215275683554739e-5
1580.0 3.2126589879133e-5
1581.0 3.2100410131480556e-5
1582.0 3.207421723668748e-5
1583.0 3.204801084430371e-5
1584.0000000000002 3.202179060930755e-5
1585.0 3.1995556192078675e-5
1586.0 3.196930725837602e-5
1586.9999999999998 3.194304347930776e-5
1588.0 3.191676453131053e-5
1589.0 3.1890470096124755e-5
1590.0 3.186415986076731e-5
1591.0 3.183783351751028e-5
1592.0 3.181149076385597e-5
1593.0 3.178513130251189e-5
1594.0 3.1758754841369704e-5
1595.0000000000002 3.1732361093481187e-5
1596.0 3.17059497770323e-5
1597.0 3.1679520615324315e-5
1597.9999999999998 3.165307333674596e-5
1599.0 3.162660767475842e-5
1600.0 3.160012336786421e-5
1601.0 3.157362015958996e-5
1602.0 3.154709779846201e-5
1603.0 3.1520556037986884e-5
1604.0 3.14939946366258e-5
1605.0 3.146741335777473e-5
1606.0000000000002 3.144081196974311e-5
1607.0 3.141419024573118e-5
1608.0 3.1387547963811014e-5
1608.9999999999998 3.1360884906897735e-5
1610.0 3.1334200862738025e-5
1611.0 3.130749562388231e-5
1612.0 3.128076898766559e-5
1613.0 3.1254020756186784e-5
1614.0 3.1227250736285424e-5
1615.0 3.120045873952479e-5
1616.0 3.1173644582165646e-5
1617.0000000000002 3.1146808085149315e-5
1618.0 3.1119949074077186e-5
1619.0 3.109306737918565e-5
1619.9999999999998 3.106616283532918e-5
1621.0 3.103923528195874e-5
1622.0 3.10122845631007e-5
1622.9999999999998 3.0985310527334636e-5
1624.0 3.0958313027773973e-5
1625.0 3.0931291922046804e-5
1626.0 3.090424707227326e-5
1627.0 3.087717834504261e-5
1628.0000000000002 3.085008561139712e-5
1629.0 3.0822968746807515e-5
1630.0 3.079582763115305e-5
1630.9999999999998 3.076866214870372e-5
1632.0 3.0741472188092916e-5
1633.0 3.0714257642302015e-5
1633.9999999999998 3.068701840863766e-5
1635.0 3.065975438870941e-5
1636.0 3.0632465488410716e-5
1637.0 3.060515161789571e-5
1638.0 3.0577812691559355e-5
1639.0000000000002 3.055044862801509e-5
1640.0 3.052305935007419e-5
1641.0 3.0495644784723967e-5
1641.9999999999998 3.0468204863106612e-5
1643.0 3.0440739520494646e-5
1644.0 3.0413248696276102e-5
1644.9999999999998 3.0385732333924522e-5
1646.0 3.0358190380981884e-5
1647.0 3.0330622789035528e-5
1648.0 3.0303029513696087e-5
1649.0 3.0275410514574872e-5
1650.0000000000002 3.0247765755261538e-5
1651.0 3.022009520330239e-5
1652.0 3.0192398830176965e-5
1652.9999999999998 3.016467661127451e-5
1654.0 3.0136928525876376e-5
1655.0 3.0109154557124175e-5
1655.9999999999998 3.0081354692006928e-5
1657.0 3.0053528921328033e-5
1658.0 3.002567723969032e-5
1659.0 2.999779964546894e-5
1660.0 2.9969896140787154e-5
1661.0000000000002 2.994196673149472e-5
1662.0 2.9914011427143596e-5
1663.0 2.9886030240963618e-5
1664.0000000000002 2.9858023189839105e-5
1665.0 2.9829990294285267e-5
1666.0 2.980193157842322e-5
1666.9999999999998 2.9773847069955677e-5
1668.0 2.97457368001436e-5
1669.0 2.971760080377985e-5
1670.0 2.9689439119167e-5
1671.0 2.966125178809141e-5
1672.0000000000002 2.9633038855797566e-5
1673.0 2.9604800370963753e-5
1674.0 2.9576536385677946e-5
1675.0000000000002 2.9548246955410483e-5
1676.0 2.9519932138992244e-5
1677.0 2.949159199858455e-5
1677.9999999999998 2.9463226599658138e-5
1679.0 2.9434836010963944e-5
1680.0 2.940642030450985e-5
1681.0 2.937797955553437e-5
1682.0 2.9349513842479508e-5
1683.0000000000002 2.9321023246965448e-5
1684.0 2.929250785376365e-5
1685.0 2.9263967750773107e-5
1686.0000000000002 2.9235403028992528e-5
1687.0 2.9206813782490394e-5
1688.0 2.9178200108385405e-5
1688.9999999999998 2.9149562106813158e-5
1690.0 2.9120899880903882e-5
1691.0 2.9092213536754297e-5
1692.0 2.9063503183400287e-5
1693.0 2.9034768932788305e-5
1694.0000000000002 2.9006010899752814e-5
1695.0 2.8977229201985374e-5
1696.0 2.8948423960007463e-5
1697.0000000000002 2.8919595297146398e-5
1698.0 2.8890743339504136e-5
1699.0 2.8861868215933125e-5
1699.9999999999998 2.883297005800456e-5
1701.0 2.8804048999986435e-5
1702.0 2.877510517881105e-5
1703.0 2.8746138734050814e-5
1704.0 2.8717149807886344e-5
1705.0000000000002 2.8688138545084876e-5
1706.0 2.8659105092965042e-5
1707.0 2.8630049601375848e-5
1708.0000000000002 2.8600972222664277e-5
1709.0 2.8571873111648666e-5
1710.0 2.8542752425590108e-5
1710.9999999999998 2.8513610324166517e-5
1712.0 2.848444696944117e-5
1713.0 2.8455262525837577e-5
1714.0 2.842605716011072e-5
1715.0 2.839683104131516e-5
1716.0 2.8367584340783658e-5
1717.0 2.8338317232093136e-5
1718.0 2.8309029891038425e-5
1719.0000000000002 2.827972249560481e-5
1720.0 2.8250395225938835e-5
1721.0 2.822104826431957e-5
1721.9999999999998 2.8191681795130466e-5
1723.0 2.816229600483176e-5
1724.0 2.8132891081933207e-5
1725.0 2.8103467216962423e-5
1726.0 2.8074024602439005e-5
1727.0 2.8044563432845726e-5
1728.0 2.801508390460075e-5
1729.0 2.798558621602736e-5
1730.0000000000002 2.7956070567328224e-5
1731.0 2.7926537160555297e-5
1732.0 2.789698619958221e-5
1732.9999999999998 2.7867417890075723e-5
1734.0 2.7837832439468348e-5
1735.0 2.7808230056928706e-5
1736.0 2.7778610953335476e-5
1737.0 2.7748975341245454e-5
1738.0 2.7719323434870974e-5
1739.0 2.768965545004648e-5
1740.0 2.7659971604203574e-5
1741.0000000000002 2.7630272116341756e-5
1742.0 2.7600557207000802e-5
1743.0 2.7570827098234393e-5
1743.9999999999998 2.7541082013578094e-5
1745.0 2.751132217802598e-5
1746.0 2.7481547818001e-5
1747.0 2.745175916132511e-5
1748.0 2.7421956437197183e-5
1749.0 2.7392139876158404e-5
1750.0 2.7362309710071133e-5
1751.0 2.733246617208668e-5
1752.0000000000002 2.73026094966191e-5
1753.0 2.727273991932039e-5
1754.0 2.724285767705001e-5
1754.9999999999998 2.7212963007847957e-5
1756.0 2.718305615090963e-5
1757.0 2.7153137346557337e-5
1758.0 2.7123206836212733e-5
1759.0 2.7093264862371527e-5
1760.0 2.7063311668575247e-5
1761.0 2.7033347499383673e-5
1762.0 2.7003372600351752e-5
1763.0000000000002 2.6973387217998596e-5
1764.0 2.6943391599783663e-5
1765.0 2.691338599408006e-5
1765.9999999999998 2.6883370650146273e-5
1767.0 2.685334581810288e-5
1768.0 2.6823311748904354e-5
1769.0 2.6793268694313377e-5
1770.0 2.6763216906875248e-5
1771.0 2.6733156639891904e-5
1772.0 2.6703088147396278e-5
1773.0 2.667301168412582e-5
1774.0000000000002 2.664292750549737e-5
1775.0 2.661283586758433e-5
1776.0 2.658273702708507e-5
1776.9999999999998 2.6552631241304954e-5
1778.0 2.6522518768127137e-5
1779.0 2.649239986598741e-5
1780.0 2.646227479385022e-5
1781.0 2.6432143811186687e-5
1782.0 2.640200717794323e-5
1783.0 2.6371865154524385e-5
1784.0 2.6341718001764154e-5
1785.0000000000002 2.6311565980901858e-5
1786.0 2.6281409353560548e-5
1787.0 2.6251248381719672e-5
1787.9999999999998 2.622108332769438e-5
1789.0 2.6190914454110506e-5
1790.0 2.6160742023879353e-5
1791.0 2.613056630017737e-5
1792.0 2.6100387546419897e-5
1793.0 2.607020602623976e-5
1794.0 2.604002200346316e-5
1795.0 2.6009835742088715e-5
1796.0000000000002 2.5979647506262377e-5
1797.0 2.5949457560255024e-5
1798.0 2.5919266168442674e-5
1798.9999999999998 2.588907359527954e-5
1800.0 2.5858880105280445e-5
1801.0 2.5828685962997017e-5
1802.0 2.5798491432994368e-5
1803.0 2.5768296779830767e-5
1804.0 2.5738102268036958e-5
1805.0 2.570790816209335e-5
1806.0 2.5677714726408606e-5
1807.0000000000002 2.5647522225298497e-5
1808.0 2.5617330922967626e-5
1809.0 2.5587141083483926e-5
1809.9999999999998 2.5556952970762673e-5
1811.0 2.552676684854347e-5
1812.0 2.549658298037014e-5
1813.0 2.5466401629569527e-5
1814.0 2.5436223059235953e-5
1815.0 2.5406047532206202e-5
1816.0 2.5375875311041944e-5
1817.0 2.5345706658010684e-5
1818.0000000000002 2.5315541835067523e-5
1819.0 2.528538110383237e-5
1820.0 2.5255224725574644e-5
1820.9999999999998 2.5225072961192507e-5
1822.0 2.519492607119448e-5
1823.0 2.5164784315682393e-5
1824.0 2.5134647954331693e-5
1825.0 2.5104517246373315e-5
1826.0 2.5074392450575574e-5
1827.0 2.504427382522803e-5
1828.0 2.5014161628123047e-5
1829.0000000000002 2.4984056116537927e-5
1830.0 2.495395754721663e-5
1831.0 2.492386617635703e-5
1831.9999999999998 2.489378225958948e-5
1833.0 2.4863706051961128e-5
1834.0 2.483363780792215e-5
1835.0 2.4803577781305824e-5
1836.0 2.4773526225315653e-5
1837.0 2.4743483392506124e-5
1838.0 2.4713449534769725e-5
1839.0 2.468342490332048e-5
1840.0000000000002 2.4653409748678417e-5
1841.0 2.4623404320654574e-5
1842.0 2.4593408868335063e-5
1842.9999999999998 2.456342364006707e-5
1844.0 2.4533448883445287e-5
1845.0 2.450348484529653e-5
1846.0 2.447353177166373e-5
1847.0 2.444358990779355e-5
1848.0 2.4413659498125762e-5
1849.0 2.4383740786271233e-5
1850.0 2.4353834015007046e-5
1851.0000000000002 2.432393942625874e-5
1852.0 2.4294057261086933e-5
1853.0 2.4264187759676405e-5
1853.9999999999998 2.423433116132245e-5
1855.0 2.420448770441799e-5
1856.0 2.4174657626441715e-5
1857.0 2.41448411639448e-5
1858.0 2.4115038552541688e-5
1859.0 2.4085250026894168e-5
1860.0 2.405547582070366e-5
1861.0 2.4025716166697148e-5
1862.0000000000002 2.3995971296617527e-5
1863.0 2.396624144121175e-5
1864.0 2.393652683021906e-5
1864.9999999999998 2.390682769236346e-5
1866.0 2.387714425534008e-5
1867.0 2.3847476745805672e-5
1868.0 2.3817825389370284e-5
1869.0 2.3788190410583266e-5
1870.0 2.37585720329281e-5
1871.0 2.3728970478810992e-5
1872.0 2.369938596955138e-5
1873.0000000000002 2.3669818725371038e-5
1874.0 2.3640268965388658e-5
1875.0 2.3610736907609033e-5
1875.9999999999998 2.3581222768913854e-5
1877.0 2.355172676505468e-5
1878.0 2.3522249110643544e-5
1878.9999999999998 2.3492790019146047e-5
1880.0 2.346334970287261e-5
1881.0 2.3433928372970666e-5
1882.0 2.3404526239416272e-5
1883.0 2.3375143511010972e-5
1884.0000000000002 2.3345780395369065e-5
1885.0 2.3316437098913245e-5
1886.0 2.3287113826869306e-5
1886.9999999999998 2.3257810783256215e-5
1888.0 2.3228528170881724e-5
1889.0 2.3199266191335795e-5
1889.9999999999998 2.317002504498391e-5
1891.0 2.3140804930963214e-5
1892.0 2.31116060471728e-5
1893.0 2.3082428590272146e-5
1894.0 2.3053272755672687e-5
1895.0000000000002 2.3024138737535747e-5
1896.0 2.2995026728762737e-5
1897.0 2.296593692099627e-5
1897.9999999999998 2.2936869504610137e-5
1899.0 2.2907824668706982e-5
1900.0 2.2878802601115505e-5
1900.9999999999998 2.2849803488381004e-5
1902.0 2.2820827515768893e-5
1903.0 2.2791874867253226e-5
1904.0 2.2762945725518263e-5
1905.0 2.2734040271952998e-5
1906.0000000000002 2.270515868664629e-5
1907.0 2.2676301148386262e-5
1908.0 2.2647467834655457e-5
1908.9999999999998 2.2618658921627916e-5
1910.0 2.2589874584167068e-5
1911.0 2.2561114995823488e-5
1911.9999999999998 2.2532380328831184e-5
1913.0 2.2503670754104448e-5
1914.0 2.2474986441239008e-5
1915.0 2.244632755850618e-5
1916.0 2.2417694272854463e-5
1917.0000000000002 2.2389086749904357e-5
1918.0 2.2360505153948947e-5
1919.0 2.2331949647951683e-5
1919.9999999999998 2.2303420393546197e-5
1921.0 2.2274917551032316e-5
1922.0 2.2246441279379116e-5
1922.9999999999998 2.2217991736219098e-5
1924.0 2.218956907785228e-5
1925.0 2.2161173459242687e-5
1926.0 2.2132805034017442e-5
1927.0 2.2104463954469275e-5
1928.0000000000002 2.2076150371552592e-5
1929.0 2.2047864434886726e-5
1930.0 2.2019606292753067e-5
1931.0000000000002 2.1991376092098196e-5
1932.0 2.1963173978530848e-5
1933.0 2.193500009632547e-5
1933.9999999999998 2.190685458841959e-5
1935.0 2.1878737596417944e-5
1936.0 2.1850649260590917e-5
1937.0 2.1822589719875104e-5
1938.0 2.1794559111876736e-5
1939.0000000000002 2.1766557572868784e-5
1940.0 2.1738585237797223e-5
1941.0 2.1710642240278622e-5
1942.0000000000002 2.168272871260265e-5
1943.0 2.1654844785734137e-5
1944.0 2.1626990589313975e-5
1944.9999999999998 2.1599166251662137e-5
1946.0 2.1571371899777237e-5
1947.0 2.1543607659341584e-5
1948.0 2.1515873654720972e-5
1949.0 2.14881700089679e-5
1950.0000000000002 2.1460496843822846e-5
1951.0 2.1432854279719655e-5
1952.0 2.140524243578249e-5
1953.0000000000002 2.137766142983442e-5
1954.0 2.1350111378396822e-5
1955.0 2.132259239669188e-5
1955.9999999999998 2.1295104598647728e-5
1957.0 2.1267648096899465e-5
1958.0 2.1240223002792386e-5
1959.0 2.121282942638601e-5
1960.0 2.1185467476456835e-5
1961.0000000000002 2.115813726050261e-5
1962.0 2.1130838884742825e-5
1963.0 2.1103572454126004e-5
1964.0000000000002 2.1076338072330133e-5
1965.0 2.1049135841768753e-5
1966.0 2.102196586359283e-5
1966.9999999999998 2.0994828237695654e-5
1968.0 2.096772306271572e-5
1969.0 2.094065043604251e-5
1970.0 2.0913610453817637e-5
1971.0 2.0886603210942096e-5
1972.0 2.0859628801078167e-5
1973.0 2.08326873166543e-5
1974.0 2.080577884887033e-5
1975.0000000000002 2.077890348769982e-5
1976.0 2.0752061321895994e-5
1977.0 2.072525243899707e-5
1977.9999999999998 2.0698476925328685e-5
1979.0 2.067173486600906e-5
1980.0 2.064502634495499e-5
1981.0 2.0618351444885118e-5
1982.0 2.059171024732529e-5
1983.0 2.0565102832614084e-5
1984.0 2.053852927990604e-5
1985.0 2.0511989667178118e-5
1986.0000000000002 2.048548407123358e-5
1987.0 2.0459012567709123e-5
1988.0 2.0432575231076293e-5
1988.9999999999998 2.0406172134649888e-5
1990.0 2.03798033505933e-5
1991.0 2.0353468949919573e-5
1992.0 2.0327169002502148e-5
1993.0 2.0300903577076427e-5
1994.0 2.0274672741247166e-5
1995.0 2.0248476561492613e-5
1996.0 2.0222315103169584e-5
1997.0000000000002 2.0196188430521503e-5
1998.0 2.017009660668118e-5
1999.0 2.014403969367697e-5
1999.9999999999998 2.0118017752440214e-5
