0.0 0.0003101259958790823
1.0 0.0003101324957258023
2.0 0.00031015199697249316
3.0 0.00031018450476235797
4.0 0.00031023002764316704
5.0 0.0003102885776042936
6.0 0.0003103601700851297
7.0 0.00031044482395636635
8.0 0.00031054256156095683
9.0 0.0003106534087148529
10.0 0.0003107773947398565
10.999999999999998 0.0003109145524514138
12.0 0.00031106491821199917
13.000000000000002 0.00031122853195496476
14.0 0.00031140543718104105
14.999999999999998 0.00031159568102018416
16.0 0.0003117993142443771
17.0 0.0003120163913212247
18.0 0.00031224697041709387
19.0 0.000312491113470017
20.0 0.00031274888622864235
21.0 0.00031302035827378505
21.999999999999996 0.0003133056030866185
23.0 0.0003136046980923235
24.0 0.00031391772472279364
25.0 0.0003142447684610909
26.000000000000004 0.00031458591890849615
27.0 0.0003149412698407288
28.0 0.00031531091928061193
29.0 0.00031569496957075337
29.999999999999996 0.0003160935274357359
31.0 0.00031650670407238366
32.0 0.0003169346152194975
33.0 0.0003173773812418334
34.0 0.0003178351272223095
35.0 0.0003183079830660961
36.0 0.00031879608354521587
37.0 0.0003192995684862849
38.0 0.00031981858278903424
39.0 0.0003203532765877158
40.0 0.0003209038053454049
41.0 0.0003214703299712088
42.0 0.00032205301696378356
43.0 0.0003226520385098766
43.99999999999999 0.0003232675726470348
45.0 0.00032389980337718243
46.0 0.00032454892084150404
47.0 0.0003252151214517981
48.0 0.0003258986080466988
49.0 0.0003265995900796725
50.0 0.0003273182837643568
51.0 0.00032805491226095237
52.00000000000001 0.00032880970588884033
53.0 0.0003295829022656001
54.0 0.00033037474655458067
55.0 0.0003311854916766397
56.0 0.0003320153984807816
57.0 0.0003328647360373667
58.0 0.00033373378181234345
59.0 0.0003346228219727305
59.99999999999999 0.0003355321516047479
61.0 0.000336462074992948
62.0 0.0003374129058949272
63.0 0.0003383849678504634
64.0 0.000339378594475848
65.0 0.00034039412976661216
66.0 0.00034143192843949223
67.0 0.00034249235628936386
68.0 0.0003435757905285825
69.0 0.0003446826201579862
70.0 0.000345813246393473
71.0 0.00034696808302941523
72.0 0.0003481475568856877
73.0 0.00034935210826476
74.0 0.00035058219137789503
75.0 0.0003518382748644783
76.0 0.00035312084230743887
77.0 0.00035443039271220534
78.0 0.0003557674410998737
79.0 0.0003571325191031821
80.0 0.000358526175511157
81.0 0.0003599489769518912
82.0 0.00036140150854355776
83.00000000000001 0.0003628843745778894
84.0 0.0003643981992650911
85.0 0.0003659436274755752
86.0 0.0003675213255398097
87.0 0.0003691319821200525
87.99999999999999 0.00037077630901814627
89.0 0.00037245504214992314
90.0 0.0003741689425203297
91.0 0.0003759187971593959
92.0 0.0003777054202705933
92.99999999999999 0.0003795296543175975
94.0 0.00038139237116257494
95.0 0.00038329447335962435
96.0 0.0003852368954093207
97.0 0.0003872206051277906
98.0 0.00038924660510954216
99.00000000000001 0.00039131593422068865
100.0 0.00039342966918058534
101.0 0.0003955889262801783
102.0 0.00039779486309178764
103.0 0.0004000486803880524
104.00000000000001 0.0004023516241198617
105.0 0.0004047049874330339
106.0 0.0004071101129150992
107.0 0.000409568394943868
108.0 0.0004120812820595047
108.99999999999999 0.00041465027962789
110.0 0.0004172769525875005
111.0 0.0004199629283134942
112.0 0.00042270989975793467
113.0 0.00042551962870048855
114.0 0.00042839394918156576
115.00000000000001 0.0004313347712589037
116.0 0.0004343440848530578
117.0 0.00043742396392666905
118.0 0.0004405765708910196
119.0 0.00044380416133059554
119.99999999999999 0.00044710908900373586
121.0 0.00045049381113804974
122.0 0.0004539608941355354
123.0 0.00045751301966864616
124.0 0.0004611529910845439
124.99999999999999 0.0004648837403937949
126.0 0.00046870833558270743
127.0 0.00047262998855912347
128.0 0.00047665206366963227
129.0 0.0004807780866464379
130.0 0.00048501175442954605
131.0 0.00048935694559674
132.0 0.0004938177315124183
133.0 0.0004983983884545574
134.0 0.0005031034105539329
135.0 0.0005079375237090904
136.0 0.0005129057007434653
137.0 0.00051801317755677
138.0 0.0005232654707131308
139.0 0.0005286683963470388
140.0 0.0005342280907776705
141.0 0.0005399510326735982
142.0 0.0005458440671446859
143.0 0.0005519144319960515
144.0 0.0005581697860264586
145.0 0.0005646182402005913
146.0 0.0005712683911630453
147.0 0.0005781293581539538
148.0 0.0005852108231256875
149.0 0.0005925230747306973
150.0 0.0006000770563650009
151.0 0.0006078844190681166
152.0 0.0006159575793263696
153.0 0.000624309782954531
154.0 0.000632955175195992
155.0 0.0006419088782537966
156.0 0.0006511870768288732
157.0 0.0006608071128841143
158.0 0.0006707875907730281
159.0 0.0006811484938441633
160.0 0.0006919113144309459
161.0 0.0007030991985509011
162.0 0.0007147371078001273
163.0 0.000726852000631984
164.0 0.0007394730353681637
164.99999999999997 0.0007526317991153965
166.00000000000003 0.0007663625651944491
167.0 0.0007807025845663222
168.0 0.0007956924153293789
169.0 0.0008113762976145387
170.0 0.0008278025801352175
171.0 0.000845024207268839
172.0 0.000863099277557923
173.0 0.0008820916848666264
174.0 0.0009020718582449645
174.99999999999997 0.0009231176171633661
175.99999999999997 0.0009453151650717335
177.00000000000003 0.0009687602472879636
178.0 0.0009935595052035513
179.0 0.0010198320685089078
180.0 0.0010477114333469493
181.0 0.0010773476902095072
182.0 0.0011089101774502663
183.0 0.0011425906610232225
184.0 0.0011786071633064347
185.0 0.0012172086018409501
185.99999999999997 0.0012586804454399914
187.00000000000003 0.0013033516547084599
188.0 0.001351603262141361
189.0 0.001403879057394177
190.0 0.001460699006429617
191.0 0.0015226762516567303
192.0 0.0015905388519417702
193.0 0.0016651578754665246
194.0 0.0017475841018511514
195.0 0.0018390965600640708
196.0 0.0019412675635964516
196.99999999999997 0.0020560511224652265
198.00000000000003 0.0021859050397945944
199.0 0.0023339624853719342
200.0 0.0025042777609156353
201.0 0.0027021858607705687
202.0 0.0029348409682119227
203.0 0.0032120439744210906
204.0 0.00354755045378332
205.0 0.003961201247910579
206.0 0.0044825006619341225
206.99999999999997 0.0051567874704371965
208.00000000000003 0.006055977300964739
209.00000000000003 0.00729628677373979
210.0 0.00905840317065902
211.0 0.011544262505980117
212.0 0.014490006673684545
213.0 0.01582487839677541
214.0 0.013837171514057141
215.0 0.010859651467157679
216.0 0.00851553377937795
217.0 0.006870887422008635
217.99999999999997 0.005709012709487321
219.00000000000003 0.004861382008132188
220.0 0.0042218772641191915
221.0 0.0037248476145676753
222.0 0.003328696593111261
223.0 0.0030061893108693128
224.0 0.0027389012641049785
225.0 0.0025139887375210737
226.0 0.002322255673969801
227.0 0.00215696021984758
228.0 0.0020130555329633164
228.99999999999997 0.0018866932306207936
230.00000000000003 0.0017748902861000964
231.0 0.0016753003821800665
232.0 0.0015860536681213946
233.0 0.0015056423279782081
234.0 0.0014328374562353207
235.0 0.0013666277302131064
236.0 0.0013061735211618963
237.0 0.00125077210800711
238.0 0.0011998309937406998
238.99999999999997 0.0011528472115785793
239.99999999999997 0.0011093911132956968
241.00000000000003 0.001069093550150539
242.0 0.0010316356483650638
243.0 0.000996740587688105
244.0 0.0009641669411508588
245.0 0.0009337032411110228
246.0 0.0009051635175221798
247.0 0.0008783836109590149
248.0 0.0008532181087046077
249.0 0.00082953778497385
249.99999999999997 0.0008072274508404009
251.00000000000003 0.0007861841399941425
252.0 0.0007663155710990974
253.0 0.0007475388381435548
254.0 0.0007297792918349364
255.0 0.0007129695792673362
256.0 0.0006970488172208194
257.0 0.0006819618779446852
258.0 0.0006676587702859937
259.0 0.000654094101532101
260.0 0.0006412266085815454
261.0 0.0006290187481686111
262.0 0.0006174363379930753
263.0 0.0006064482418449938
264.0 0.0005960260927326926
265.0 0.0005861440489752927
266.0 0.0005767785793386917
267.0 0.0005679082732407082
268.0 0.0005595136731822325
269.0 0.0005515771269244431
270.0 0.0005440826567874687
271.0 0.0005370158445251329
272.0 0.000530363730063942
273.0 0.0005241147225185245
274.0 0.0005182585225709859
275.0 0.000512786055043931
276.0 0.0005076894108455013
277.0 0.0005029617976261272
278.0 0.0004985974985289268
279.0 0.0004945918385684312
280.0 0.0004909411583632204
281.0 0.0004876427947950794
282.0 0.00048469506863283736
283.0 0.00048209727892978136
284.0 0.00047984970429623447
285.0 0.00047795361105277547
286.0 0.0004764112686876149
287.0 0.000475225972737353
288.0 0.0004744020756830267
289.0 0.00047394502635705226
290.0 0.00047386141856757725
291.0 0.00047415904983994216
292.0 0.0004748469912710203
293.0 0.0004759356697435444
294.0 0.0004774369639925537
295.0 0.0004793643162496878
296.0 0.0004817328615404601
297.0 0.0004845595770827025
298.0 0.0004878634546897696
299.0 0.0004916656996016489
300.0 0.0004959899598285183
301.0 0.0005008625908775376
302.0 0.0005063129616169413
303.0 0.0005123738082791002
304.0 0.0005190816448393656
305.0 0.0005264772398936706
306.0 0.0005346061721094383
307.0 0.0005435194789549924
308.0 0.0005532744167195864
309.0 0.0005639353536955722
310.0 0.0005755748235294941
311.0 0.0005882747720123344
312.0 0.0006021280385302601
313.0 0.0006172401235064029
314.0 0.0006337313060114125
315.0 0.0006517391920173533
316.0 0.0006714217948512437
317.0 0.000692961276115084
318.0 0.0007165685100441201
319.0 0.0007424886781919819
320.0 0.0007710081579192063
321.0 0.0008024630394258224
322.0 0.0008372496944991657
323.0 0.0008758379272435774
324.0 0.0009187873579408452
325.0 0.0009667678120970227
326.0 0.0010205845668880293
327.0 0.0010812092519461099
328.0 0.0011498167993936232
329.0 0.0012278276259595556
329.99999999999994 0.0013169512345882158
331.0 0.0014192205851439714
332.00000000000006 0.0015369917291760578
333.0 0.0016728521494638856
334.0 0.001829319507088944
335.0 0.002008100271599471
336.0 0.0022085115785998024
337.0 0.002424559949800607
338.0 0.002640607334798474
339.0 0.0028276571294121615
340.0 0.0029463756886921873
340.99999999999994 0.002963195579967138
342.0 0.0028719474573934587
343.00000000000006 0.002698600112841109
344.0 0.0024832120305382085
345.0 0.002259677781248689
346.0 0.002048255520222748
347.0 0.0018577995522409037
348.0 0.00169036249655606
349.0 0.0015447273328796384
349.99999999999994 0.0014184361250178077
351.0 0.001308783558234756
351.99999999999994 0.0012132409382972522
353.0 0.0011296014381877062
354.00000000000006 0.0010560006399625232
355.0 0.0009908873597237393
356.0 0.0009329790958274408
357.0 0.0008812167707416032
358.0 0.0008347243107034633
359.0 0.00079277455339611
360.0 0.0007547612982377137
360.99999999999994 0.0007201767157500283
362.0 0.0006885932067681166
363.00000000000006 0.0006596488635227345
364.0 0.0006330358080248366
365.0 0.0006084908155350654
366.0 0.0005857877485352254
367.0 0.0005647314264984798
368.0 0.0005451526360940758
369.0 0.0005269040508341248
370.0 0.0005098568783150164
371.0 0.0004938980920434565
371.99999999999994 0.0004789281352283924
373.0 0.0004648590072491032
374.00000000000006 0.00045161266187455673
375.0 0.00043911966049681254
376.0 0.0004273180350838627
377.0 0.0004161523243331577
378.0 0.00040557275327093346
379.0 0.00039553453245084623
380.0 0.00038599725708769744
381.0 0.00037692439008165334
382.0 0.0003682828157131084
382.99999999999994 0.0003600424531162003
384.0 0.00035217592046678865
385.00000000000006 0.0003446582423749913
386.0 0.0003374665941449564
387.0 0.00033058007776807407
388.0 0.0003239795249707481
389.0 0.0003176473238227574
390.0 0.0003115672655706463
391.0 0.000305724409066764
392.0 0.000300104960503924
393.0 0.00029469616645616417
393.99999999999994 0.00028948621858798787
395.0 0.0002844641685471181
396.00000000000006 0.00027961985183754147
397.0 0.00027494381956470146
398.0 0.0002704272771377755
399.0 0.0002660620291239027
400.0 0.00026184042953693705
401.0 0.0002577553369673977
402.0 0.00025380007398839824
403.0 0.00024996839041524293
404.0 0.0002462544299409028
404.99999999999994 0.0002426526998801997
406.0 0.0002391580435698404
407.00000000000006 0.00023576561529676813
408.0 0.00023247085735949658
409.0 0.00022926947917524846
410.0 0.00022615743811705202
411.0 0.0002231309219830343
412.0 0.00022018633294726054
413.0 0.00021732027277124747
413.99999999999994 0.00021452952926966692
415.0 0.00021181106380755647
416.00000000000006 0.00020916199982230727
417.0 0.0002065796122148647
418.00000000000006 0.00020406131757473754
419.0 0.0002016046651267719
420.0 0.00019920732837580104
421.0 0.0001968670973692287
422.0 0.00019458187151940272
423.0 0.00019234965294626067
424.0 0.0001901685403070082
424.99999999999994 0.0001880367230568493
426.0 0.0001859524761025147
427.00000000000006 0.0001839141548468829
428.0 0.00018192019055613567
429.0 0.0001799690860433075
430.0 0.00017805941165593362
431.0 0.00017618980149878557
432.0 0.00017435894994677085
433.0 0.00017256560834022502
434.0 0.00017080858193729
435.0 0.00016908672701159439
435.99999999999994 0.00016739894818056745
437.0 0.00016574419586519196
438.00000000000006 0.00016412146392508323
439.0 0.00016252978743136264
440.0 0.0001609682405747245
441.0 0.00015943593470348248
442.0 0.00015793201647328585
443.0 0.00015645566610277892
444.0 0.0001550060957459963
445.0 0.00015358254793952124
446.0 0.00015218429414611562
446.99999999999994 0.00015081063339348626
448.0 0.0001494608909656359
449.00000000000006 0.0001481344171839823
450.0 0.00014683058625697922
451.0 0.00014554879517816407
452.0 0.0001442884626995176
453.0 0.00014304902835249905
454.0 0.0001418299515194326
455.0 0.00014063071055850455
456.0 0.00013945080197528197
457.0 0.00013828973963026984
457.99999999999994 0.00013714705399941936
459.0 0.00013602229145384526
460.00000000000006 0.00013491501360028053
461.0 0.00013382479662913044
462.0 0.00013275123072168678
463.0 0.0001316939194562353
464.0 0.00013065247927481112
465.0 0.00012962653895031453
466.0 0.00012861573909551754
467.0 0.0001276197316888614
468.0 0.00012663817962202937
468.99999999999994 0.00012567075627179062
470.0 0.00012471714509388064
471.00000000000006 0.00012377703922683992
472.0 0.00012285014112518828
473.0 0.000121936162201758
474.0 0.0001210348224914944
475.0 0.00012014585032337041
476.0 0.00011926898201406135
477.0 0.0001184039615750064
477.99999999999994 0.00011755054042300874
479.0 0.00011670847711900286
479.99999999999994 0.00011587753710379762
481.0 0.00011505749245083635
482.00000000000006 0.00011424812163484203
483.0 0.00011344920930147992
484.0 0.00011266054604879849
485.0 0.00011188192822601857
486.0 0.00011111315772778132
487.0 0.00011035404180825324
488.0 0.0001096043928933201
488.99999999999994 0.00010886402841226333
490.0 0.00010813277062136648
491.00000000000006 0.00010741044644907842
492.0 0.00010669688733593832
493.0 0.00010599192908869081
494.0 0.00010529541173681984
495.0 0.00010460717939539877
496.0 0.00010392708013150765
497.0 0.00010325496583826623
498.0 0.00010259069211409776
499.0 0.0001019341181434373
499.99999999999994 0.0001012851065843162
501.0 0.00010064352346116124
502.00000000000006 0.0001000092380588338
503.0 9.938212282171647e-5
504.0 9.876205325835941e-5
505.0 9.814890784761418e-5
506.0 9.754256794645653e-5
507.0 9.694291770871758e-5
508.0 9.634984399434258e-5
509.0 9.576323629592286e-5
510.0 9.518298665642018e-5
510.99999999999994 9.460898959562746e-5
512.0 9.404114203912119e-5
513.0 9.34793432476334e-5
514.0 9.292349474876903e-5
515.0 9.237350027439606e-5
516.0 9.182926569512178e-5
517.0 9.129069896314e-5
518.0 9.075771005185276e-5
519.0 9.02302108973608e-5
520.0 8.97081153489506e-5
521.0 8.919133911193758e-5
522.0 8.86797996988018e-5
523.0 8.817341637836255e-5
524.0 8.767211013103129e-5
525.0 8.717580359916405e-5
526.0 8.66844210440113e-5
527.0 8.619788830367525e-5
528.0 8.571613274934089e-5
529.0 8.523908324668881e-5
530.0 8.476667011433844e-5
531.0 8.429882508898119e-5
532.0 8.383548128685707e-5
533.0 8.337657316697838e-5
534.0 8.292203650039044e-5
535.0 8.247180833289571e-5
536.0 8.202582695553739e-5
537.0 8.1584031870615e-5
538.0 8.114636376463994e-5
539.0 8.071276447570932e-5
540.0 8.028317696593636e-5
541.0 7.985754529525274e-5
542.0 7.943581459199634e-5
543.0 7.901793102876345e-5
544.0 7.86038417955704e-5
545.0 7.819349507700046e-5
546.0 7.778684002715151e-5
547.0 7.738382674566332e-5
548.0 7.698440625765918e-5
549.0 7.658853048971127e-5
550.0 7.619615224986865e-5
551.0 7.580722520535832e-5
552.0 7.542170386624477e-5
553.0 7.50395435603018e-5
554.0 7.466070041962332e-5
555.0 7.428513135938534e-5
556.0 7.391279405982807e-5
557.0 7.354364695038813e-5
558.0 7.317764919111777e-5
559.0 7.281476065721393e-5
560.0 7.245494192329765e-5
561.0 7.209815424737784e-5
562.0 7.174435955483618e-5
563.0 7.13935204264341e-5
564.0 7.10456000800691e-5
565.0 7.070056236062874e-5
566.0 7.035837172375192e-5
567.0 7.001899322370027e-5
568.0 6.968239250079062e-5
569.0 6.934853576798429e-5
570.0 6.901738979912514e-5
571.0 6.868892191708268e-5
572.0 6.836309998240431e-5
573.0 6.803989238116745e-5
574.0 6.771926801495713e-5
575.0 6.740119628974093e-5
576.0 6.708564710496485e-5
577.0 6.677259084401758e-5
578.0 6.646199836421041e-5
579.0 6.615384098724527e-5
580.0 6.584809048862359e-5
581.0 6.554471909038983e-5
582.0 6.524369944966668e-5
583.0 6.494500465279233e-5
584.0 6.464860820433975e-5
585.0 6.435448402011712e-5
586.0 6.40626064180415e-5
587.0 6.377295011214326e-5
588.0 6.34854902014794e-5
589.0 6.320020216604738e-5
590.0 6.29170618577271e-5
591.0 6.263604549290626e-5
592.0 6.23571296454329e-5
593.0 6.208029124084463e-5
594.0 6.180550754839208e-5
595.0 6.153275617521968e-5
596.0 6.126201505997194e-5
597.0 6.099326246556117e-5
598.0 6.07264769744123e-5
599.0 6.046163748156422e-5
600.0 6.019872318968126e-5
601.0 5.993771360195815e-5
602.0 5.967858851831447e-5
603.0 5.942132802789577e-5
604.0 5.9165912506121466e-5
605.0 5.891232260739452e-5
606.0 5.866053926136572e-5
607.0 5.8410543666931676e-5
608.0 5.81623172883301e-5
609.0 5.79158418495572e-5
610.0 5.767109933068408e-5
611.0 5.742807196177007e-5
612.0 5.71867422205758e-5
613.0 5.6947092825665064e-5
614.0 5.670910673437385e-5
615.0 5.647276713723233e-5
616.0 5.623805745444651e-5
617.0 5.600496133214935e-5
618.0 5.577346263764909e-5
619.0 5.554354545622928e-5
620.0 5.531519408764175e-5
621.0 5.508839304140418e-5
622.0 5.486312703469663e-5
623.0 5.46393809871001e-5
624.0 5.44171400188141e-5
625.0 5.419638944585975e-5
626.0 5.397711477843212e-5
627.0 5.37593017154391e-5
628.0 5.3542936143640474e-5
629.0 5.332800413283953e-5
630.0 5.311449193362061e-5
631.0 5.290238597445086e-5
632.0 5.269167285803473e-5
633.0 5.2482339359476606e-5
634.0 5.2274372422677524e-5
635.0 5.2067759157764004e-5
636.0 5.186248683859736e-5
637.0 5.165854289989746e-5
638.0 5.145591493516564e-5
639.0 5.125459069321e-5
640.0 5.1054558076412905e-5
641.0 5.0855805138108264e-5
642.0 5.06583200801859e-5
643.0 5.0462091250603684e-5
644.0 5.0267107141271846e-5
645.0 5.0073356385403244e-5
646.0 4.9880827756183506e-5
647.0 4.968951016351391e-5
648.0 4.949939265272008e-5
649.0 4.9310464401881724e-5
650.0 4.9122714720047585e-5
651.0 4.893613304533563e-5
652.0 4.875070894296742e-5
653.0000000000001 4.8566432102767374e-5
654.0 4.838329233790973e-5
655.0 4.820127958303698e-5
656.0 4.802038389170688e-5
657.0 4.78405954355906e-5
658.0 4.766190450219642e-5
659.0 4.7484301492710674e-5
659.9999999999999 4.730777692107596e-5
661.0 4.713232141192327e-5
662.0 4.695792569900209e-5
663.0 4.6784580623772516e-5
664.0000000000001 4.661227713317481e-5
665.0 4.6441006279055975e-5
666.0 4.627075921543143e-5
667.0 4.610152719829537e-5
668.0 4.593330158319767e-5
669.0 4.5766073824285927e-5
670.0 4.55998354724625e-5
670.9999999999999 4.543457817444446e-5
672.0 4.527029367108137e-5
673.0 4.5106973796314816e-5
674.0 4.494461047538752e-5
675.0000000000001 4.478319572393183e-5
676.0 4.462272164671474e-5
677.0 4.44631804359597e-5
678.0 4.430456437061725e-5
679.0 4.41468658147933e-5
680.0 4.39900772168526e-5
681.0 4.3834191107913675e-5
681.9999999999999 4.3679200100938884e-5
683.0 4.352509688960667e-5
684.0 4.337187424681911e-5
685.0 4.3219525024570634e-5
686.0000000000001 4.306804215131464e-5
687.0 4.291741863259617e-5
688.0 4.276764754876652e-5
688.9999999999999 4.261872205451229e-5
690.0 4.247063537781675e-5
691.0 4.232338081891317e-5
692.0 4.217695174917757e-5
692.9999999999999 4.203134161042801e-5
694.0 4.1886543913736335e-5
695.0 4.1742552238610934e-5
696.0 4.159936023215167e-5
697.0000000000001 4.145696160807566e-5
698.0 4.131535014590135e-5
699.0 4.117451968997011e-5
699.9999999999999 4.103446414864681e-5
701.0 4.089517749330332e-5
702.0 4.075665375810907e-5
703.0 4.06188870384992e-5
703.9999999999999 4.048187149047119e-5
705.0 4.034560133032475e-5
706.0 4.021007083341546e-5
707.0 4.007527433347877e-5
708.0000000000001 3.9941206221851115e-5
709.0 3.9807860947026155e-5
710.0 3.9675233013550324e-5
710.9999999999999 3.954331698131178e-5
712.0 3.941210746521871e-5
713.0 3.92815991341612e-5
714.0 3.915178671041059e-5
715.0000000000001 3.902266496888795e-5
716.0 3.889422873681035e-5
717.0 3.8766472892645494e-5
718.0 3.8639392365497915e-5
719.0000000000001 3.8512982134834804e-5
720.0 3.8387237229542275e-5
721.0 3.826215272740026e-5
721.9999999999999 3.813772375432349e-5
723.0 3.80139454842674e-5
724.0 3.789081313808857e-5
725.0 3.776832198298966e-5
726.0000000000001 3.764646733244536e-5
727.0 3.752524454521017e-5
728.0 3.7404649024861466e-5
729.0 3.728467621925463e-5
730.0 3.716532162003394e-5
731.0 3.704658076207405e-5
732.0 3.692844922301817e-5
732.9999999999999 3.681092262268802e-5
734.0 3.669399662264642e-5
735.0 3.657766692534164e-5
736.0 3.646192927442279e-5
737.0000000000001 3.634677945339274e-5
738.0 3.623221328566161e-5
739.0 3.6118226633882575e-5
740.0 3.6004815399379096e-5
741.0 3.58919755222575e-5
742.0 3.5779702979932835e-5
743.0 3.56679937877554e-5
743.9999999999999 3.5556843997872286e-5
745.0 3.5446249699082184e-5
746.0 3.533620701640664e-5
747.0 3.5226712110456646e-5
748.0000000000001 3.5117761177359895e-5
749.0 3.500935044803821e-5
750.0 3.490147618807291e-5
751.0 3.479413469703321e-5
752.0 3.468732230829664e-5
753.0 3.458103538865829e-5
754.0 3.447527033776493e-5
754.9999999999999 3.437002358792728e-5
756.0 3.426529160375886e-5
757.0 3.4161070881490544e-5
758.0 3.4057357949204256e-5
759.0000000000001 3.3954149365953234e-5
760.0 3.3851441721459565e-5
761.0 3.374923163625696e-5
762.0 3.364751576064707e-5
763.0 3.354629077499762e-5
764.0 3.3445553388881e-5
765.0 3.334530034113159e-5
765.9999999999999 3.3245528399370914e-5
767.0 3.3146234359759746e-5
768.0 3.304741504648266e-5
769.0 3.294906731183501e-5
770.0000000000001 3.285118803536987e-5
771.0 3.275377412416445e-5
772.0 3.265682251205736e-5
773.0 3.2560330159661946e-5
774.0 3.246429405401306e-5
775.0 3.2368711208128386e-5
776.0 3.227357866083164e-5
776.9999999999999 3.2178893476593915e-5
778.0 3.208465274512557e-5
779.0 3.1990853581032886e-5
780.0 3.1897493123733724e-5
781.0000000000001 3.180456853697735e-5
782.0 3.1712077008883534e-5
783.0 3.162001575142058e-5
784.0 3.1528382000252225e-5
785.0 3.143717301445802e-5
786.0 3.1346386076322944e-5
787.0 3.125601849109667e-5
787.9999999999999 3.116606758673413e-5
789.0 3.1076530713600465e-5
790.0 3.0987405244371615e-5
791.0 3.08986885736396e-5
792.0000000000001 3.081037811788365e-5
793.0 3.072247131500159e-5
794.0 3.0634965624271954e-5
795.0 3.054785852612983e-5
796.0 3.0461147521806103e-5
797.0 3.0374830133175705e-5
798.0 3.028890390275003e-5
798.9999999999999 3.0203366393084386e-5
800.0 3.0118215186841638e-5
801.0 3.003344788655676e-5
802.0 2.994906211442687e-5
803.0000000000001 2.9865055512018714e-5
804.0 2.9781425740098057e-5
805.0 2.9698170478598e-5
806.0 2.9615287426282228e-5
807.0 2.9532774300466407e-5
808.0 2.9450628837029243e-5
809.0 2.9368848790199957e-5
809.9999999999999 2.9287431932144026e-5
811.0 2.920637605310667e-5
812.0 2.9125678961030915e-5
813.0 2.904533848142263e-5
814.0000000000001 2.8965352457182697e-5
815.0 2.8885718748483635e-5
816.0 2.880643523252445e-5
816.9999999999999 2.8727499803379888e-5
818.0 2.8648910371884886e-5
819.0 2.8570664865381506e-5
820.0 2.8492761227712485e-5
820.9999999999999 2.8415197418852196e-5
822.0 2.8337971414929863e-5
823.0 2.8261081207875107e-5
824.0 2.8184524805598562e-5
825.0000000000001 2.8108300231430956e-5
826.0 2.8032405524341404e-5
827.0 2.7956838738455257e-5
827.9999999999999 2.7881597943136542e-5
829.0 2.7806681222793898e-5
830.0 2.77320866767533e-5
831.0 2.7657812419016097e-5
832.0000000000001 2.758385657817238e-5
833.0 2.7510217297354914e-5
834.0 2.743689273390627e-5
835.0 2.7363881059567245e-5
836.0000000000001 2.729118045983753e-5
837.0 2.721878913442506e-5
838.0 2.714670529661874e-5
838.9999999999999 2.7074927173501853e-5
840.0 2.700345300562329e-5
841.0 2.6932281047027077e-5
842.0 2.6861409564946725e-5
843.0000000000001 2.6790836839849538e-5
844.0 2.672056116513821e-5
845.0 2.6650580847311686e-5
846.0 2.6580894205531374e-5
847.0000000000001 2.651149957162889e-5
848.0 2.644239529012909e-5
849.0 2.637357971787744e-5
849.9999999999999 2.6305051224124873e-5
851.0 2.6236808190397182e-5
852.0 2.6168849010193733e-5
853.0 2.6101172089138075e-5
854.0000000000001 2.6033775844719968e-5
855.0 2.5966658706191936e-5
856.0 2.589981911450728e-5
857.0 2.5833255522195557e-5
858.0 2.5766966393299653e-5
859.0 2.5700950203150278e-5
860.0 2.563520543840876e-5
860.9999999999999 2.5569730596940522e-5
862.0 2.5504524187578806e-5
863.0 2.543958473018682e-5
864.0 2.5374910755507907e-5
865.0000000000001 2.531050080510687e-5
866.0 2.524635343115938e-5
867.0 2.5182467196441463e-5
868.0 2.5118840674288797e-5
869.0 2.5055472448349163e-5
870.0 2.499236111276078e-5
871.0 2.49295052716505e-5
871.9999999999999 2.486690353951013e-5
873.0 2.480455454071572e-5
874.0 2.4742456909719388e-5
875.0 2.4680609290784497e-5
876.0000000000001 2.4619010338056856e-5
877.0 2.4557658715293996e-5
878.0 2.4496553095982192e-5
879.0 2.4435692163056308e-5
880.0 2.4375074608998097e-5
881.0 2.4314699135616958e-5
882.0 2.4254564454096082e-5
882.9999999999999 2.4194669284855102e-5
884.0 2.413501235739434e-5
885.0 2.4075592410382457e-5
886.0 2.4016408191423098e-5
887.0000000000001 2.395745845704633e-5
888.0 2.389874197270674e-5
889.0 2.3840257512581695e-5
890.0 2.3782003859629295e-5
891.0 2.3723979805387594e-5
892.0 2.3666184150008356e-5
893.0 2.3608615702094155e-5
893.9999999999999 2.3551273278731867e-5
895.0 2.349415570533967e-5
896.0 2.3437261815673582e-5
897.0 2.3380590451748512e-5
898.0000000000001 2.3324140463661338e-5
899.0 2.3267910709716067e-5
900.0 2.3211900056176164e-5
901.0 2.3156107377303755e-5
902.0 2.3100531555323564e-5
903.0 2.3045171480269194e-5
904.0 2.2990026050044027e-5
904.9999999999999 2.2935094170192372e-5
906.0 2.2880374754036815e-5
907.0 2.2825866722423418e-5
908.0 2.277156900384039e-5
909.0000000000001 2.2717480534229317e-5
910.0 2.2663600257066528e-5
911.0 2.2609927123103617e-5
912.0 2.2556460090606332e-5
913.0 2.2503198124949272e-5
914.0 2.2450140198875807e-5
915.0 2.239728529224659e-5
915.9999999999999 2.2344632392099422e-5
917.0 2.229218049257485e-5
918.0 2.223992859478418e-5
919.0 2.2187875706868815e-5
920.0000000000001 2.2136020843908474e-5
921.0 2.2084363027915926e-5
922.0 2.2032901287684573e-5
923.0 2.198163465883331e-5
924.0 2.1930562183765552e-5
925.0 2.1879682911572532e-5
926.0 2.1828995898005825e-5
926.9999999999999 2.1778500205484154e-5
928.0 2.172819490299011e-5
929.0 2.1678079066055865e-5
930.0 2.1628151776691096e-5
931.0000000000001 2.1578412123452714e-5
932.0 2.1528859201236208e-5
933.0 2.147949211135451e-5
934.0 2.1430309961527917e-5
935.0 2.1381311865699844e-5
936.0 2.1332496944184013e-5
937.0 2.1283864323526172e-5
937.9999999999999 2.123541313641103e-5
939.0 2.118714252180668e-5
940.0 2.113905162477293e-5
941.0 2.109113959652469e-5
942.0000000000001 2.1043405594309445e-5
943.0 2.099584878149048e-5
944.0 2.0948468327425526e-5
944.9999999999999 2.0901263407501284e-5
946.0 2.085423320306756e-5
947.0 2.0807376901407558e-5
948.0 2.076069369575892e-5
948.9999999999999 2.0714182785252407e-5
950.0 2.066784337487429e-5
951.0 2.0621674675457894e-5
952.0 2.0575675903733572e-5
953.0000000000001 2.052984628215122e-5
954.0 2.0484185038989288e-5
955.0 2.043869140832461e-5
955.9999999999999 2.0393364629909606e-5
957.0 2.0348203949302273e-5
958.0 2.0303208617762766e-5
959.0 2.0258377892172207e-5
959.9999999999999 2.0213711035190115e-5
961.0 2.0169207315067988e-5
962.0 2.0124866005763766e-5
963.0 2.0080686386809028e-5
964.0000000000001 2.0036667743395827e-5
965.0 1.999280936628522e-5
966.0 1.9949110551880765e-5
966.9999999999999 1.9905570602107027e-5
968.0 1.9862188824478413e-5
969.0 1.981896453205578e-5
970.0 1.9775897043439912e-5
971.0000000000001 1.9732985682741384e-5
972.0 1.9690229779581812e-5
973.0 1.964762866903398e-5
974.0 1.9605181691728506e-5
975.0000000000001 1.9562888193670376e-5
976.0 1.9520747526358938e-5
977.0 1.9478759046665293e-5
977.9999999999999 1.94369221168591e-5
979.0 1.9395236104614202e-5
980.0 1.9353700382938016e-5
981.0 1.93123143301192e-5
982.0000000000001 1.927107732974511e-5
983.0 1.9229988770643224e-5
984.0 1.9189048046878527e-5
985.0 1.9148254557596177e-5
986.0 1.910760770712444e-5
987.0 1.9067106904728036e-5
988.0 1.902675156477178e-5
988.9999999999999 1.8986541106439482e-5
990.0 1.8946474953788285e-5
991.0 1.890655253555739e-5
992.0 1.8866773285159483e-5
993.0000000000001 1.8827136640482987e-5
994.0 1.8787642043856772e-5
995.0 1.8748288941807557e-5
996.0 1.8709076784981378e-5
997.0 1.8670005027933645e-5
998.0 1.863107312896408e-5
999.0 1.8592280549858807e-5
999.9999999999999 1.855362675571311e-5
1001.0 1.8515111214613146e-5
1002.0 1.8476733397439696e-5
1003.0 1.8438492777477042e-5
1004.0000000000001 1.8400388830073004e-5
1005.0 1.83624210323565e-5
1006.0 1.832458886273767e-5
1007.0 1.828689180050469e-5
1008.0 1.8249329325388843e-5
1009.0 1.8211900916947376e-5
1010.0 1.817460605407898e-5
1010.9999999999999 1.81374442144389e-5
1012.0 1.8100414873694877e-5
1013.0 1.806351750490475e-5
1014.0 1.8026751577779806e-5
1015.0000000000001 1.799011655786266e-5
1016.0 1.795361190566023e-5
1017.0 1.7917237075799382e-5
1018.0 1.7880991516062022e-5
1019.0 1.784487466644584e-5
1020.0 1.7808885958014945e-5
1021.0 1.777302481198703e-5
1021.9999999999999 1.7737290638455505e-5
1023.0 1.7701682835442217e-5
1024.0 1.766620078758989e-5
1025.0 1.763084386501389e-5
1026.0 1.759561142224275e-5
1027.0 1.75605027968879e-5
1028.0 1.752551730867254e-5
1029.0 1.7490654258175106e-5
1030.0 1.7455912925977258e-5
1031.0 1.74212925715691e-5
1032.0 1.7386792432595677e-5
1033.0 1.735241172408881e-5
1034.0 1.731814963795961e-5
1035.0 1.7284005342606107e-5
1036.0 1.7249977982787642e-5
1037.0 1.7216066679660548e-5
1038.0 1.7182270531191686e-5
1039.0 1.7148588612816016e-5
1040.0 1.7115019978377105e-5
1041.0 1.7081563661534695e-5
1042.0 1.7048218677410073e-5
1043.0 1.7014984024748268e-5
1044.0 1.6981858688337336e-5
1045.0 1.694884164193611e-5
1046.0 1.6915931851554365e-5
1047.0 1.6883128279071912e-5
1048.0 1.685042988628708e-5
1049.0 1.681783563922677e-5
1050.0 1.6785344512766682e-5
1051.0 1.6752955495426292e-5
1052.0 1.672066759440379e-5
1053.0 1.668847984061854e-5
1054.0 1.665639129378748e-5
1055.0 1.662440104754921e-5
1056.0 1.6592508234103755e-5
1057.0 1.6560712029054316e-5
1058.0 1.652901165547847e-5
1059.0 1.6497406387863632e-5
1060.0 1.6465895555436262e-5
1061.0 1.6434478544839317e-5
1062.0 1.6403154802444496e-5
1063.0 1.6371923835584346e-5
1064.0 1.6340785213537172e-5
1065.0 1.6309738567412617e-5
1066.0 1.6278783589552845e-5
1067.0 1.6247920032158926e-5
1068.0 1.6217147705254895e-5
1069.0 1.618646647401862e-5
1070.0 1.615587625561301e-5
1071.0 1.6125377015460703e-5
1072.0 1.609496876315887e-5
1073.0 1.6064651548047337e-5
1074.0 1.6034425454560545e-5
1075.0 1.600429059731606e-5
1076.0 1.597424711637793e-5
1077.0 1.5944295172156352e-5
1078.0 1.5914434940816063e-5
1079.0 1.588466660946253e-5
1080.0 1.585499037177396e-5
1081.0 1.582540642381446e-5
1082.0 1.5795914960058365e-5
1083.0 1.576651616999069e-5
1084.0 1.5737210234683644e-5
1085.0 1.5707997324126184e-5
1086.0 1.5678877594633216e-5
1087.0 1.564985118675995e-5
1088.0 1.5620918223534357e-5
1089.0 1.5592078809011636e-5
1090.0 1.5563333027200187e-5
1091.0 1.5534680941245495e-5
1092.0 1.5506122592928363e-5
1093.0 1.5477658002369884e-5
1094.0 1.5449287168017956e-5
1095.0 1.5421010066809796e-5
1096.0 1.5392826654480583e-5
1097.0 1.53647368661056e-5
1098.0 1.533674061666929e-5
1099.0 1.5308837801831257e-5
1100.0 1.528102829868382e-5
1101.0 1.525331196666293e-5
1102.0 1.522568864846435e-5
1103.0 1.5198158170963651e-5
1104.0 1.5170720346223057e-5
1105.0 1.5143374972463474e-5
1106.0 1.5116121834988352e-5
1107.0 1.5088960707255802e-5
1108.0 1.5061891351712087e-5
1109.0 1.5034913520737026e-5
1110.0 1.5008026957606883e-5
1111.0 1.4981231397229256e-5
1112.0 1.4954526567068512e-5
1113.0 1.4927912187829093e-5
1114.0 1.4901387974310626e-5
1115.0 1.487495363595845e-5
1116.0 1.4848608877656343e-5
1117.0 1.4822353400299313e-5
1118.0 1.4796186901327414e-5
1119.0 1.4770109075297072e-5
1120.0 1.4744119614420317e-5
1121.0 1.4718218208957184e-5
1122.0 1.4692404547692784e-5
1123.0 1.4666678318344006e-5
1124.0 1.4641039207872293e-5
1125.0 1.4615486902852496e-5
1126.0 1.4590021089788986e-5
1127.0 1.4564641455385668e-5
1128.0 1.4539347686776672e-5
1129.0 1.451413947179068e-5
1130.0 1.448901649916561e-5
1131.0 1.4463978458680439e-5
1132.0 1.4439025041401714e-5
1133.0 1.4414155939793706e-5
1134.0 1.4389370847847282e-5
1135.0 1.436466946125007e-5
1136.0 1.4340051477448325e-5
1137.0 1.4315516595735788e-5
1138.0 1.4291064517397714e-5
1139.0 1.4266694945738085e-5
1140.0 1.424240758611866e-5
1141.0 1.4218202146095588e-5
1142.0 1.4194078335396353e-5
1143.0 1.4170035865985017e-5
1144.0 1.4146074452102098e-5
1145.0 1.412219381026233e-5
1146.0 1.4098393659313464e-5
1147.0 1.4074673720428619e-5
1148.0 1.4051033717142334e-5
1149.0 1.40274733753122e-5
1150.0 1.400399242318178e-5
1151.0 1.3980590591319664e-5
1152.0 1.3957267612696941e-5
1153.0 1.393402322260003e-5
1154.0 1.3910857158691289e-5
1155.0 1.3887769160939214e-5
1156.0 1.3864758971664016e-5
1157.0 1.3841826335488008e-5
1158.0 1.3818970999364857e-5
1159.0 1.3796192712503795e-5
1160.0 1.3773491226401476e-5
1161.0 1.3750866294815814e-5
1162.0 1.372831767375722e-5
1163.0 1.3705845121431372e-5
1164.0 1.368344839827827e-5
1165.0 1.3661127266899984e-5
1166.0 1.3638881492091965e-5
1167.0 1.3616710840792417e-5
1168.0 1.3594615082064755e-5
1169.0 1.3572593987088666e-5
1170.0 1.3550647329141695e-5
1171.0 1.3528774883574429e-5
1172.0 1.3506976427796618e-5
1173.0 1.3485251741244523e-5
1174.0 1.3463600605384528e-5
1175.0 1.3442022803686652e-5
1176.0 1.3420518121572749e-5
1177.0 1.3399086346472034e-5
1178.0 1.337772726774048e-5
1179.0 1.335644067664668e-5
1180.0 1.3335226366379954e-5
1181.0 1.3314084132050281e-5
1182.0 1.3293013770600555e-5
1183.0 1.3272015080874272e-5
1184.0 1.3251087863530115e-5
1185.0 1.3230231921080743e-5
1186.0 1.3209447057820927e-5
1187.0 1.3188733079878856e-5
1188.0 1.3168089795147834e-5
1189.0 1.3147517013294528e-5
1190.0 1.31270145457365e-5
1191.0 1.3106582205635349e-5
1192.0 1.3086219807880559e-5
1193.0 1.3065927169084543e-5
1194.0 1.3045704107541885e-5
1195.0 1.3025550443252471e-5
1196.0 1.3005465997895717e-5
1197.0 1.2985450594790487e-5
1198.0 1.296550405895424e-5
1199.0 1.2945626216989946e-5
1200.0 1.2925816897179059e-5
1201.0 1.2906075929400743e-5
1202.0 1.2886403145139726e-5
1203.0 1.2866798377493152e-5
1204.0 1.2847261461148858e-5
1205.0 1.2827792232361172e-5
1206.0 1.2808390528965093e-5
1207.0 1.2789056190343257e-5
1208.0 1.2769789057447098e-5
1209.0 1.2750588972774118e-5
1210.0 1.2731455780322645e-5
1211.0 1.2712389325661434e-5
1212.0 1.2693389455855839e-5
1213.0 1.267445601947882e-5
1214.0 1.2655588866624421e-5
1215.0 1.263678784886775e-5
1216.0 1.2618052819272024e-5
1217.0 1.2599383632404326e-5
1218.0 1.2580780144279606e-5
1219.0 1.2562242212394196e-5
1220.0 1.2543769695709222e-5
1221.0 1.2525362454652817e-5
1222.0 1.2507020351078694e-5
1223.0 1.2488743248305991e-5
1224.0 1.247053101109308e-5
1225.0 1.2452383505621425e-5
1226.0 1.2434300599509136e-5
1227.0 1.241628216179673e-5
1228.0 1.2398328062953011e-5
1229.0 1.2380438174845298e-5
1230.0 1.2362612370763069e-5
1231.0 1.2344850525406134e-5
1232.0 1.2327152514859268e-5
1233.0 1.2309518216614294e-5
1234.0 1.2291947509557195e-5
1235.0 1.2274440273973598e-5
1236.0 1.2256996391518556e-5
1237.0 1.2239615745233541e-5
1238.0 1.2222298219551985e-5
1239.0 1.2205043700263888e-5
1240.0 1.2187852074564159e-5
1241.0 1.2170723230977943e-5
1242.0 1.2153657059429006e-5
1243.0 1.2136653451187343e-5
1244.0 1.2119712298896077e-5
1245.0 1.210283349656323e-5
1246.0 1.2086016939527484e-5
1247.0 1.2069262524526932e-5
1248.0 1.205257014960367e-5
1249.0 1.2035939714191657e-5
1250.0 1.2019371119050528e-5
1251.0 1.2002864266292503e-5
1252.0 1.1986419059385266e-5
1253.0 1.1970035403130775e-5
1254.0 1.1953713203673002e-5
1255.0 1.1937452368505977e-5
1256.0 1.1921252806463085e-5
1257.0 1.190511442770743e-5
1258.0 1.1889037143749074e-5
1259.0 1.187302086744247e-5
1260.0 1.1857065512960435e-5
1261.0 1.1841170995821675e-5
1262.0 1.1825337232879315e-5
1263.0 1.1809564142331592e-5
1264.0 1.1793851643694931e-5
1265.0 1.1778199657822857e-5
1266.0 1.1762608106915257e-5
1267.0 1.174707691448966e-5
1268.0 1.1731606005406797e-5
1269.0 1.1716195305857252e-5
1270.0 1.1700844743370382e-5
1271.0 1.1685554246805294e-5
1272.0 1.167032374635017e-5
1273.0 1.1655153173545309e-5
1274.0 1.1640042461246586e-5
1275.0 1.1624991543652075e-5
1276.0 1.1610000356299753e-5
1277.0 1.1595068836071402e-5
1278.0 1.1580196921167131e-5
1279.0 1.1565384551150499e-5
1280.0 1.1550631666891944e-5
1281.0 1.1535938210639057e-5
1282.0 1.1521304125956635e-5
1283.0 1.1506729357769304e-5
1284.0 1.1492213852323997e-5
1285.0 1.1477757557243799e-5
1286.0 1.1463360421478417e-5
1287.0 1.1449022395324173e-5
1288.0 1.1434743430444473e-5
1289.0 1.1420523479842806e-5
1290.0 1.1406362497884605e-5
1291.0 1.1392260440283792e-5
1292.0 1.1378217264111602e-5
1293.0 1.1364232927809524e-5
1294.0 1.1350307391178055e-5
1295.0 1.1336440615367855e-5
1296.0 1.132263256292744e-5
1297.0 1.1308883197736253e-5
1298.0 1.129519248507872e-5
1299.0 1.1281560391592443e-5
1300.0 1.1267986885297157e-5
1301.0 1.1254471935597876e-5
1302.0 1.1241015513274569e-5
1303.0 1.1227617590492076e-5
1304.0 1.1214278140808967e-5
1305.0 1.1200997139172175e-5
1306.0000000000002 1.118777456192195e-5
1307.0 1.1174610386793523e-5
1308.0 1.1161504592918038e-5
1308.9999999999998 1.1148457160846706e-5
1310.0 1.1135468072521822e-5
1311.0 1.112253731130573e-5
1312.0 1.1109664861966683e-5
1313.0 1.109685071069027e-5
1314.0 1.1084094845091786e-5
1315.0 1.107139725420926e-5
1316.0 1.1058757928502262e-5
1317.0000000000002 1.104617685986558e-5
1318.0 1.1033654041634573e-5
1319.0 1.1021189468588773e-5
1319.9999999999998 1.1008783136942868e-5
1321.0 1.0996435044363079e-5
1322.0 1.0984145189975726e-5
1323.0 1.0971913574352453e-5
1324.0 1.0959740199540638e-5
1325.0 1.0947625069047832e-5
1326.0 1.093556818784327e-5
1327.0 1.0923569562395415e-5
1328.0000000000002 1.0911629200637406e-5
1329.0 1.0899747111979797e-5
1330.0 1.0887923307347112e-5
1330.9999999999998 1.087615779914468e-5
1332.0 1.086445060127111e-5
1333.0 1.0852801729147745e-5
1334.0 1.0841211199694122e-5
1335.0 1.0829679031352945e-5
1336.0 1.081820524408973e-5
1337.0 1.0806789859387554e-5
1338.0 1.0795432900267985e-5
1339.0000000000002 1.0784134391296997e-5
1340.0 1.0772894358568002e-5
1341.0 1.0761712829740936e-5
1341.9999999999998 1.0750589834029934e-5
1343.0 1.0739525402188909e-5
1344.0 1.0728519566568722e-5
1345.0 1.0717572361078718e-5
1346.0 1.0706683821198799e-5
1347.0 1.0695853984016054e-5
1348.0 1.0685082888195185e-5
1349.0 1.0674370574001303e-5
1350.0000000000002 1.0663717083311619e-5
1351.0 1.0653122459602295e-5
1352.0 1.0642586747980776e-5
1352.9999999999998 1.0632109995174392e-5
1354.0 1.0621692249537765e-5
1355.0 1.0611333561069095e-5
1356.0 1.0601033981408806e-5
1357.0 1.0590793563858648e-5
1358.0 1.0580612363368804e-5
1359.0 1.0570490436560563e-5
1360.0 1.0560427841730838e-5
1361.0000000000002 1.0550424638858709e-5
1362.0 1.0540480889610467e-5
1363.0 1.0530596657347846e-5
1363.9999999999998 1.0520772007133172e-5
1365.0 1.0511007005752225e-5
1366.0 1.0501301721701775e-5
1366.9999999999998 1.0491656225199953e-5
1368.0 1.0482070588212932e-5
1369.0 1.0472544884439725e-5
1370.0 1.0463079189336947e-5
1371.0 1.0453673580120864e-5
1372.0000000000002 1.0444328135767907e-5
1373.0 1.0435042937033614e-5
1374.0 1.0425818066465375e-5
1374.9999999999998 1.041665360839289e-5
1376.0 1.0407549648945098e-5
1377.0 1.0398506276071899e-5
1377.9999999999998 1.038952357953721e-5
1379.0 1.0380601650926913e-5
1380.0 1.0371740583665353e-5
1381.0 1.0362940473023276e-5
1382.0 1.0354201416131547e-5
1383.0000000000002 1.0345523511967892e-5
1384.0 1.033690686140055e-5
1385.0 1.0328351567157248e-5
1385.9999999999998 1.0319857733879503e-5
1387.0 1.0311425468096386e-5
1388.0 1.030305487824045e-5
1388.9999999999998 1.0294746074678611e-5
1390.0 1.0286499169691451e-5
1391.0 1.0278314277512172e-5
1392.0 1.0270191514302233e-5
1393.0 1.026213099820078e-5
1394.0000000000002 1.0254132849305308e-5
1395.0 1.0246197189682485e-5
1396.0 1.0238324143404091e-5
1396.9999999999998 1.0230513836526256e-5
1398.0 1.0222766397116058e-5
1399.0 1.021508195526162e-5
1399.9999999999998 1.0207460643073198e-5
1401.0 1.0199902594702758e-5
1402.0 1.0192407946354503e-5
1403.0 1.018497683628509e-5
1404.0 1.01776094048246e-5
1405.0000000000002 1.0170305794383041e-5
1406.0 1.0163066149465018e-5
1407.0 1.0155890616671703e-5
1407.9999999999998 1.0148779344717852e-5
1409.0 1.014173248444771e-5
1410.0 1.0134750188830195e-5
1410.9999999999998 1.0127832612988636e-5
1412.0 1.012097991419528e-5
1413.0 1.0114192251896704e-5
1414.0 1.010746978771428e-5
1415.0 1.0100812685459345e-5
1416.0000000000002 1.009422111114718e-5
1417.0 1.00876952329985e-5
1418.0 1.0081235221465407e-5
1419.0000000000002 1.0074841249228428e-5
1420.0 1.0068513491222818e-5
1421.0 1.0062252124633934e-5
1421.9999999999998 1.0056057328919383e-5
1423.0 1.0049929285820798e-5
1424.0 1.0043868179363709e-5
1425.0 1.0037874195887296e-5
1426.0 1.0031947524038932e-5
1427.0000000000002 1.0026088354801706e-5
1428.0 1.0020296881490732e-5
1429.0 1.0014573299774149e-5
1430.0000000000002 1.0008917807685668e-5
1431.0 1.0003330605625838e-5
1432.0 9.997811896390292e-6
1432.9999999999998 9.992361885164705e-6
1434.0 9.986980779553102e-6
1435.0 9.981668789574376e-6
1436.0 9.97642612768395e-6
1437.0 9.971253008782057e-6
1438.0000000000002 9.966149650223558e-6
1439.0 9.961116271837383e-6
1440.0 9.956153095927841e-6
1441.0000000000002 9.951260347299044e-6
1442.0 9.946438253252677e-6
1443.0 9.941687043609047e-6
1443.9999999999998 9.937006950721076e-6
1445.0 9.932398209474473e-6
1446.0 9.927861057310956e-6
1447.0 9.923395734234105e-6
1448.0 9.919002482826952e-6
1449.0000000000002 9.914681548252131e-6
1450.0 9.910433178274599e-6
1451.0 9.906257623271602e-6
1452.0000000000002 9.902155136237138e-6
1453.0 9.89812597280028e-6
1454.0 9.894170391237202e-6
1454.9999999999998 9.890288652470136e-6
1456.0 9.886481020101053e-6
1457.0 9.882747760403648e-6
1458.0 9.87908914233602e-6
1459.0 9.875505437566246e-6
1460.0 9.87199692046577e-6
1461.0 9.868563868134733e-6
1462.0 9.865206560396866e-6
1463.0000000000002 9.8619252798246e-6
1464.0 9.858720311743469e-6
1465.0 9.855591944241772e-6
1465.9999999999998 9.852540468187792e-6
1467.0 9.849566177226086e-6
1468.0 9.846669367794882e-6
1469.0 9.843850339144097e-6
1470.0 9.841109393329462e-6
1471.0 9.838446835231892e-6
1472.0 9.83586297256911e-6
1473.0 9.833358115893284e-6
1474.0000000000002 9.830932578607166e-6
1475.0 9.828586676975407e-6
1476.0 9.826320730129845e-6
1476.9999999999998 9.824135060072863e-6
1478.0 9.822029991692904e-6
1479.0 9.820005852772135e-6
1480.0 9.818062973983243e-6
1481.0 9.816201688910138e-6
1482.0 9.814422334049063e-6
1483.0 9.812725248808944e-6
1484.0 9.81111077553328e-6
1485.0000000000002 9.809579259491233e-6
1486.0 9.808131048884479e-6
1487.0 9.806766494864767e-6
1487.9999999999998 9.805485951525937e-6
1489.0 9.804289775915495e-6
1490.0 9.803178328034527e-6
1491.0 9.802151970844727e-6
1492.0 9.801211070268509e-6
1493.0 9.800355995199075e-6
1494.0 9.799587117492104e-6
1495.0 9.79890481197674e-6
1496.0000000000002 9.798309456452417e-6
1497.0 9.797801431693805e-6
1498.0 9.797381121446161e-6
1498.9999999999998 9.797048912431381e-6
1500.0 9.79680519433727e-6
1501.0 9.796650359834049e-6
1502.0 9.796584804552952e-6
1503.0 9.796608927100228e-6
1504.0 9.796723129040301e-6
1505.0 9.796927814903048e-6
1506.0 9.797223392174187e-6
1507.0000000000002 9.797610271294661e-6
1508.0 9.798088865648843e-6
1509.0 9.798659591560522e-6
1509.9999999999998 9.799322868289735e-6
1511.0 9.800079118023464e-6
1512.0 9.800928765859152e-6
1513.0 9.80187223980506e-6
1514.0 9.802909970769067e-6
1515.0 9.804042392537216e-6
1516.0 9.805269941773961e-6
1517.0 9.806593058003222e-6
1518.0000000000002 9.80801218359294e-6
1519.0 9.809527763742267e-6
1520.0 9.811140246465852e-6
1520.9999999999998 9.812850082577185e-6
1522.0 9.814657725663778e-6
1523.0 9.816563632076803e-6
1524.0 9.818568260903951e-6
1525.0 9.820672073953317e-6
1526.0 9.822875535722513e-6
1527.0 9.825179113382348e-6
1528.0 9.827583276741718e-6
1529.0000000000002 9.830088498235049e-6
1530.0 9.832695252877815e-6
1531.0 9.835404018248319e-6
1531.9999999999998 9.838215274448593e-6
1533.0 9.841129504076838e-6
1534.0 9.844147192190512e-6
1535.0 9.847268826273512e-6
1536.0 9.850494896192395e-6
1537.0 9.853825894161215e-6
1538.0 9.85726231470224e-6
1539.0 9.860804654595544e-6
1540.0000000000002 9.864453412845337e-6
1541.0 9.868209090624517e-6
1542.0 9.87207219122403e-6
1542.9999999999998 9.876043220014358e-6
1544.0 9.88012268438194e-6
1545.0 9.88431109367424e-6
1546.0 9.888608959152106e-6
1547.0 9.893016793920861e-6
1548.0 9.897535112872494e-6
1549.0 9.902164432624217e-6
1550.0 9.90690527144658e-6
1551.0000000000002 9.911758149197744e-6
1552.0 9.916723587254714e-6
1553.0 9.921802108433047e-6
1553.9999999999998 9.926994236914258e-6
1555.0 9.932300498165941e-6
1556.0 9.937721418860358e-6
1557.0 9.943257526784878e-6
1558.0 9.948909350756938e-6
1559.0 9.954677420533932e-6
1560.0 9.960562266713514e-6
1561.0 9.966564420644045e-6
1562.0000000000002 9.972684414311834e-6
1563.0 9.978922780248713e-6
1564.0 9.985280051414945e-6
1564.9999999999998 9.991756761092747e-6
1566.0 9.998353442767336e-6
1567.0 1.0005070630012476e-5
1568.0 1.001190885636129e-5
1569.0 1.001886865518507e-5
1570.0 1.002595055955593e-5
1571.0 1.0033155102119972e-5
1572.0 1.0040482814950054e-5
1573.0000000000002 1.0047934229403604e-5
1574.0 1.0055509875978332e-5
1575.0 1.0063210284153947e-5
1575.9999999999998 1.00710359822373e-5
1577.0 1.0078987497198681e-5
1578.0 1.0087065354503937e-5
1579.0 1.0095270077945223e-5
1580.0 1.0103602189455932e-5
1581.0 1.0112062208935696e-5
1582.0 1.0120650654056454e-5
1583.0 1.0129368040069308e-5
1584.0000000000002 1.0138214879606486e-5
1585.0 1.0147191682473411e-5
1586.0 1.0156298955437648e-5
1586.9999999999998 1.016553720201171e-5
1588.0 1.0174906922227509e-5
1589.0 1.0184408612407725e-5
1590.0 1.0194042764926799e-5
1591.0 1.0203809867969877e-5
1592.0 1.0213710405278505e-5
1593.0 1.0223744855896519e-5
1594.0 1.0233913693903196e-5
1595.0000000000002 1.0244217388141902e-5
1596.0 1.0254656401941475e-5
1597.0 1.0265231192826765e-5
1597.9999999999998 1.0275942212227326e-5
1599.0 1.0286789905170281e-5
1600.0 1.0297774709973183e-5
1601.0 1.0308897057921864e-5
1602.0 1.0320157372945788e-5
1603.0 1.0331556071277288e-5
1604.0 1.0343093561111301e-5
1605.0 1.0354770242248623e-5
1606.0000000000002 1.0366586505731555e-5
1607.0 1.037854273347386e-5
1608.0 1.0390639297878741e-5
1608.9999999999998 1.0402876561442497e-5
1610.0 1.0415254876359148e-5
1611.0 1.0427774584103081e-5
1612.0 1.0440436015011675e-5
1613.0 1.0453239487849133e-5
1614.0 1.0466185309365098e-5
1615.0 1.0479273773840682e-5
1616.0 1.0492505162622869e-5
1617.0000000000002 1.050587974364952e-5
1618.0 1.051939777096169e-5
1619.0 1.0533059484202363e-5
1619.9999999999998 1.0546865108109483e-5
1621.0 1.0560814851989581e-5
1622.0 1.0574908909186535e-5
1622.9999999999998 1.0589147456531507e-5
1624.0 1.060353065378406e-5
1625.0 1.061805864306134e-5
1626.0 1.0632731548252077e-5
1627.0 1.064754947441781e-5
1628.0000000000002 1.0662512507181866e-5
1629.0 1.0677620712108323e-5
1630.0 1.0692874134058306e-5
1630.9999999999998 1.0708272796541515e-5
1632.0 1.0723816701051262e-5
1633.0 1.0739505826383317e-5
1633.9999999999998 1.0755340127944574e-5
1635.0 1.0771319537042648e-5
1636.0 1.078744396016494e-5
1637.0 1.0803713278243752e-5
1638.0 1.0820127345903325e-5
1639.0000000000002 1.0836685990692806e-5
1640.0 1.0853389012309708e-5
1641.0 1.087023618180112e-5
1641.9999999999998 1.088722724075412e-5
1643.0 1.0904361900472254e-5
1644.0 1.0921639841130168e-5
1644.9999999999998 1.0939060710926153e-5
1646.0 1.0956624125203454e-5
1647.0 1.0974329665569512e-5
1648.0 1.0992176878994455e-5
1649.0 1.1010165276895205e-5
1650.0000000000002 1.1028294334202292e-5
1651.0 1.1046563488419066e-5
1652.0 1.1064972138658213e-5
1652.9999999999998 1.108351964466323e-5
1654.0 1.110220532582619e-5
1655.0 1.1121028460176873e-5
1655.9999999999998 1.1139988283365415e-5
1657.0 1.1159083987633674e-5
1658.0 1.1178314720762083e-5
1659.0 1.1197679585013802e-5
1660.0 1.1217177636059555e-5
1661.0000000000002 1.1236807881891356e-5
1662.0 1.1256569281725112e-5
1663.0 1.1276460744886663e-5
1664.0000000000002 1.12964811296854e-5
1665.0 1.1316629242290592e-5
1666.0 1.133690383557017e-5
1666.9999999999998 1.1357303607948635e-5
1668.0 1.137782720223489e-5
1669.0 1.1398473204445763e-5
1670.0 1.1419240142627345e-5
1671.0 1.1440126485656493e-5
1672.0000000000002 1.14611306420509e-5
1673.0 1.1482250958761377e-5
1674.0 1.1503485719955621e-5
1675.0000000000002 1.1524833145814825e-5
1676.0 1.1546291391304299e-5
1677.0 1.1567858544960009e-5
1677.9999999999998 1.1589532627668567e-5
1679.0 1.161131159143503e-5
1680.0 1.1633193318170827e-5
1681.0 1.165517561846885e-5
1682.0 1.1677256230392445e-5
1683.0000000000002 1.1699432818256932e-5
1684.0 1.1721702971434227e-5
1685.0 1.1744064203146415e-5
1686.0000000000002 1.1766513949284614e-5
1687.0 1.1789049567227564e-5
1688.0 1.1811668334682474e-5
1688.9999999999998 1.1834367448531345e-5
1690.0 1.18571440236985e-5
1691.0 1.1879995092039536e-5
1692.0 1.1902917601243026e-5
1693.0 1.1925908413756671e-5
1694.0000000000002 1.1948964305744747e-5
1695.0 1.1972081966066709e-5
1696.0 1.1995257995282642e-5
1697.0000000000002 1.20184889046958e-5
1698.0 1.2041771115426404e-5
1699.0 1.2065100957517974e-5
1699.9999999999998 1.2088474669094868e-5
1701.0 1.211188839554754e-5
1702.0 1.2135338188771356e-5
1703.0 1.2158820006443245e-5
1704.0 1.2182329711369468e-5
1705.0000000000002 1.2205863070855477e-5
1706.0 1.22294157561661e-5
1707.0 1.2252983342009344e-5
1708.0000000000002 1.2276561306114384e-5
1709.0 1.2300145028861285e-5
1710.0 1.2323729792968955e-5
1710.9999999999998 1.2347310783280093e-5
1712.0 1.2370883086598984e-5
1713.0 1.2394441691618317e-5
1714.0 1.2417981488930565e-5
1715.0 1.2441497271114123e-5
1716.0 1.246498373291938e-5
1717.0 1.24884354715464e-5
1718.0 1.251184698700727e-5
1719.0000000000002 1.2535212682601508e-5
1720.0 1.2558526865482798e-5
1721.0 1.2581783747346211e-5
1721.9999999999998 1.2604977445204499e-5
1723.0 1.2628101982295957e-5
1724.0 1.2651151289100579e-5
1725.0 1.267411920447177e-5
1726.0 1.2696999476898016e-5
1727.0 1.2719785765887078e-5
1728.0 1.2742471643473916e-5
1729.0 1.2765050595867476e-5
1730.0000000000002 1.278751602523189e-5
1731.0 1.2809861251591915e-5
1732.0 1.283207951489585e-5
1732.9999999999998 1.2854163977205267e-5
1734.0 1.287610772503319e-5
1735.0 1.2897903771839126e-5
1736.0 1.2919545060647361e-5
1737.0 1.2941024466836247e-5
1738.0 1.296233480107072e-5
1739.0 1.2983468812383677e-5
1740.0 1.3004419191412228e-5
1741.0000000000002 1.3025178573783718e-5
1742.0 1.3045739543666452e-5
1743.0 1.30660946374553e-5
1743.9999999999998 1.3086236347626567e-5
1745.0 1.310615712673818e-5
1746.0 1.3125849391580616e-5
1747.0 1.3145305527484147e-5
1748.0 1.3164517892763383e-5
1749.0 1.3183478823320634e-5
1750.0 1.320218063739187e-5
1751.0 1.3220615640420413e-5
1752.0000000000002 1.3238776130085858e-5
1753.0 1.3256654401464923e-5
1754.0 1.3274242752308493e-5
1754.9999999999998 1.3291533488468285e-5
1756.0 1.3308518929421083e-5
1757.0 1.3325191413930659e-5
1758.0 1.334154330580822e-5
1759.0 1.3357566999774917e-5
1760.0 1.3373254927435902e-5
1761.0 1.3388599563333412e-5
1762.0 1.3403593431092728e-5
1763.0000000000002 1.3418229109635358e-5
1764.0 1.343249923946955e-5
1765.0 1.3446396529034632e-5
1765.9999999999998 1.3459913761101663e-5
1767.0 1.3473043799209215e-5
1768.0 1.3485779594141549e-5
1769.0 1.3498114190411806e-5
1770.0 1.351004073278523e-5
1771.0 1.3521552472769813e-5
1772.0 1.3532642775127661e-5
1773.0 1.3543305124356041e-5
1774.0000000000002 1.3553533131122135e-5
1775.0 1.3563320538688866e-5
1776.0 1.3572661229250605e-5
1776.9999999999998 1.3581549230232265e-5
1778.0 1.3589978720490855e-5
1779.0 1.3597944036439342e-5
1780.0 1.3605439678067598e-5
1781.0 1.3612460314845583e-5
1782.0 1.3619000791509807e-5
1783.0 1.362505613370452e-5
1784.0 1.3630621553486715e-5
1785.0000000000002 1.3635692454657982e-5
1786.0 1.3640264437934098e-5
1787.0 1.3644333305937095e-5
1787.9999999999998 1.3647895067983378e-5
1789.0 1.3650945944681085e-5
1790.0 1.3653482372301565e-5
1791.0 1.365550100694231e-5
1792.0 1.3656998728447938e-5
1793.0 1.3657972644088419e-5
1794.0 1.3658420092006861e-5
1795.0 1.3658338644380035e-5
1796.0000000000002 1.3657726110341778e-5
1797.0 1.3656580538613402e-5
1798.0 1.3654900219878181e-5
1798.9999999999998 1.3652683688853143e-5
1800.0 1.364992972607652e-5
1801.0 1.3646637359424005e-5
1802.0 1.3642805865287979e-5
1803.0 1.3638434769502645e-5
1804.0 1.3633523847926188e-5
1805.0 1.3628073126753765e-5
1806.0 1.3622082882509855e-5
1807.0000000000002 1.3615553641735668e-5
1808.0 1.3608486180382658e-5
1809.0 1.3600881522887845e-5
1809.9999999999998 1.3592740940977243e-5
1811.0 1.358406595212848e-5
1812.0 1.3574858317791283e-5
1813.0 1.356512004127828e-5
1814.0 1.3554853365386748e-5
1815.0 1.354406076973745e-5
1816.0 1.3532744967842753e-5
1817.0 1.3520908903908924e-5
1818.0000000000002 1.3508555749371997e-5
1819.0 1.3495688899180362e-5
1820.0 1.3482311967849066e-5
1820.9999999999998 1.3468428785267702e-5
1822.0 1.3454043392272809e-5
1823.0 1.343916003602857e-5
1824.0 1.3423783165182125e-5
1825.0 1.3407917424834558e-5
1826.0 1.3391567651314115e-5
1827.0 1.3374738866791719e-5
1828.0 1.3357436273731074e-5
1829.0000000000002 1.3339665249165658e-5
1830.0 1.3321431338874959e-5
1831.0 1.3302740251406406e-5
1831.9999999999998 1.328359785197831e-5
1833.0 1.3264010156309843e-5
1834.0 1.3243983324324593e-5
1835.0 1.3223523653782639e-5
1836.0 1.320263757387776e-5
1837.0 1.3181331638727893e-5
1838.0 1.3159612520862299e-5
1839.0 1.3137487004651141e-5
1840.0000000000002 1.3114961979726561e-5
1841.0 1.3092044434392486e-5
1842.0 1.3068741449041833e-5
1842.9999999999998 1.3045060189559659e-5
1844.0 1.3021007900782643e-5
1845.0 1.2996591899968909e-5
1846.0 1.2971819570322546e-5
1847.0 1.2946698354550032e-5
1848.0 1.2921235748504653e-5
1849.0 1.2895439294887865e-5
1850.0 1.2869316577014417e-5
1851.0000000000002 1.284287521267919e-5
1852.0 1.2816122848136004e-5
1853.0 1.2789067152115661e-5
1853.9999999999998 1.2761715810040355e-5
1855.0 1.2734076518243106e-5
1856.0 1.2706156978424449e-5
1857.0 1.2677964892124866e-5
1858.0 1.2649507955417688e-5
1859.0 1.262079385365239e-5
1860.0 1.259183025641755e-5
1861.0 1.2562624812573475e-5
1862.0000000000002 1.2533185145488096e-5
1863.0 1.2503518848384625e-5
1864.0 1.2473633479846349e-5
1864.9999999999998 1.2443536559481925e-5
1866.0 1.2413235563752428e-5
1867.0 1.2382737921919712e-5
1868.0 1.2352051012206398e-5
1869.0 1.2321182158056621e-5
1870.0 1.2290138624574226e-5
1871.0 1.2258927615158313e-5
1872.0 1.2227556268235157e-5
1873.0000000000002 1.2196031654160395e-5
1874.0 1.2164360772330983e-5
1875.0 1.213255054837855e-5
1875.9999999999998 1.210060783155059e-5
1877.0 1.2068539392262074e-5
1878.0 1.2036351919748547e-5
1878.9999999999998 1.2004052019912848e-5
1880.0 1.1971646213293137e-5
1881.0 1.1939140933162053e-5
1882.0 1.190654252383158e-5
1883.0 1.1873857238975598e-5
1884.0000000000002 1.184109124023095e-5
1885.0 1.180825059580956e-5
1886.0 1.1775341279302964e-5
1886.9999999999998 1.1742369168604837e-5
1888.0 1.1709340044945285e-5
1889.0 1.1676259592032769e-5
1889.9999999999998 1.1643133395346329e-5
1891.0 1.1609966941491638e-5
1892.0 1.1576765617731633e-5
1893.0 1.1543534711547019e-5
1894.0 1.151027941035108e-5
1895.0000000000002 1.1477004801280393e-5
1896.0 1.1443715871085564e-5
1897.0 1.1410417506110033e-5
1897.9999999999998 1.1377114492364914e-5
1899.0 1.1343811515659243e-5
1900.0 1.1310513161852696e-5
1900.9999999999998 1.1277223917153735e-5
1902.0 1.124394816847867e-5
1903.0 1.1210690203944009e-5
1904.0 1.1177454213343334e-5
1905.0 1.1144244288729831e-5
1906.0000000000002 1.1111064425071036e-5
1907.0 1.1077918520922153e-5
1908.0 1.1044810379194084e-5
1908.9999999999998 1.1011743707931944e-5
1910.0 1.097872212115847e-5
1911.0 1.0945749139780918e-5
1911.9999999999998 1.0912828192486216e-5
1913.0 1.0879962616748338e-5
1914.0 1.0847155659807746e-5
1915.0 1.0814410479712334e-5
1916.0 1.0781730146374636e-5
1917.0000000000002 1.0749117642691456e-5
1918.0 1.071657586564744e-5
1919.0 1.068410762746261e-5
1919.9999999999998 1.0651715656757065e-5
1921.0 1.0619402599734354e-5
1922.0 1.0587171021401654e-5
1922.9999999999998 1.0555023406751153e-5
1924.0 1.0522962162023584e-5
1925.0 1.0490989615928368e-5
1926.0 1.0459108020916072e-5
1927.0 1.042731955440442e-5
1928.0000000000002 1.0395626320067325e-5
1929.0 1.0364030349102195e-5
1930.0 1.033253360148481e-5
1931.0000000000002 1.0301137967278236e-5
1932.0 1.0269845267854524e-5
1933.0 1.023865725721754e-5
1933.9999999999998 1.020757562324445e-5
1935.0 1.0176601988969268e-5
1936.0 1.0145737913838654e-5
1937.0 1.0114984894959022e-5
1938.0 1.0084344368380805e-5
1939.0000000000002 1.005381771031348e-5
1940.0 1.0023406238361877e-5
1941.0 9.993111212773732e-6
1942.0000000000002 9.962933837637247e-6
1943.0 9.932875262106019e-6
1944.0 9.90293658158736e-6
1944.9999999999998 9.873118838914685e-6
1946.0 9.843423025544819e-6
1947.0 9.813850082692819e-6
1948.0 9.784400902492278e-6
1949.0 9.755076329132782e-6
1950.0000000000002 9.725877159965255e-6
1951.0 9.696804146622024e-6
1952.0 9.667857996087583e-6
1953.0000000000002 9.639039371790432e-6
1954.0 9.610348894643378e-6
1955.0 9.58178714412352e-6
1955.9999999999998 9.553354659257642e-6
1957.0 9.525051939650991e-6
1958.0 9.496879446503318e-6
1959.0 9.46883760355792e-6
1960.0 9.440926798087862e-6
1961.0000000000002 9.413147381823474e-6
1962.0 9.385499671909325e-6
1963.0 9.357983951803207e-6
1964.0000000000002 9.330600472156416e-6
1965.0 9.303349451741296e-6
1966.0 9.276231078274846e-6
1966.9999999999998 9.249245509290394e-6
1968.0 9.222392872954496e-6
1969.0 9.195673268900186e-6
1970.0 9.169086769011757e-6
1971.0 9.142633418222274e-6
1972.0 9.116313235279139e-6
1973.0 9.090126213479244e-6
1974.0 9.064072321433195e-6
1975.0000000000002 9.038151503760255e-6
1976.0 9.012363681807403e-6
1977.0 8.986708754344094e-6
1977.9999999999998 8.961186598228234e-6
1979.0 8.935797069057632e-6
1980.0 8.910540001849178e-6
1981.0 8.885415211617852e-6
1982.0 8.860422494043089e-6
1983.0 8.83556162603992e-6
1984.0 8.810832366351876e-6
1985.0 8.786234456136111e-6
1986.0000000000002 8.761767619511852e-6
1987.0 8.737431564108219e-6
1988.0 8.713225981606935e-6
1988.9999999999998 8.689150548255666e-6
1990.0 8.665204925370251e-6
1991.0 8.641388759843401e-6
1992.0 8.617701684620504e-6
1993.0 8.594143319161302e-6
1994.0 8.570713269914555e-6
1995.0 8.547411130752989e-6
1996.0 8.524236483422232e-6
1997.0000000000002 8.501188897940159e-6
1998.0 8.478267933036769e-6
1999.0 8.455473136542943e-6
1999.9999999999998 8.432804045775233e-6
