0.0 0.0003015716678839249
1.0 0.00030157802107717776
2.0 0.00030159708235334297
3.0 0.0003016288568246667
4.0 0.00030167335298497135
5.0 0.0003017305827517706
6.0 0.0003018005614722911
7.0 0.0003018833079011482
8.0 0.00030197884424806236
9.0 0.0003020871961732822
10.0 0.00030220839282291324
10.999999999999998 0.00030234246681716374
12.0 0.00030248945430371023
13.000000000000002 0.00030264939498273163
14.0 0.00030282233209977293
14.999999999999998 0.00030300831251273445
16.0 0.0003032073867017126
17.0 0.00030341960882482695
18.0 0.00030364503672053597
19.0 0.00030388373198190046
20.0 0.00030413575999569737
21.0 0.00030440118996334664
21.999999999999996 0.00030468009496975275
23.0 0.00030497255203195653
24.0 0.000305278642153979
25.0 0.00030559845038084316
26.000000000000004 0.0003059320658577974
27.0 0.00030627958189650067
28.0 0.00030664109603728334
29.0 0.0003070167101346395
29.999999999999996 0.0003074065304104772
31.0 0.00030781066755143974
32.0 0.0003082292367776523
33.0 0.00030866235792494144
34.0 0.0003091101555421969
35.0 0.00030957275899503575
36.0 0.00031005030251108045
37.0 0.0003105429253708592
38.0 0.00031105077192515633
39.0 0.0003115739917579488
40.0 0.0003121127397862598
41.0 0.0003126671763732098
42.0 0.0003132374674785477
43.0 0.00031382378475348655
43.99999999999999 0.0003144263057117404
45.0 0.00031504521383952114
46.0 0.000315680698776953
47.0 0.0003163329564477965
48.0 0.0003170021892204777
49.0 0.0003176886060974669
50.0 0.00031839242286619017
51.0 0.0003191138622838325
52.00000000000001 0.0003198531542968434
53.0 0.0003206105361814687
54.0 0.00032138625279292266
55.0 0.0003221805567851029
56.0 0.00032299370878190046
57.0 0.0003238259776758878
58.0 0.00032467764080433196
59.0 0.0003255489842636967
59.99999999999999 0.00032644030312843983
61.0 0.00032735190173840533
62.0 0.00032828409397558857
63.0 0.0003292372035827789
64.0 0.00033021156446230097
65.0 0.0003312075209839889
66.0 0.00033222542833554613
67.0 0.00033326565288683017
68.0 0.0003343285725382735
69.0 0.0003354145770949588
70.0 0.000336524068708351
71.0 0.00033765746224590957
72.0 0.0003388151857463986
73.0 0.00033999768089260524
74.0 0.00034120540344223657
75.0 0.00034243882376415994
76.0 0.0003436984273639975
77.0 0.0003449847153763265
78.0 0.00034629820517386557
79.0 0.0003476394309782541
80.0 0.00034900894441679557
81.0 0.00035040731523111005
82.0 0.0003518351319353216
83.00000000000001 0.0003532930025290258
84.0 0.00035478155525701076
85.0 0.00035630143937478493
86.0 0.0003578533259713101
87.0 0.0003594379088710884
87.99999999999999 0.00036105590545743607
89.0 0.00036270805768723774
90.0 0.0003643951330926904
91.0 0.00036611792574209567
92.0 0.0003678772574392603
92.99999999999999 0.00036967397883393404
94.0 0.00037150897060187686
95.0 0.0003733831447891835
96.0 0.00037529744610329246
97.0 0.0003772528533346736
98.0 0.00037925038087149583
99.00000000000001 0.0003812910802530093
100.0 0.00038337604180192124
101.0 0.00038550639641550224
102.0 0.00038768331734205866
103.0 0.00038990802217079765
104.00000000000001 0.00039218177489746506
105.0 0.000394505888017243
106.0 0.0003968817248702007
107.0 0.0003993107020881526
108.0 0.00040179429206652013
108.99999999999999 0.0004043340257549577
110.0 0.00040693149551415556
111.0 0.0004095883581246894
112.0 0.0004123063380640653
113.0 0.0004150872309161998
114.0 0.00041793290696958167
115.00000000000001 0.0004208453151577459
116.0 0.0004238264870978599
117.0 0.00042687854148524635
118.0 0.00043000368872326823
119.0 0.00043320423590839863
119.99999999999999 0.00043648259208606055
121.0 0.00043984127385019193
122.0 0.0004432829113600697
123.0 0.00044681025478445456
124.0 0.00045042618108331525
124.99999999999999 0.0004541337013994887
126.0 0.0004579359688233835
127.0 0.0004618362868199574
128.0 0.00046583811827971273
129.0 0.00046994509504291103
130.0 0.0004741610283547964
131.0 0.0004784899199897361
132.0 0.0004829359741580307
133.0 0.0004875036104658655
134.0 0.0004921974777710547
135.0 0.0004970224690921877
136.0 0.0005019837378836498
137.0 0.0005070867153898328
138.0 0.0005123371295833891
139.0 0.0005177410255362775
140.0 0.0005233047876841445
141.0 0.0005290351637866537
142.0 0.0005349392910269598
143.0 0.0005410247244821803
144.0 0.0005472994678869244
145.0 0.0005537720075547662
146.0 0.0005604513489356229
147.0 0.0005673470569430709
148.0 0.000574469299869842
149.0 0.000581828897638106
150.0 0.0005894373746000908
151.0 0.0005973070177933206
152.0 0.0006054509407572805
153.0 0.000613883154195829
154.0 0.0006226186436981692
155.0 0.0006316734559324945
156.0 0.0006410647939460107
157.0 0.0006508111230365482
158.0 0.0006609322884959815
159.0 0.0006714496466125913
160.0 0.0006823862110890667
161.0 0.0006937668165201459
162.0 0.000705618301888865
163.0 0.0007179697166859289
164.0 0.0007308525525196874
164.99999999999997 0.0007443010051748841
166.00000000000003 0.0007583522704270719
167.0 0.0007730468801666697
168.0 0.0007884290839651883
169.0 0.0008045472850357081
170.0 0.0008214545383470213
171.0 0.0008392091221474361
172.0 0.0008578751963062555
173.0 0.0008775235619520377
174.0 0.0008982325426710238
174.99999999999997 0.0009200890087520414
175.99999999999997 0.0009431895741029019
177.00000000000003 0.0009676419997016847
178.0 0.0009935668457652907
179.0 0.0010210994276433516
180.0 0.0010503921399712536
181.0 0.00108161723491941
182.0 0.0011149701587220956
183.0 0.0011506735849320464
184.0 0.001188982316971544
185.0 0.0012301892874094444
185.99999999999997 0.0012746329521895969
187.00000000000003 0.0013227064695291331
188.0 0.0013748691894081872
189.0 0.0014316611565122733
190.0 0.0014937215917404918
191.0 0.001561812680843906
192.0 0.001636850529007581
193.0 0.0017199459289842878
194.0 0.001812458751111387
195.0 0.0019160715585597918
196.0 0.0020328908179182764
196.99999999999997 0.002165588505952494
198.00000000000003 0.002317604103527257
199.0 0.0024934390396982877
200.0 0.0026990964657419283
201.0 0.0029427563564528507
202.0 0.003235844623024418
203.0 0.0035947871728862425
204.0 0.004044005908796462
205.0 0.004621273484234846
206.0 0.0053877701310942935
206.99999999999997 0.006447913834214098
208.00000000000003 0.007989529978984082
209.00000000000003 0.01035778001576961
210.0 0.014073147713986338
211.0 0.018630278942689857
212.0 0.018739251500382956
213.0 0.014171575171033303
214.0 0.01036634856367242
215.0 0.007941380090236441
216.0 0.006367906298977413
217.0 0.0052890901671620435
217.99999999999997 0.004510977720192461
219.00000000000003 0.003926091464854841
220.0 0.003471655108512312
221.0 0.0031090145420998704
222.0 0.0028132341842146097
223.0 0.002567574291951903
224.0 0.002360409227506447
225.0 0.0021834273672684014
226.0 0.0020305361138399144
227.0 0.001897171646291554
228.0 0.0017798499582928021
228.99999999999997 0.0016758666550758011
230.00000000000003 0.0015830912501222857
231.0 0.0014998231106353372
232.0 0.001424688587856534
233.0 0.0013565662616144781
234.0 0.0012945317477438972
235.0 0.0012378163577031615
236.0 0.0011857757282281514
237.0 0.0011378657274742135
238.0 0.00109362374708516
238.99999999999997 0.0010526540274422458
239.99999999999997 0.0010146160385756395
241.00000000000003 0.0009792152005075117
242.0 0.0009461954123276106
243.0 0.0009153329918009421
244.0 0.0008864317249855623
245.0 0.0008593187955552166
246.0 0.0008338414176893035
247.0 0.0008098640339868622
248.0 0.0007872659713379687
249.0 0.0007659394700318019
249.99999999999997 0.0007457880181543032
251.00000000000003 0.0007267249379605299
252.0 0.0007086721810391654
253.0 0.0006915592964310675
254.0 0.0006753225447089596
255.0 0.0006599041333861368
256.0 0.0006452515553678181
257.0 0.0006313170145127295
258.0 0.0006180569253671617
259.0 0.0006054314758681127
260.0 0.0005934042443954704
261.0 0.0005819418632179132
262.0 0.0005710137220660884
263.0 0.0005605917064484599
264.0 0.0005506499660433117
265.0 0.0005411647091880608
266.0 0.0005321140203895314
267.0 0.0005234776976854868
268.0 0.000515237107555701
269.0 0.0005073750554374405
270.0 0.0004998756696400108
271.0 0.0004927242974134221
272.0 0.0004859074117569943
273.0 0.00047941252758238004
274.0 0.00047322812645414735
275.0 0.0004673435888697524
276.0 0.000461749133307634
277.0 0.0004564357613986607
278.0 0.00045139520860385316
279.0 0.0004466198998414919
280.0 0.00044210290971382
281.0 0.00043783792675402877
282.0 0.00043381922152859885
283.0 0.00043004161818239225
284.0 0.0004265004692328562
285.0 0.0004231916332548908
286.0 0.00042011145547433027
287.0 0.0004172567509000552
288.0 0.0004146247899823115
289.0 0.0004122132866564805
290.0 0.0004100203886409782
291.0 0.00040804467000240575
292.0 0.00040628512588509357
293.0 0.0004047411693938736
294.0 0.0004034126306541528
295.0 0.00040229975804839365
296.0 0.0004014032216693358
297.0 0.0004007241190591828
298.0 0.00040026398334086467
299.0 0.00040002479381662855
300.0 0.0004000089892082495
301.0 0.00040021948367888384
302.0 0.0004006596858682683
303.0 0.00040133352114297255
304.0 0.00040224545737048406
305.0 0.000403400534509922
306.0 0.00040480439841168026
307.0 0.0004064633392448152
308.0 0.0004083843350496926
309.0 0.00041057510099173775
310.0 0.0004130441449722224
311.0 0.0004158008303620235
312.0 0.0004188554467383088
313.0 0.00042221928964385414
314.0 0.00042590475056110384
315.0 0.00042992541846747747
316.0 0.0004342961945824083
317.0 0.00043903342217243744
318.0 0.00044415503361552096
319.0 0.0004496807172864662
320.0 0.0004556321072953816
321.0 0.00046203299966145124
322.0 0.00046890959913529123
323.0 0.0004762908017307434
324.0 0.0004842085189388512
325.0 0.0004926980508232694
326.0 0.0005017985166281672
327.0 0.0005115533532482154
328.0 0.0005220108942750398
329.0 0.0005332250447150419
329.99999999999994 0.0005452560703802577
331.0 0.0005581715246125052
332.00000000000006 0.0005720473407625187
333.0 0.0005869691253903268
334.0 0.0006030336957762228
335.0 0.000620350916252863
336.0 0.0006390459018984183
337.0 0.0006592616763011691
338.0 0.0006811623935707953
339.0 0.0007049372653139937
340.0 0.0007308053738182457
340.99999999999994 0.0007590216049353583
342.0 0.0007898840039280951
343.00000000000006 0.0008237429497625432
344.0 0.000861012664077639
345.0 0.0009021857307214592
346.0 0.0009478515080842759
347.0 0.0009987195798943395
348.0 0.0010556497080915744
349.0 0.0011196901035554568
349.99999999999994 0.0011921261312829894
351.0 0.0012745415785763061
351.99999999999994 0.0013688937544021188
353.0 0.0014776005433159893
354.00000000000006 0.0016036288395434419
355.0 0.0017505520727061452
356.0 0.0019224933963502835
357.0 0.0021237567905551835
358.0 0.0023577124650309912
359.0 0.002624094811317804
360.0 0.0029134833278114318
360.99999999999994 0.003198631089731752
362.0 0.003427812813701012
363.00000000000006 0.003535795407359493
364.0 0.0034825357267749867
365.0 0.003286811047747017
366.0 0.0030099069538034465
367.0 0.0027121525038930694
368.0 0.002430301929794734
369.0 0.0021795807646873408
370.0 0.001962840765986853
371.0 0.0017775207956790408
371.99999999999994 0.0016193413143604984
373.0 0.0014839223822003715
374.00000000000006 0.0013673715793713725
375.0 0.0012664240556776684
376.0 0.0011784098072043893
377.0 0.0011011670863479044
378.0 0.0010329494056789685
379.0 0.0009723428097292671
380.0 0.0009181975132637753
381.0 0.0008695732790913565
382.0 0.0008256964417761944
382.99999999999994 0.0007859262968266136
384.0 0.0007497288349399506
385.00000000000006 0.0007166561702022806
386.0 0.0006863303631234813
387.0 0.0006584306360559237
388.0 0.000632683212009986
389.0 0.0006088531920525176
390.0 0.0005867380228761364
391.0 0.0005661622122781199
392.0 0.0005469730291582553
393.0 0.0005290369846747353
393.99999999999994 0.0005122369368472163
395.0 0.0004964696954314072
396.00000000000006 0.00048164403057644197
397.0 0.000467679009032149
398.0 0.0004545025974833634
399.0 0.00044205048490024115
400.0 0.0004302650851989637
401.0 0.0004190946891927973
402.0 0.00040849274054731167
403.0 0.0003984172153969279
404.0 0.0003888300886762258
404.99999999999994 0.0003796968736925315
406.0 0.0003709862232473875
407.00000000000006 0.0003626695833235953
408.0 0.0003547208911604079
409.0 0.00034711631156211033
410.0 0.00033983400567021794
411.0 0.0003328539278156455
412.0 0.00032615764660409323
413.0 0.0003197281867479445
413.99999999999994 0.00031354988916543463
415.0 0.00030760828670415576
416.00000000000006 0.0003018899936939368
417.0 0.0002963826074371425
418.00000000000006 0.0002910746202522621
419.0 0.0002859553407081352
420.0 0.00028101482302060593
421.0 0.0002762438036131142
422.0 0.0002716336440012637
423.0 0.0002671762792855517
424.0 0.00026286417165425295
424.99999999999994 0.0002586902683012208
426.0 0.00025464796327236735
427.00000000000006 0.00025073106288249096
428.0 0.00024693375424579144
429.0 0.00024325057663452014
430.0 0.00023967639540337261
431.0 0.00023620637812084833
432.0 0.00023283597284205212
433.0 0.00022956088813461966
434.0 0.00022637707486233667
435.0 0.00022328070937740221
435.99999999999994 0.00022026817817758827
437.0 0.00021733606372583154
438.00000000000006 0.00021448113142950032
439.0 0.00021170031763067068
440.0 0.00020899071852332674
441.0 0.00020634957992518718
442.0 0.00020377428781547817
443.0 0.00020126235956923407
444.0 0.00019881143586778017
445.0 0.00019641927316081412
446.0 0.00019408373668620114
446.99999999999994 0.0001918027940081481
448.0 0.00018957450896651593
449.00000000000006 0.0001873970360780176
450.0 0.0001852686153225919
451.0 0.0001831875672610191
452.0 0.00018115228850553567
453.0 0.00017916124748064904
454.0 0.00017721298045842728
455.0 0.0001753060878615212
456.0 0.00017343923080289492
457.0 0.00017161112783598367
457.99999999999994 0.00016982055193162006
459.0 0.0001680663276087707
460.00000000000006 0.00016634732828806021
461.0 0.00016466247376087416
462.0 0.0001630107278582426
463.0 0.00016139109620881312
464.0 0.00015980262418188715
465.0 0.00015824439490966808
466.0 0.00015671552745180845
467.0 0.00015521517505455746
468.0 0.00015374252350839446
468.99999999999994 0.0001522967896029992
470.0 0.00015087721967403124
471.00000000000006 0.00014948308821437743
472.0 0.00014811369658166936
473.0 0.00014676837176261177
474.0 0.00014544646521457905
475.0 0.00014414735175617127
476.0 0.00014287042852977565
477.0 0.00014161511401810644
477.99999999999994 0.00014038084709708105
479.0 0.000139167086162675
479.99999999999994 0.00013797330828015726
481.0 0.0001367990083852786
482.00000000000006 0.00013564369853471517
483.0 0.00013450690718008962
484.0 0.00013338817848089756
485.0 0.0001322870716654688
486.0 0.00013120316040154126
487.0 0.0001301360322164534
488.0 0.0001290852879297484
488.99999999999994 0.000128050541131039
490.0 0.0001270314176608461
491.00000000000006 0.00012602755513702984
492.0 0.0001250386024859422
493.0 0.0001240642195081625
494.0 0.0001231040764585238
495.0 0.00012215785364614383
496.0 0.00012122524105096038
497.0 0.00012030593795986454
498.0 0.00011939965262107013
499.0 0.00011850610190791248
499.99999999999994 0.00011762501100233178
501.0 0.00011675611309164276
502.00000000000006 0.0001158991490770083
503.0 0.00011505386729371219
504.0 0.00011422002324739155
505.0 0.00011339737935841126
506.0 0.00011258570471439018
507.0 0.0001117847748439042
508.0 0.00011099437148187737
509.0 0.00011021428236502172
510.0 0.00010944430101899562
510.99999999999994 0.00010868422656287692
512.0 0.00010793386352105579
513.0 0.00010719302164026623
514.0 0.00010646151571319622
515.0 0.00010573916541473871
516.0 0.00010502579513589501
517.0 0.00010432123383531867
518.0 0.00010362531488653012
519.0 0.0001029378759333075
520.0 0.00010225875875897135
521.0 0.00010158780914806202
522.0 0.00010092487676286423
523.0 0.00010026981501821128
524.0 9.962248096857401e-5
525.0 9.89827351898794e-5
526.0 9.835044167225269e-5
527.0 9.772546771715116e-5
528.0 9.710768383300799e-5
529.0 9.649696364079512e-5
530.0 9.589318377627677e-5
531.0 9.529622380425471e-5
532.0 9.470596612842276e-5
533.0 9.412229590575754e-5
534.0 9.354510097033318e-5
535.0 9.297427174970502e-5
536.0 9.240970119330774e-5
537.0 9.185128469583751e-5
538.0 9.129892003161593e-5
539.0 9.075250728206905e-5
540.0 9.021194877154032e-5
541.0 8.96771490062412e-5
542.0 8.914801460914122e-5
543.0 8.862445426376865e-5
544.0 8.81063786547034e-5
545.0 8.759370041473477e-5
546.0 8.708633406998482e-5
547.0 8.658419598636849e-5
548.0 8.608720432384704e-5
549.0 8.559527898433151e-5
550.0 8.510834156683051e-5
551.0 8.462631531993027e-5
552.0 8.414912510266976e-5
553.0 8.367669733470475e-5
554.0 8.320895996238708e-5
555.0 8.274584241541566e-5
556.0 8.228727556757387e-5
557.0 8.18331917019793e-5
558.0 8.138352447221558e-5
559.0 8.093820886861507e-5
560.0 8.04971811847501e-5
561.0 8.006037898368809e-5
562.0 7.962774106484065e-5
563.0 7.919920743672617e-5
564.0 7.877471928142956e-5
565.0 7.8354218930927e-5
566.0 7.79376498348783e-5
567.0 7.752495653469065e-5
568.0 7.711608463738969e-5
569.0 7.671098078857312e-5
570.0 7.630959264777245e-5
571.0 7.591186886428849e-5
572.0 7.551775905379533e-5
573.0 7.512721377399287e-5
574.0 7.47401845039527e-5
575.0 7.435662362162753e-5
576.0 7.397648438217816e-5
577.0 7.359972089839791e-5
578.0 7.322628812073938e-5
579.0 7.285614181808783e-5
580.0 7.248923855745946e-5
581.0 7.212553568826768e-5
582.0 7.176499132118535e-5
583.0 7.140756431491094e-5
584.0 7.105321425576149e-5
585.0 7.070190144347378e-5
586.0 7.035358687366785e-5
587.0 7.000823222498776e-5
588.0 6.966579983970212e-5
589.0 6.93262527135878e-5
590.0 6.898955447931871e-5
591.0 6.865566939253869e-5
592.0 6.83245623180566e-5
593.0 6.799619871839172e-5
594.0 6.767054463894807e-5
595.0 6.734756669684539e-5
596.0 6.702723206840283e-5
597.0 6.670950847613476e-5
598.0 6.639436417898744e-5
599.0 6.608176795984085e-5
600.0 6.577168911553614e-5
601.0 6.546409744447733e-5
602.0 6.515896323841503e-5
603.0 6.485625726961107e-5
604.0 6.45559507840328e-5
605.0 6.425801548896029e-5
606.0 6.39624235452859e-5
607.0 6.366914755702461e-5
608.0 6.337816056350181e-5
609.0 6.308943602966044e-5
610.0 6.280294783866472e-5
611.0 6.251867028161867e-5
612.0 6.2236578052265e-5
613.0 6.195664623569124e-5
614.0 6.16788503035477e-5
615.0 6.140316610464377e-5
616.0 6.112956985819571e-5
617.0 6.085803814717897e-5
618.0 6.0588547909850835e-5
619.0 6.03210764340503e-5
620.0 6.005560135055218e-5
621.0 5.979210062522564e-5
622.0 5.9530552554661464e-5
623.0 5.927093575749366e-5
624.0 5.9013229170573644e-5
625.0 5.875741204105016e-5
626.0 5.850346392278967e-5
627.0 5.8251364667678495e-5
628.0 5.8001094423103555e-5
629.0 5.775263362428102e-5
630.0 5.750596298992864e-5
631.0 5.726106351714557e-5
632.0 5.7017916475501575e-5
633.0 5.6776503403135244e-5
634.0 5.6536806101190595e-5
635.0 5.6298806628948906e-5
636.0 5.6062487299653746e-5
637.0 5.582783067562383e-5
638.0 5.559481956433825e-5
639.0 5.536343701299774e-5
640.0 5.513366630516862e-5
641.0 5.490549095641309e-5
642.0 5.467889471016059e-5
643.0 5.4453861533566854e-5
644.0 5.423037561377454e-5
645.0 5.4008421353663733e-5
646.0 5.378798336919888e-5
647.0 5.3569046484355395e-5
648.0 5.3351595728635e-5
649.0 5.313561633277509e-5
650.0 5.292109372562181e-5
651.0 5.270801353098394e-5
652.0 5.2496361564250016e-5
653.0000000000001 5.228612382852698e-5
654.0 5.207728651216279e-5
655.0 5.1869835985779273e-5
656.0 5.1663758798205343e-5
657.0 5.145904167481345e-5
658.0 5.12556715138752e-5
659.0 5.105363538331814e-5
659.9999999999999 5.08529205187078e-5
661.0 5.065351432015858e-5
662.0 5.045540434964609e-5
663.0 5.0258578328706145e-5
664.0000000000001 5.006302413490107e-5
665.0 4.9868729800601744e-5
666.0 4.967568350896895e-5
667.0 4.948387359318925e-5
668.0 4.929328853279123e-5
669.0 4.910391695202157e-5
670.0 4.891574761698175e-5
670.9999999999999 4.872876943387813e-5
672.0 4.8542971446538206e-5
673.0 4.8358342834528805e-5
674.0 4.8174872910509503e-5
675.0000000000001 4.799255111857679e-5
676.0 4.7811367032300996e-5
677.0 4.763131035212136e-5
678.0 4.7452370904103315e-5
679.0 4.727453863748936e-5
680.0 4.709780362315319e-5
681.0 4.69221560513959e-5
681.9999999999999 4.6747586230358885e-5
683.0 4.657408458425437e-5
684.0 4.640164165114468e-5
685.0 4.6230248082440444e-5
686.0000000000001 4.60598946391701e-5
687.0 4.589057219255599e-5
688.0 4.572227172068977e-5
688.9999999999999 4.555498430774115e-5
690.0 4.538870114226049e-5
691.0 4.522341351560686e-5
692.0 4.505911282022783e-5
692.9999999999999 4.489579054851458e-5
694.0 4.4733438290993146e-5
695.0 4.4572047735067905e-5
696.0 4.441161066367951e-5
697.0000000000001 4.425211895381827e-5
698.0 4.4093564575186114e-5
699.0 4.393593958881706e-5
699.9999999999999 4.3779236145753114e-5
701.0 4.3623446485607355e-5
702.0 4.3468562935931564e-5
703.0 4.331457791024673e-5
703.9999999999999 4.3161483906746083e-5
705.0 4.3009273507965165e-5
706.0 4.285793937879538e-5
707.0 4.2707474265574976e-5
708.0000000000001 4.255787099483526e-5
709.0 4.240912247259778e-5
710.0 4.226122168276822e-5
710.9999999999999 4.2114161686024585e-5
712.0 4.1967935619288594e-5
713.0 4.1822536694220316e-5
714.0 4.167795819631529e-5
715.0000000000001 4.153419348373491e-5
716.0 4.13912359867773e-5
717.0 4.1249079206410335e-5
718.0 4.1107716713237496e-5
719.0000000000001 4.096714214711644e-5
720.0 4.082734921577975e-5
721.0 4.0688331694007236e-5
721.9999999999999 4.0550083422550914e-5
723.0 4.041259830786837e-5
724.0 4.0275870320564054e-5
725.0 4.013989349453634e-5
726.0000000000001 4.000466192679174e-5
727.0 3.987016977602473e-5
728.0 3.9736411261953475e-5
729.0 3.960338066451405e-5
730.0 3.9471072323061435e-5
731.0 3.933948063568158e-5
732.0 3.920860005832792e-5
732.9999999999999 3.907842510416696e-5
734.0 3.894895034273027e-5
735.0 3.882017039884391e-5
736.0 3.869207995291149e-5
737.0000000000001 3.856467373908872e-5
738.0 3.8437946545264706e-5
739.0 3.831189321214896e-5
740.0 3.818650863241798e-5
741.0 3.806178775081867e-5
742.0 3.793772556216722e-5
743.0 3.781431711208598e-5
743.9999999999999 3.7691557495485176e-5
745.0 3.7569441856299215e-5
746.0 3.7447965386842e-5
747.0 3.7327123326936584e-5
748.0000000000001 3.720691096376979e-5
749.0 3.7087323630875095e-5
750.0 3.69683567079579e-5
751.0 3.68500056198562e-5
752.0 3.6732265836357064e-5
753.0 3.661513287157939e-5
754.0 3.649860228320572e-5
754.9999999999999 3.6382669672200646e-5
756.0 3.626733068224396e-5
757.0 3.6152580998871106e-5
758.0 3.603841634962234e-5
759.0000000000001 3.5924832502979256e-5
760.0 3.581182526782557e-5
761.0 3.5699390493625545e-5
762.0 3.558752406904695e-5
763.0 3.547622192227071e-5
764.0 3.536548001987099e-5
765.0 3.5255294366800196e-5
765.9999999999999 3.514566100577115e-5
767.0 3.503657601691488e-5
768.0 3.4928035517006886e-5
769.0 3.482003565962673e-5
770.0000000000001 3.4712572633944706e-5
771.0 3.4605642665093754e-5
772.0 3.449924201309996e-5
773.0 3.4393366972893656e-5
774.0 3.4288013873799395e-5
775.0 3.418317907899388e-5
776.0 3.407885898514271e-5
776.9999999999999 3.3975050022275e-5
778.0 3.3871748653144816e-5
779.0 3.376895137281959e-5
780.0 3.3666654708487666e-5
781.0000000000001 3.356485521884988e-5
782.0 3.34635494941533e-5
783.0 3.3362734155414836e-5
784.0 3.326240585431087e-5
785.0 3.31625612727021e-5
786.0 3.3063197122363115e-5
787.0 3.2964310144680295e-5
787.9999999999999 3.286589711023754e-5
789.0 3.2767954818469156e-5
790.0 3.267048009745835e-5
791.0 3.2573469803453574e-5
792.0000000000001 3.247692082078298e-5
793.0 3.2380830061227365e-5
794.0 3.228519446396539e-5
795.0 3.219001099525776e-5
796.0 3.2095276647964726e-5
797.0 3.200098844133425e-5
798.0 3.1907143420976956e-5
798.9999999999999 3.181373865806956e-5
800.0 3.172077124943927e-5
801.0 3.162823831722389e-5
802.0 3.153613700861785e-5
803.0000000000001 3.144446449543525e-5
804.0 3.135321797391281e-5
805.0 3.12623946646301e-5
806.0 3.117199181207095e-5
807.0 3.108200668426413e-5
808.0 3.099243657274086e-5
809.0 3.0903278792309577e-5
809.9999999999999 3.0814530680453405e-5
811.0 3.072618959752383e-5
812.0 3.063825292625242e-5
813.0 3.055071807153903e-5
814.0000000000001 3.0463582460234164e-5
815.0 3.0376843540972623e-5
816.0 3.029049878385604e-5
816.9999999999999 3.0204545680208634e-5
818.0 3.011898174245852e-5
819.0 3.0033804503808652e-5
820.0 2.994901151816123e-5
820.9999999999999 2.986460035969637e-5
822.0 2.9780568622841334e-5
823.0 2.9696913921865353e-5
824.0 2.9613633891032356e-5
825.0000000000001 2.9530726183936236e-5
826.0 2.9448188473712013e-5
827.0 2.9366018452465345e-5
827.9999999999999 2.9284213831325127e-5
829.0 2.920277234021511e-5
830.0 2.9121691727664925e-5
831.0 2.9040969760503714e-5
832.0000000000001 2.8960604223730197e-5
833.0 2.888059292046615e-5
834.0 2.8800933671490998e-5
835.0 2.8721624315491816e-5
836.0000000000001 2.864266270826502e-5
837.0 2.8564046723227232e-5
838.0 2.8485774250658323e-5
838.9999999999999 2.8407843197936167e-5
840.0 2.8330251489128125e-5
841.0 2.8252997065003806e-5
842.0 2.817607788265687e-5
843.0000000000001 2.8099491915538986e-5
844.0 2.8023237153087254e-5
845.0 2.7947311600913487e-5
846.0 2.7871713280254395e-5
847.0000000000001 2.7796440227950193e-5
848.0 2.7721490496510874e-5
849.0 2.764686215360034e-5
849.9999999999999 2.757255328214759e-5
851.0 2.7498561980175743e-5
852.0 2.7424886360429552e-5
853.0 2.7351524550528417e-5
854.0000000000001 2.7278474692665125e-5
855.0 2.7205734943446956e-5
856.0 2.7133303473827535e-5
857.0 2.7061178468924556e-5
858.0 2.6989358127949126e-5
859.0 2.6917840663920563e-5
860.0 2.684662430370303e-5
860.9999999999999 2.6775707287828634e-5
862.0 2.6705087870235023e-5
863.0 2.6634764318281262e-5
864.0 2.6564734912603563e-5
865.0000000000001 2.6494997947017253e-5
866.0 2.6425551728225422e-5
867.0 2.6356394575840263e-5
868.0 2.6287524822299935e-5
869.0 2.6218940812555223e-5
870.0 2.6150640904288894e-5
871.0 2.6082623467289e-5
871.9999999999999 2.6014886883901536e-5
873.0 2.5947429548432198e-5
874.0 2.58802498673727e-5
875.0 2.5813346259087766e-5
876.0000000000001 2.574671715386556e-5
877.0 2.568036099358518e-5
878.0 2.5614276231869127e-5
879.0 2.5548461333715183e-5
880.0 2.5482914775621003e-5
881.0 2.5417635045299587e-5
882.0 2.5352620641730687e-5
882.9999999999999 2.528787007499153e-5
884.0 2.5223381866045186e-5
885.0 2.5159154546857568e-5
886.0 2.509518666008349e-5
887.0000000000001 2.503147675907464e-5
888.0 2.4968023407845956e-5
889.0 2.4904825180842985e-5
890.0 2.4841880662984382e-5
891.0 2.4779188449415572e-5
892.0 2.4716747145557694e-5
893.0 2.46545553668809e-5
893.9999999999999 2.459261173895199e-5
895.0 2.453091489722361e-5
896.0 2.4469463487055402e-5
897.0 2.4408256163600295e-5
898.0000000000001 2.4347291591570624e-5
899.0 2.428656844540435e-5
900.0 2.4226085408935673e-5
901.0 2.4165841175441503e-5
902.0 2.410583444759693e-5
903.0 2.404606393727013e-5
904.0 2.398652836559582e-5
904.9999999999999 2.392722646268041e-5
906.0 2.3868156967766685e-5
907.0 2.3809318628914413e-5
908.0 2.3750710203129868e-5
909.0000000000001 2.3692330456129704e-5
910.0 2.3634178162459592e-5
911.0 2.3576252105106084e-5
912.0 2.3518551075844605e-5
913.0 2.3461073874691325e-5
914.0 2.3403819310239735e-5
915.0 2.3346786199322705e-5
915.9999999999999 2.3289973367092697e-5
917.0 2.3233379646907037e-5
918.0 2.3177003880171573e-5
919.0 2.312084491638402e-5
920.0000000000001 2.306490161303375e-5
921.0 2.3009172835572354e-5
922.0 2.2953657457210424e-5
923.0 2.2898354358981052e-5
924.0 2.2843262429652727e-5
925.0 2.2788380565623143e-5
926.0 2.2733707670868317e-5
926.9999999999999 2.267924265692001e-5
928.0 2.2624984442760656e-5
929.0 2.2570931954759074e-5
930.0 2.2517084126598396e-5
931.0000000000001 2.246343989932839e-5
932.0 2.2409998221098085e-5
933.0 2.2356758047255346e-5
934.0 2.2303718340303537e-5
935.0 2.2250878069662145e-5
936.0 2.2198236211838622e-5
937.0 2.2145791750257467e-5
937.9999999999999 2.2093543675082696e-5
939.0 2.2041490983441093e-5
940.0 2.1989632679122043e-5
941.0 2.1937967772665354e-5
942.0000000000001 2.1886495281183572e-5
943.0 2.1835214228441925e-5
944.0 2.1784123644702323e-5
944.9999999999999 2.173322256674475e-5
946.0 2.1682510037756343e-5
947.0 2.163198510728133e-5
948.0 2.1581646831239895e-5
948.9999999999999 2.153149427181469e-5
950.0 2.1481526497383542e-5
951.0 2.1431742582503604e-5
952.0 2.138214160793144e-5
953.0000000000001 2.133272266040465e-5
954.0 2.1283484832724087e-5
955.0 2.1234427223727997e-5
955.9999999999999 2.1185548938080346e-5
957.0 2.1136849086440323e-5
958.0 2.1088326785286624e-5
959.0 2.1039981156803346e-5
959.9999999999999 2.0991811329054527e-5
961.0 2.09438164357152e-5
962.0 2.0895995616198188e-5
963.0 2.084834801544989e-5
964.0000000000001 2.0800872784060577e-5
965.0 2.0753569078095993e-5
966.0 2.0706436059175674e-5
966.9999999999999 2.065947289430385e-5
968.0 2.061267875591719e-5
969.0 2.0566052821814145e-5
970.0 2.051959427512134e-5
971.0000000000001 2.047330230423741e-5
972.0 2.0427176102812308e-5
973.0 2.0381214869639832e-5
974.0 2.033541780878729e-5
975.0000000000001 2.028978412935298e-5
976.0 2.0244313045579152e-5
977.0 2.0199003776705373e-5
977.9999999999999 2.015385554698914e-5
979.0 2.010886758569497e-5
980.0 2.0064039127018326e-5
981.0 2.0019369410015126e-5
982.0000000000001 1.997485767862429e-5
983.0 1.9930503181610623e-5
984.0 1.9886305172578684e-5
985.0 1.9842262909797734e-5
986.0 1.9798375656360666e-5
987.0 1.9754642679916203e-5
988.0 1.9711063252915768e-5
988.9999999999999 1.9667636652333774e-5
990.0 1.9624362159784042e-5
991.0 1.958123906137939e-5
992.0 1.953826664781256e-5
993.0000000000001 1.949544421421246e-5
994.0 1.9452771060231627e-5
995.0 1.9410246489890712e-5
996.0 1.936786981163516e-5
997.0 1.9325640338268397e-5
998.0 1.9283557386945774e-5
999.0 1.9241620279099708e-5
999.9999999999999 1.9199828340458817e-5
1001.0 1.9158180900963848e-5
1002.0 1.9116677294837485e-5
1003.0 1.907531686045319e-5
1004.0000000000001 1.903409894030127e-5
1005.0 1.89930228810822e-5
1006.0 1.895208803355562e-5
1007.0 1.891129375255453e-5
1008.0 1.887063939701971e-5
1009.0 1.8830124329839268e-5
1010.0 1.8789747917926043e-5
1010.9999999999999 1.8749509532211067e-5
1012.0 1.8709408547495994e-5
1013.0 1.8669444342527423e-5
1014.0 1.862961629997617e-5
1015.0000000000001 1.8589923806379932e-5
1016.0 1.855036625208305e-5
1017.0 1.8510943031273568e-5
1018.0 1.847165354194052e-5
1019.0 1.8432497185888372e-5
1020.0 1.839347336858144e-5
1021.0 1.835458149931562e-5
1021.9999999999999 1.831582099097839e-5
1023.0 1.827719126025937e-5
1024.0 1.823869172746122e-5
1025.0 1.8200321816470586e-5
1026.0 1.816208095491409e-5
1027.0 1.8123968573904907e-5
1028.0 1.808598410823037e-5
1029.0 1.804812699612508e-5
1030.0 1.8010396679485238e-5
1031.0 1.7972792603641198e-5
1032.0 1.7935314217477636e-5
1033.0 1.7897960973307248e-5
1034.0 1.7860732326946025e-5
1035.0 1.78236277376343e-5
1036.0 1.7786646668072784e-5
1037.0 1.7749788584325795e-5
1038.0 1.7713052955874953e-5
1039.0 1.767643925559705e-5
1040.0 1.7639946959682945e-5
1041.0 1.760357554771324e-5
1042.0 1.7567324502550556e-5
1043.0 1.753119331043205e-5
1044.0 1.749518146083517e-5
1045.0 1.7459288446549808e-5
1046.0 1.7423513763637426e-5
1047.0 1.7387856911391337e-5
1048.0 1.7352317392368978e-5
1049.0 1.731689471234706e-5
1050.0 1.72815883803368e-5
1051.0 1.7246397908528725e-5
1052.0 1.7211322812327923e-5
1053.0 1.7176362610311104e-5
1054.0 1.7141516824190416e-5
1055.0 1.710678497894877e-5
1056.0 1.7072166602559326e-5
1057.0 1.703766122628123e-5
1058.0 1.7003268384416555e-5
1059.0 1.696898761441391e-5
1060.0 1.6934818456868615e-5
1061.0 1.690076045539283e-5
1062.0 1.686681315684059e-5
1063.0 1.683297611099174e-5
1064.0 1.6799248870856e-5
1065.0 1.676563099243489e-5
1066.0 1.6732122034830925e-5
1067.0 1.6698721560224072e-5
1068.0 1.666542913386564e-5
1069.0 1.663224432404294e-5
1070.0 1.6599166702130857e-5
1071.0 1.656619584253465e-5
1072.0 1.6533331322722454e-5
1073.0 1.6500572723217807e-5
1074.0 1.6467919627625085e-5
1075.0 1.6435371622516693e-5
1076.0 1.6402928297653715e-5
1077.0 1.63705892456916e-5
1078.0 1.633835406247773e-5
1079.0 1.630622234683849e-5
1080.0 1.627419370068061e-5
1081.0 1.6242267729007653e-5
1082.0 1.6210444039811345e-5
1083.0 1.6178722244286645e-5
1084.0 1.6147101956570383e-5
1085.0 1.6115582793987725e-5
1086.0 1.608416437691777e-5
1087.0 1.6052846328849777e-5
1088.0 1.6021628276399874e-5
1089.0 1.599050984928688e-5
1090.0 1.5959490680380432e-5
1091.0 1.5928570405688822e-5
1092.0 1.5897748664401287e-5
1093.0 1.5867025098856528e-5
1094.0 1.5836399354589923e-5
1095.0 1.580587108035978e-5
1096.0 1.5775439928106558e-5
1097.0 1.5745105553052463e-5
1098.0 1.571486761364682e-5
1099.0 1.5684725771650085e-5
1100.0 1.565467969208934e-5
1101.0 1.5624729043326375e-5
1102.0 1.5594873497086247e-5
1103.0 1.556511272842901e-5
1104.0 1.5535446415832864e-5
1105.0 1.550587424120817e-5
1106.0 1.5476395889856537e-5
1107.0 1.54470110506468e-5
1108.0 1.541771941590196e-5
1109.0 1.5388520681466858e-5
1110.0 1.535941454683132e-5
1111.0 1.533040071501913e-5
1112.0 1.530147889275729e-5
1113.0 1.5272648790392638e-5
1114.0 1.5243910122072805e-5
1115.0 1.5215262605602124e-5
1116.0 1.5186705962652277e-5
1117.0 1.5158239918747742e-5
1118.0 1.5129864203250945e-5
1119.0 1.5101578549449964e-5
1120.0 1.5073382694656517e-5
1121.0 1.5045276380150673e-5
1122.0 1.5017259351303524e-5
1123.0 1.4989331357623191e-5
1124.0 1.4961492152754027e-5
1125.0 1.4933741494557243e-5
1126.0 1.4906079145188098e-5
1127.0 1.4878504871125899e-5
1128.0 1.4851018443202954e-5
1129.0 1.48236196366946e-5
1130.0 1.4796308231385492e-5
1131.0 1.4769084011551029e-5
1132.0 1.474194676610166e-5
1133.0 1.4714896288593505e-5
1134.0 1.4687932377260734e-5
1135.0 1.4661054835145067e-5
1136.0 1.4634263470075688e-5
1137.0 1.4607558094718676e-5
1138.0 1.4580938526707225e-5
1139.0 1.4554404588627737e-5
1140.0 1.4527956108031971e-5
1141.0 1.4501592917594034e-5
1142.0 1.4475314855050006e-5
1143.0 1.444912176327776e-5
1144.0 1.4423013490337342e-5
1145.0 1.4396989889456585e-5
1146.0 1.4371050819103115e-5
1147.0 1.4345196142973453e-5
1148.0 1.431942573002291e-5
1149.0 1.4293739454415888e-5
1150.0 1.4268137195584267e-5
1151.0 1.424261883813071e-5
1152.0 1.4217184271892576e-5
1153.0 1.4191833391795524e-5
1154.0 1.4166566097878087e-5
1155.0 1.4141382295135204e-5
1156.0 1.4116281893490575e-5
1157.0 1.4091264807641512e-5
1158.0 1.4066330956967398e-5
1159.0 1.4041480265294363e-5
1160.0 1.4016712660762844e-5
1161.0 1.3992028075604998e-5
1162.0 1.3967426445889811e-5
1163.0 1.3942907711203907e-5
1164.0 1.3918471814387337e-5
1165.0 1.3894118701106262e-5
1166.0 1.3869848319503559e-5
1167.0 1.3845660619695466e-5
1168.0 1.3821555553265745e-5
1169.0 1.3797533072700572e-5
1170.0 1.3773593130757732e-5
1171.0 1.3749735679763426e-5
1172.0 1.372596067083547e-5
1173.0 1.3702268053027014e-5
1174.0 1.3678657772411131e-5
1175.0 1.3655129771056365e-5
1176.0 1.3631683985869091e-5
1177.0 1.3608320347462496e-5
1178.0 1.3585038778764787e-5
1179.0 1.3561839193586435e-5
1180.0 1.3538721495099476e-5
1181.0 1.3515685574186414e-5
1182.0 1.3492731307545093e-5
1183.0 1.3469858555860088e-5
1184.0 1.3447067161635459e-5
1185.0 1.3424356947046848e-5
1186.0 1.3401727711503239e-5
1187.0 1.3379179229221595e-5
1188.0 1.3356711246493481e-5
1189.0 1.3334323478903311e-5
1190.0 1.3312015608361599e-5
1191.0 1.3289787280013194e-5
1192.0 1.3267638098994566e-5
1193.0 1.3245567627081654e-5
1194.0 1.3223575379177807e-5
1195.0 1.320166081976968e-5
1196.0 1.3179823359255843e-5
1197.0 1.3158062350180772e-5
1198.0 1.3136377083576738e-5
1199.0 1.311476678507747e-5
1200.0 1.3093230611326838e-5
1201.0 1.3071767646249739e-5
1202.0 1.3050376897561445e-5
1203.0 1.3029057293444945e-5
1204.0 1.3007807679435468e-5
1205.0 1.2986626815595236e-5
1206.0 1.2965513374112213e-5
1207.0 1.2944465937270842e-5
1208.0 1.2923482996017225e-5
1209.0 1.2902562949062816e-5
1210.0 1.2881704102656968e-5
1211.0 1.2860904671239599e-5
1212.0 1.2840162778796572e-5
1213.0 1.2819476461228077e-5
1214.0 1.2798843669727509e-5
1215.0 1.2778262275173419e-5
1216.0 1.275773007370049e-5
1217.0 1.2737244793463756e-5
1218.0 1.2716804102526795e-5
1219.0 1.2696405618072304e-5
1220.0 1.2676046916778099e-5
1221.0 1.2655725546404586e-5
1222.0 1.2635439038458158e-5
1223.0 1.2615184922018515e-5
1224.0 1.2594960738439698e-5
1225.0 1.2574764056876933e-5
1226.0 1.255459249052001e-5
1227.0 1.2534443713261565e-5
1228.0 1.2514315476662157e-5
1229.0 1.2494205626924062e-5
1230.0 1.2474112121715371e-5
1231.0 1.2454033046507216e-5
1232.0 1.2433966630182218e-5
1233.0 1.2413911259724942e-5
1234.0 1.2393865493656607e-5
1235.0 1.23738280740326e-5
1236.0 1.2353797936724994e-5
1237.0 1.2333774219909753e-5
1238.0 1.2313756270510285e-5
1239.0 1.2293743648477525e-5
1240.0 1.2273736128940349e-5
1241.0 1.2253733701969315e-5
1242.0 1.2233736570270659e-5
1243.0 1.2213745144551828e-5
1244.0 1.219376003688058e-5
1245.0 1.2173782052045993e-5
1246.0 1.2153812177101004e-5
1247.0 1.2133851569417962e-5
1248.0 1.2113901543184237e-5
1249.0 1.2093963554977246e-5
1250.0 1.207403918826239e-5
1251.0 1.2054130137372458e-5
1252.0 1.203423819107556e-5
1253.0 1.2014365215977566e-5
1254.0 1.1994513140048421e-5
1255.0 1.197468393646206e-5
1256.0 1.1954879607912206e-5
1257.0 1.1935102171608735e-5
1258.0 1.1915353645117068e-5
1259.0 1.1895636033114848e-5
1260.0 1.1875951315158127e-5
1261.0 1.185630143459718e-5
1262.0 1.1836688288608325e-5
1263.0 1.181711371939424e-5
1264.0 1.179757950652217e-5
1265.0 1.1778087360455499e-5
1266.0 1.1758638917185197e-5
1267.0 1.1739235733886767e-5
1268.0 1.171987928564922e-5
1269.0 1.1700570963102349e-5
1270.0 1.168131207093519e-5
1271.0 1.166210382719782e-5
1272.0 1.1642947363326506e-5
1273.0 1.1623843724836012e-5
1274.0 1.1604793872503047e-5
1275.0 1.1585798684118985e-5
1276.0 1.1566858956615945e-5
1277.0 1.1547975408556529e-5
1278.0 1.152914868286376e-5
1279.0 1.1510379349872544e-5
1280.0 1.1491667910423169e-5
1281.0 1.1473014799235547e-5
1282.0 1.1454420388204417e-5
1283.0 1.143588498986251e-5
1284.0 1.1417408860752601e-5
1285.0 1.1398992204890365e-5
1286.0 1.1380635177054372e-5
1287.0 1.1362337886093092e-5
1288.0 1.1344100398145711e-5
1289.0 1.132592273970933e-5
1290.0 1.1307804900652977e-5
1291.0 1.1289746837065156e-5
1292.0 1.1271748474011383e-5
1293.0 1.1253809708159629e-5
1294.0 1.1235930410249387e-5
1295.0 1.1218110427422267e-5
1296.0 1.120034958550199e-5
1297.0 1.1182647690989218e-5
1298.0 1.1165004533110458e-5
1299.0 1.1147419885583893e-5
1300.0 1.112989350836229e-5
1301.0 1.1112425149223284e-5
1302.0 1.1095014545244003e-5
1303.0 1.107766142417303e-5
1304.0 1.1060365505715823e-5
1305.0 1.1043126502696492e-5
1306.0000000000002 1.1025944122141003e-5
1307.0 1.1008818066270865e-5
1308.0 1.0991748033409698e-5
1308.9999999999998 1.0974733718851315e-5
1310.0 1.0957774815573342e-5
1311.0 1.0940871014974692e-5
1312.0 1.0924022007476734e-5
1313.0 1.0907227483113334e-5
1314.0 1.0890487132059036e-5
1315.0 1.087380064508399e-5
1316.0 1.0857167713966714e-5
1317.0000000000002 1.0840588031888744e-5
1318.0 1.0824061293769858e-5
1319.0 1.0807587196573037e-5
1319.9999999999998 1.0791165439546974e-5
1321.0 1.0774795724485198e-5
1322.0 1.0758477755931754e-5
1323.0 1.0742211241338268e-5
1324.0 1.0725995891253114e-5
1325.0 1.0709831419432301e-5
1326.0 1.0693717542941094e-5
1327.0 1.067765398230046e-5
1328.0000000000002 1.0661640461508753e-5
1329.0 1.0645676708118625e-5
1330.0 1.0629762453322969e-5
1330.9999999999998 1.0613897431948397e-5
1332.0 1.0598081382485245e-5
1333.0 1.05823140471394e-5
1334.0 1.0566595171794883e-5
1335.0 1.0550924506045335e-5
1336.0 1.0535301803169856e-5
1337.0 1.0519726820110247e-5
1338.0 1.0504199317463624e-5
1339.0000000000002 1.0488719059464412e-5
1340.0 1.047328581391811e-5
1341.0 1.045789935221315e-5
1341.9999999999998 1.0442559449257581e-5
1343.0 1.0427265883414734e-5
1344.0 1.0412018436524074e-5
1345.0 1.0396816893796119e-5
1346.0 1.0381661043778143e-5
1347.0 1.0366550678340849e-5
1348.0 1.0351485592582393e-5
1349.0 1.0336465584798939e-5
1350.0000000000002 1.0321490456442156e-5
1351.0 1.030656001203767e-5
1352.0 1.0291674059169384e-5
1352.9999999999998 1.0276832408401847e-5
1354.0 1.0262034873227796e-5
1355.0 1.0247281270030316e-5
1356.0 1.0232571418017553e-5
1357.0 1.0217905139189053e-5
1358.0 1.0203282258256233e-5
1359.0 1.0188702602612246e-5
1360.0 1.0174166002280177e-5
1361.0000000000002 1.0159672289859427e-5
1362.0 1.01452213004766e-5
1363.0 1.0130812871736523e-5
1363.9999999999998 1.0116446843673063e-5
1365.0 1.0102123058721915e-5
1366.0 1.0087841361650259e-5
1366.9999999999998 1.0073601599511318e-5
1368.0 1.005940362163184e-5
1369.0 1.0045247279533138e-5
1370.0 1.0031132426914032e-5
1371.0 1.0017058919601854e-5
1372.0000000000002 1.0003026615500545e-5
1373.0 9.989035374567738e-6
1374.0 9.975085058781975e-6
1374.9999999999998 9.961175532080365e-6
1376.0 9.947306660336208e-6
1377.0 9.933478311337563e-6
1377.9999999999998 9.919690354735584e-6
1379.0 9.905942662007034e-6
1380.0 9.892235106434627e-6
1381.0 9.878567563070514e-6
1382.0 9.864939908715446e-6
1383.0000000000002 9.851352021856732e-6
1384.0 9.837803782685615e-6
1385.0 9.82429507301374e-6
1385.9999999999998 9.81082577630935e-6
1387.0 9.797395777619668e-6
1388.0 9.784004963552979e-6
1388.9999999999998 9.770653222286639e-6
1390.0 9.757340443496053e-6
1391.0 9.74406651837451e-6
1392.0 9.730831339561546e-6
1393.0 9.71763480117639e-6
1394.0000000000002 9.704476798754654e-6
1395.0 9.691357229228993e-6
1396.0 9.678275990944848e-6
1396.9999999999998 9.66523298359797e-6
1398.0 9.652228108236545e-6
1399.0 9.639261267245654e-6
1399.9999999999998 9.626332364313227e-6
1401.0 9.613441304425858e-6
1402.0 9.600587993855248e-6
1403.0 9.587772340123156e-6
1404.0 9.57499425200421e-6
1405.0000000000002 9.562253639501206e-6
1406.0 9.549550413839821e-6
1407.0 9.536884487437003e-6
1407.9999999999998 9.52425577390232e-6
1409.0 9.51166418802556e-6
1410.0 9.499109645746153e-6
1410.9999999999998 9.486592064164878e-6
1412.0 9.474111361508732e-6
1413.0 9.461667457141331e-6
1414.0 9.449260271534731e-6
1415.0 9.436889726264624e-6
1416.0000000000002 9.424555744005646e-6
1417.0 9.412258248504652e-6
1418.0 9.399997164594268e-6
1419.0000000000002 9.38777241816199e-6
1420.0 9.375583936164043e-6
1421.0 9.363431646590954e-6
1421.9999999999998 9.351315478478182e-6
1423.0 9.339235361895461e-6
1424.0 9.327191227924992e-6
1425.0 9.315183008678407e-6
1426.0 9.303210637265809e-6
1427.0000000000002 9.291274047813493e-6
1428.0 9.279373175431575e-6
1429.0 9.267507956227346e-6
1430.0000000000002 9.255678327294603e-6
1431.0 9.243884226696241e-6
1432.0 9.232125593482245e-6
1432.9999999999998 9.220402367660601e-6
1434.0 9.208714490217605e-6
1435.0 9.197061903086015e-6
1436.0 9.185444549162524e-6
1437.0 9.173862372293955e-6
1438.0000000000002 9.162315317271769e-6
1439.0 9.150803329839235e-6
1440.0 9.139326356674619e-6
1441.0000000000002 9.127884345403655e-6
1442.0 9.116477244577767e-6
1443.0 9.105105003686607e-6
1443.9999999999998 9.093767573156317e-6
1445.0 9.082464904330821e-6
1446.0 9.071196949488167e-6
1447.0 9.059963661829468e-6
1448.0 9.048764995484545e-6
1449.0000000000002 9.03760090549712e-6
1450.0 9.026471347836023e-6
1451.0 9.015376279395584e-6
1452.0000000000002 9.004315657980466e-6
1453.0 8.99328944231952e-6
1454.0 8.98229759206411e-6
1454.9999999999998 8.971340067767948e-6
1456.0 8.96041683092436e-6
1457.0 8.94952784393576e-6
1458.0 8.938673070112873e-6
1459.0 8.927852473706278e-6
1460.0 8.91706601986888e-6
1461.0 8.906313674689156e-6
1462.0 8.895595405161283e-6
1463.0000000000002 8.884911179211779e-6
1464.0 8.874260965689744e-6
1465.0 8.863644734369979e-6
1465.9999999999998 8.853062455961957e-6
1467.0 8.842514102093698e-6
1468.0 8.83199964532069e-6
1469.0 8.821519059147857e-6
1470.0 8.81107231799966e-6
1471.0 8.80065939724538e-6
1472.0 8.790280273200214e-6
1473.0 8.779934923112622e-6
1474.0000000000002 8.769623325178077e-6
1475.0 8.759345458546076e-6
1476.0 8.749101303319652e-6
1476.9999999999998 8.738890840548862e-6
1478.0 8.728714052248268e-6
1479.0 8.718570921399595e-6
1480.0 8.708461431937646e-6
1481.0 8.698385568777317e-6
1482.0 8.688343317808075e-6
1483.0 8.678334665888625e-6
1484.0 8.668359600873922e-6
1485.0000000000002 8.658418111599915e-6
1486.0 8.64851018788414e-6
1487.0 8.638635820556755e-6
1487.9999999999998 8.628795001440087e-6
1489.0 8.618987723367781e-6
1490.0 8.609213980179453e-6
1491.0 8.599473766734772e-6
1492.0 8.589767078914478e-6
1493.0 8.580093913631511e-6
1494.0 8.570454268826358e-6
1495.0 8.560848143483184e-6
1496.0000000000002 8.55127553762801e-6
1497.0 8.541736452345721e-6
1498.0 8.532230889770752e-6
1498.9999999999998 8.522758853110384e-6
1500.0 8.51332034662755e-6
1501.0 8.503915375685605e-6
1502.0 8.494543946712354e-6
1503.0 8.485206067241722e-6
1504.0 8.475901745893743e-6
1505.0 8.466630992400477e-6
1506.0 8.457393817607135e-6
1507.0000000000002 8.448190233482964e-6
1508.0 8.439020253120709e-6
1509.0 8.429883890746279e-6
1509.9999999999998 8.420781161736163e-6
1511.0 8.411712082622977e-6
1512.0 8.402676671087e-6
1513.0 8.393674945984728e-6
1514.0 8.38470692735504e-6
1515.0 8.375772636409727e-6
1516.0 8.366872095565013e-6
1517.0 8.358005328438053e-6
1518.0000000000002 8.349172359856713e-6
1519.0 8.34037321587097e-6
1520.0 8.331607923761438e-6
1520.9999999999998 8.322876512055132e-6
1522.0 8.314179010516067e-6
1523.0 8.30551545017757e-6
1524.0 8.296885863336176e-6
1525.0 8.288290283574048e-6
1526.0 8.27972874575481e-6
1527.0 8.271201286048035e-6
1528.0 8.262707941919105e-6
1529.0000000000002 8.254248752173357e-6
1530.0 8.245823756927264e-6
1531.0 8.237432997652549e-6
1531.9999999999998 8.229076517159057e-6
1533.0 8.220754359626075e-6
1534.0 8.212466570602154e-6
1535.0 8.204213197028387e-6
1536.0 8.195994287229942e-6
1537.0 8.187809890940495e-6
1538.0 8.179660059317202e-6
1539.0 8.171544844935648e-6
1540.0000000000002 8.163464301824165e-6
1541.0 8.155418485457146e-6
1542.0 8.147407452763624e-6
1542.9999999999998 8.139431262162234e-6
1544.0 8.131489973553286e-6
1545.0 8.123583648325311e-6
1546.0 8.115712349394264e-6
1547.0 8.107876141185454e-6
1548.0 8.100075089664023e-6
1549.0 8.092309262344137e-6
1550.0 8.084578728292694e-6
1551.0000000000002 8.07688355814728e-6
1552.0 8.069223824135155e-6
1553.0 8.061599600068523e-6
1553.9999999999998 8.054010961371838e-6
1555.0 8.046457985085715e-6
1556.0 8.038940749889444e-6
1557.0 8.03145933609559e-6
1558.0 8.024013825673785e-6
1559.0 8.016604302266336e-6
1560.0 8.009230851185084e-6
1561.0 8.001893559448417e-6
1562.0000000000002 7.994592515756006e-6
1563.0 7.98732781054172e-6
1564.0 7.980099535950676e-6
1564.9999999999998 7.972907785874651e-6
1566.0 7.965752655948919e-6
1567.0 7.958634243575827e-6
1568.0 7.951552647919375e-6
1569.0 7.944507969935116e-6
1570.0 7.937500312357289e-6
1571.0 7.930529779742474e-6
1572.0 7.92359647844693e-6
1573.0000000000002 7.916700516649893e-6
1574.0 7.90984200437208e-6
1575.0 7.903021053469391e-6
1575.9999999999998 7.896237777655733e-6
1577.0 7.889492292495245e-6
1578.0 7.882784715431076e-6
1579.0 7.876115165781966e-6
1580.0 7.86948376473922e-6
1581.0 7.862890635400571e-6
1582.0 7.856335902754997e-6
1583.0 7.849819693692936e-6
1584.0000000000002 7.843342137021769e-6
1585.0 7.836903363457797e-6
1586.0 7.830503505636063e-6
1586.9999999999998 7.824142698122189e-6
1588.0 7.817821077398326e-6
1589.0 7.811538781878675e-6
1590.0 7.805295951908485e-6
1591.0 7.799092729767932e-6
1592.0 7.792929259658235e-6
1593.0 7.786805687717614e-6
1594.0 7.780722162011103e-6
1595.0000000000002 7.774678832527539e-6
1596.0 7.768675851175219e-6
1597.0 7.762713371782629e-6
1597.9999999999998 7.756791550086268e-6
1599.0 7.750910543724555e-6
1600.0 7.745070512226955e-6
1601.0 7.739271617015471e-6
1602.0 7.73351402137368e-6
1603.0 7.727797890448738e-6
1604.0 7.722123391233502e-6
1605.0 7.716490692552636e-6
1606.0000000000002 7.71089996503314e-6
1607.0 7.705351381099972e-6
1608.0 7.699845114946967e-6
1608.9999999999998 7.694381342512507e-6
1610.0 7.688960241455896e-6
1611.0 7.683581991132291e-6
1612.0 7.678246772559708e-6
1613.0 7.672954768387478e-6
1614.0 7.66770616285882e-6
1615.0 7.662501141785913e-6
1616.0 7.657339892491246e-6
1617.0000000000002 7.652222603779948e-6
1618.0 7.647149465889589e-6
1619.0 7.642120670446189e-6
1619.9999999999998 7.637136410400338e-6
1621.0 7.632196879991443e-6
1622.0 7.627302274666033e-6
1622.9999999999998 7.622452791043594e-6
1624.0 7.617648626831341e-6
1625.0 7.612889980762799e-6
1626.0 7.6081770525177815e-6
1627.0 7.603510042664379e-6
1628.0000000000002 7.598889152555015e-6
1629.0 7.5943145842508546e-6
1630.0 7.589786540437899e-6
1630.9999999999998 7.585305224320615e-6
1632.0 7.580870839531176e-6
1633.0 7.576483590016895e-6
1633.9999999999998 7.572143679934432e-6
1635.0 7.567851313536389e-6
1636.0 7.563606695044504e-6
1637.0 7.559410028529826e-6
1638.0 7.555261517767481e-6
1639.0000000000002 7.551161366111351e-6
1640.0 7.547109776333922e-6
1641.0 7.543106950485361e-6
1641.9999999999998 7.539153089726663e-6
1643.0 7.535248394166907e-6
1644.0 7.531393062685552e-6
1644.9999999999998 7.527587292751007e-6
1646.0 7.523831280233703e-6
1647.0 7.520125219207159e-6
1648.0 7.516469301736757e-6
1649.0 7.512863717672736e-6
1650.0000000000002 7.509308654423249e-6
1651.0 7.5058042967175205e-6
1652.0 7.502350826368215e-6
1652.9999999999998 7.498948422021344e-6
1654.0 7.495597258893725e-6
1655.0 7.492297508494239e-6
1655.9999999999998 7.489049338352952e-6
1657.0 7.485852911715756e-6
1658.0 7.482708387257919e-6
1659.0 7.479615918752424e-6
1660.0 7.476575654755927e-6
1661.0000000000002 7.473587738261163e-6
1662.0 7.470652306358045e-6
1663.0 7.4677694898633846e-6
1664.0000000000002 7.464939412956609e-6
1665.0 7.462162192778143e-6
1666.0 7.4594379390539846e-6
1666.9999999999998 7.456766753655018e-6
1668.0 7.454148730198014e-6
1669.0 7.451583953590278e-6
1670.0 7.449072499587855e-6
1671.0 7.446614434326505e-6
1672.0000000000002 7.444209813840337e-6
1673.0 7.441858683573122e-6
1674.0 7.439561077874273e-6
1675.0000000000002 7.4373170194680305e-6
1676.0 7.435126518933353e-6
1677.0 7.432989574147534e-6
1677.9999999999998 7.430906169717799e-6
1679.0 7.42887627642309e-6
1680.0 7.426899850607647e-6
1681.0 7.424976833589406e-6
1682.0 7.423107151033836e-6
1683.0000000000002 7.421290712333511e-6
1684.0 7.419527409957389e-6
1685.0 7.417817118805722e-6
1686.0000000000002 7.416159695531829e-6
1687.0 7.414554977870515e-6
1688.0 7.413002783945997e-6
1688.9999999999998 7.411502911572044e-6
1690.0 7.4100551375386806e-6
1691.0 7.4086592168941815e-6
1692.0 7.407314882214128e-6
1693.0 7.406021842870917e-6
1694.0000000000002 7.404779784283656e-6
1695.0 7.403588367173834e-6
1696.0 7.402447226808041e-6
1697.0000000000002 7.40135597224258e-6
1698.0 7.400314185566383e-6
1699.0 7.399321421141466e-6
1699.9999999999998 7.398377204835894e-6
1701.0 7.3974810332746174e-6
1702.0 7.396632373085039e-6
1703.0 7.395830660150438e-6
1704.0 7.395075298863189e-6
1705.0000000000002 7.394365661405771e-6
1706.0 7.393701087020532e-6
1707.0 7.393080881320461e-6
1708.0000000000002 7.392504315589366e-6
1709.0 7.391970626114032e-6
1710.0 7.391479013549182e-6
1710.9999999999998 7.391028642280464e-6
1712.0 7.390618639835941e-6
1713.0 7.3902480963228025e-6
1714.0 7.38991606388644e-6
1715.0 7.389621556225063e-6
1716.0 7.389363548124908e-6
1717.0 7.389140975049719e-6
1718.0 7.388952732772165e-6
1719.0000000000002 7.388797677058173e-6
1720.0 7.388674623403644e-6
1721.0 7.388582346821783e-6
1721.9999999999998 7.388519581702016e-6
1723.0 7.388485021727153e-6
1724.0 7.388477319859902e-6
1725.0 7.388495088400734e-6
1726.0 7.388536899123153e-6
1727.0 7.3886012834865e-6
1728.0 7.3886867329400785e-6
1729.0 7.388791699300427e-6
1730.0000000000002 7.38891459522784e-6
1731.0 7.3890537948045305e-6
1732.0 7.389207634193319e-6
1732.9999999999998 7.389374412410278e-6
1734.0 7.389552392200827e-6
1735.0 7.389739801012891e-6
1736.0 7.389934832091954e-6
1737.0 7.390135645683416e-6
1738.0 7.3903403703453285e-6
1739.0 7.390547104384086e-6
1740.0 7.39075391740604e-6
1741.0000000000002 7.390958851988889e-6
1742.0 7.391159925465531e-6
1743.0 7.391355131842474e-6
1743.9999999999998 7.391542443830561e-6
1745.0 7.391719814989985e-6
1746.0 7.391885182016011e-6
1747.0 7.392036467108407e-6
1748.0 7.392171580498495e-6
1749.0 7.392288423052546e-6
1750.0 7.392384889009469e-6
1751.0 7.392458868817019e-6
1752.0000000000002 7.3925082520752485e-6
1753.0 7.3925309305665246e-6
1754.0 7.392524801399908e-6
1754.9999999999998 7.392487770216815e-6
1756.0 7.392417754505958e-6
1757.0 7.392312686966706e-6
1758.0 7.392170518947578e-6
1759.0 7.391989223954388e-6
1760.0 7.391766801184154e-6
1761.0 7.391501279122218e-6
1762.0 7.391190719147143e-6
1763.0000000000002 7.390833219178937e-6
1764.0 7.390426917315975e-6
1765.0 7.389969995475291e-6
1765.9999999999998 7.389460683035243e-6
1767.0 7.388897260425124e-6
1768.0 7.388278062705508e-6
1769.0 7.38760148307533e-6
1770.0 7.386865976342947e-6
1771.0 7.386070062300475e-6
1772.0 7.385212329022888e-6
1773.0 7.384291436079453e-6
1774.0000000000002 7.383306117611214e-6
1775.0 7.38225518531045e-6
1776.0 7.381137531249911e-6
1776.9999999999998 7.379952130583661e-6
1778.0 7.378698044077335e-6
1779.0 7.377374420478308e-6
1780.0 7.375980498723161e-6
1781.0 7.374515609938624e-6
1782.0 7.372979179269916e-6
1783.0 7.3713707274926865e-6
1784.0 7.369689872437523e-6
1785.0000000000002 7.367936330180153e-6
1786.0 7.3661099160235675e-6
1787.0 7.364210545267245e-6
1787.9999999999998 7.362238233724541e-6
1789.0 7.360193098042335e-6
1790.0 7.358075355762397e-6
1791.0 7.355885325180239e-6
1792.0 7.353623424949459e-6
1793.0 7.351290173470673e-6
1794.0 7.348886188061104e-6
1795.0 7.346412183882306e-6
1796.0000000000002 7.343868972674431e-6
1797.0 7.34125746125472e-6
1798.0 7.338578649832693e-6
1798.9999999999998 7.3358336301082546e-6
1800.0 7.333023583183179e-6
1801.0 7.330149777303842e-6
1802.0 7.327213565407193e-6
1803.0 7.324216382523593e-6
1804.0 7.321159743011664e-6
1805.0 7.3180452376633875e-6
1806.0 7.314874530670163e-6
1807.0000000000002 7.311649356471582e-6
1808.0 7.308371516500188e-6
1809.0 7.305042875820749e-6
1809.9999999999998 7.30166535970406e-6
1811.0 7.298240950110089e-6
1812.0 7.294771682129039e-6
1813.0 7.291259640368833e-6
1814.0 7.287706955311269e-6
1815.0 7.284115799640934e-6
1816.0 7.28048838457077e-6
1817.0 7.276826956169274e-6
1818.0000000000002 7.273133791693866e-6
1819.0 7.269411195948513e-6
1820.0 7.2656614976812645e-6
1820.9999999999998 7.261887046020746e-6
1822.0 7.258090206958598e-6
1823.0 7.254273359904751e-6
1824.0 7.250438894305229e-6
1825.0 7.246589206338691e-6
1826.0 7.2427266956927155e-6
1827.0 7.2388537624379584e-6
1828.0 7.234972803996043e-6
1829.0000000000002 7.231086212200383e-6
1830.0 7.227196370479557e-6
1831.0 7.223305651137137e-6
1831.9999999999998 7.219416412747985e-6
1833.0 7.2155309976804015e-6
1834.0 7.211651729721991e-6
1835.0 7.207780911833968e-6
1836.0 7.203920824035172e-6
1837.0 7.200073721392065e-6
1838.0 7.196241832145581e-6
1839.0 7.192427355951386e-6
1840.0000000000002 7.188632462249273e-6
1841.0 7.184859288749163e-6
1842.0 7.181109940039367e-6
1842.9999999999998 7.177386486308227e-6
1844.0 7.173690962188803e-6
1845.0 7.170025365709846e-6
1846.0 7.1663916573643404e-6
1847.0 7.1627917592778e-6
1848.0 7.159227554490511e-6
1849.0 7.155700886335849e-6
1850.0 7.152213557916373e-6
1851.0000000000002 7.148767331677245e-6
1852.0 7.1453639290742595e-6
1853.0 7.14200503031459e-6
1853.9999999999998 7.138692274205173e-6
1855.0 7.135427258049719e-6
1856.0 7.132211537654569e-6
1857.0 7.129046627377417e-6
1858.0 7.125934000267519e-6
1859.0 7.122875088246187e-6
1860.0 7.119871282372664e-6
1861.0 7.116923933143213e-6
1862.0000000000002 7.114034350860322e-6
1863.0 7.111203806042027e-6
1864.0 7.108433529874669e-6
1864.9999999999998 7.105724714713941e-6
1866.0 7.103078514622571e-6
1867.0 7.10049604593656e-6
1868.0 7.097978387875701e-6
1869.0 7.095526583168983e-6
1870.0 7.093141638711853e-6
1871.0 7.090824526253666e-6
1872.0 7.088576183091701e-6
1873.0000000000002 7.0863975127870434e-6
1874.0 7.084289385906345e-6
1875.0 7.082252640758199e-6
1875.9999999999998 7.08028808415185e-6
1877.0 7.078396492162702e-6
1878.0 7.076578610896944e-6
1878.9999999999998 7.0748351572686365e-6
1880.0 7.0731668197754946e-6
1881.0 7.071574259270461e-6
1882.0 7.070058109746448e-6
1883.0 7.068618979095432e-6
1884.0000000000002 7.067257449890991e-6
1885.0 7.065974080142253e-6
1886.0 7.064769404053712e-6
1886.9999999999998 7.063643932776573e-6
1888.0 7.062598155148482e-6
1889.0 7.061632538422682e-6
1889.9999999999998 7.060747528993397e-6
1891.0 7.059943553099766e-6
1892.0 7.059221017532488e-6
1893.0 7.058580310312665e-6
1894.0 7.05802180136759e-6
1895.0000000000002 7.057545843188892e-6
1896.0 7.057152771479834e-6
1897.0 7.056842905784764e-6
1897.9999999999998 7.0566165501081505e-6
1899.0 7.056473993512508e-6
1900.0 7.05641551070915e-6
1900.9999999999998 7.05644136262843e-6
1902.0 7.056551796972328e-6
1903.0 7.056747048762099e-6
1904.0 7.057027340857492e-6
1905.0 7.057392884466096e-6
1906.0000000000002 7.057843879641098e-6
1907.0 7.0583805157555455e-6
1908.0 7.05900297196927e-6
1908.9999999999998 7.059711417672028e-6
1910.0 7.0605060129165055e-6
1911.0 7.061386908837601e-6
1911.9999999999998 7.06235424804884e-6
1913.0 7.063408165035079e-6
1914.0 7.0645487865199525e-6
1915.0 7.0657762318262315e-6
1916.0 7.067090613214131e-6
1917.0000000000002 7.068492036215258e-6
1918.0 7.069980599944365e-6
1919.0 7.0715563974011865e-6
1919.9999999999998 7.073219515756562e-6
1921.0 7.074970036627251e-6
1922.0 7.076808036338187e-6
1922.9999999999998 7.078733586166124e-6
1924.0 7.080746752580056e-6
1925.0 7.082847597460369e-6
1926.0 7.085036178313651e-6
1927.0 7.0873125484658225e-6
1928.0000000000002 7.089676757253055e-6
1929.0 7.092128850198497e-6
1930.0 7.094668869171935e-6
1931.0000000000002 7.097296852550046e-6
1932.0 7.100012835350483e-6
1933.0 7.102816849371772e-6
1933.9999999999998 7.10570892331061e-6
1935.0 7.1086890828751945e-6
1936.0 7.1117573508868874e-6
1937.0 7.114913747369769e-6
1938.0 7.118158289638661e-6
1939.0000000000002 7.121490992367728e-6
1940.0 7.124911867654654e-6
1941.0 7.128420925079121e-6
1942.0000000000002 7.132018171746771e-6
1943.0 7.135703612329047e-6
1944.0 7.139477249092092e-6
1944.9999999999998 7.143339081917142e-6
1946.0 7.147289108316697e-6
1947.0 7.151327323437141e-6
1948.0 7.155453720058488e-6
1949.0 7.159668288585197e-6
1950.0000000000002 7.163971017027699e-6
1951.0 7.168361890979795e-6
1952.0 7.17284089358478e-6
1953.0000000000002 7.1774080054995235e-6
1954.0 7.182063204845538e-6
1955.0 7.186806467163028e-6
1955.9999999999998 7.191637765345016e-6
1957.0 7.196557069575095e-6
1958.0 7.2015643472576125e-6
1959.0 7.20665956293515e-6
1960.0 7.211842678207975e-6
1961.0000000000002 7.217113651639297e-6
1962.0 7.222472438663102e-6
1963.0 7.2279189914779e-6
1964.0000000000002 7.233453258937662e-6
1965.0 7.239075186440551e-6
1966.0 7.244784715805698e-6
1966.9999999999998 7.250581785146939e-6
1968.0 7.25646632874286e-6
1969.0 7.262438276896841e-6
1970.0 7.268497555796091e-6
1971.0 7.27464408736228e-6
1972.0 7.280877789097631e-6
1973.0 7.287198573924143e-6
1974.0 7.293606350021222e-6
1975.0000000000002 7.300101020651774e-6
1976.0 7.3066824839906854e-6
1977.0 7.313350632941171e-6
1977.9999999999998 7.320105354950236e-6
1979.0 7.326946531815425e-6
1980.0 7.3338740394917185e-6
1981.0 7.3408877478850664e-6
1982.0 7.3479875206502005e-6
1983.0 7.355173214976115e-6
1984.0 7.36244468136879e-6
1985.0 7.3698017634313455e-6
1986.0000000000002 7.3772442976344475e-6
1987.0 7.384772113085038e-6
1988.0 7.392385031289424e-6
1988.9999999999998 7.400082865911069e-6
1990.0 7.407865422522135e-6
1991.0 7.415732498353603e-6
1992.0 7.423683882036781e-6
1993.0 7.431719353339352e-6
1994.0 7.439838682902771e-6
1995.0 7.448041631967202e-6
1996.0 7.4563279520959585e-6
1997.0000000000002 7.464697384894045e-6
1998.0 7.473149661721124e-6
1999.0 7.481684503401936e-6
1999.9999999999998 7.490301619928441e-6
