0.0 0.01777229346549154
1.0 0.01777241919897236
2.0 0.017772796409623867
3.0 0.017773425132799444
4.0 0.017774305424349577
5.0 0.017775437363595378
6.0 0.017776821052764014
7.0 0.017778456617632877
8.0 0.017780344203933277
9.0 0.017782483983734085
10.0 0.017784876149362062
10.999999999999998 0.01778752091642533
12.0 0.017790418525373997
13.000000000000002 0.01779356923794416
14.0 0.017796973337787868
14.999999999999998 0.01780063113426143
16.0 0.017804542958642852
17.0 0.01780870916484914
18.0 0.01781313013167873
19.0 0.017817806259801408
20.0 0.017822737974244725
21.0 0.017827925723450096
21.999999999999996 0.017833369980151035
23.0 0.017839071238980497
24.0 0.017845030021080996
25.0 0.017851246869219236
26.000000000000004 0.017857722352668998
27.0 0.017864457063446117
28.0 0.017871451618336486
29.0 0.017878706659389287
29.999999999999996 0.01788622285127114
31.0 0.017894000886243835
32.0 0.01790204148066495
33.0 0.017910345375221324
34.0 0.01791891333684783
35.0 0.01792774615755856
36.0 0.01793684465563816
37.0 0.017946209675141173
38.0 0.01795584208665774
39.0 0.017965742785426154
40.0 0.0179759126957432
41.0 0.017986352766890576
42.0 0.01799706397500129
43.0 0.018008047326086806
43.99999999999999 0.018019303849454923
45.0 0.01803083460558562
46.0 0.01804264068178382
47.0 0.01805472319270002
48.0 0.018067083283143996
49.0 0.018079722125886908
50.0 0.018092640922220196
51.0 0.018105840903313124
52.00000000000001 0.01811932333065501
53.0 0.018133089494299905
54.0 0.018147140716592788
55.0 0.01816147834854576
56.0 0.0181761037721275
57.0 0.018191018402658354
58.0 0.0182062236849341
59.0 0.01822172109692975
59.99999999999999 0.01823751214939823
61.0 0.01825359838335058
62.0 0.01826998137664364
63.0 0.018286662736804096
64.0 0.0183036441092934
65.0 0.018320927170981112
66.0 0.018338513634470484
67.0 0.018356405247565488
68.0 0.018374603794892037
69.0 0.01839311109479341
70.0 0.018411929004919374
71.0 0.01843105941840119
72.0 0.018450504265682458
73.0 0.0184702655172763
74.0 0.01849034518059848
75.0 0.018510745303832843
76.0 0.018531467972435132
77.0 0.018552515314925053
78.0 0.018573889498168634
79.0 0.018595592733512717
80.0 0.018617627271340434
81.0 0.018639995406827106
82.0 0.018662699477321812
83.00000000000001 0.01868574186476331
84.0 0.018709124996184358
85.0 0.018732851341887336
86.0 0.018756923421032752
87.0 0.018781343797543
87.99999999999999 0.018806115083126785
89.0 0.0188312399384652
90.0 0.018856721071914117
91.0 0.018882561243762988
92.0 0.01890876326166798
92.99999999999999 0.018935329988046645
94.0 0.018962264334431298
95.0 0.018989569268643106
96.0 0.0190172478097194
97.0 0.019045303032611604
98.0 0.01907373806917375
99.00000000000001 0.019102556105233426
100.0 0.019131760387340994
101.0 0.01916135421796862
102.0 0.01919134096248499
103.0 0.01922172404413398
104.00000000000001 0.01925250694899177
105.0 0.01928369322654715
106.0 0.01931528649070161
107.0 0.019347290417824414
108.0 0.019379708754538517
108.99999999999999 0.01941254531106216
110.0 0.019445803970463686
111.0 0.01947948868283633
112.0 0.019513603470459277
113.0 0.019548152428289684
114.0 0.01958313972665434
115.00000000000001 0.019618569608378347
116.0 0.019654446396344227
117.0 0.01969077448962938
118.0 0.019727558367773835
119.0 0.019764802591443288
119.99999999999999 0.019802511804491156
121.0 0.01984069073552777
122.0 0.019879344199230917
123.0 0.01991847709864985
124.0 0.019958094425352856
124.99999999999999 0.019998201262200213
126.0 0.02003880278736718
127.0 0.020079904272219656
128.0 0.020121511086962914
129.0 0.020163628698097118
130.0 0.020206262675495218
131.0 0.02024941869288969
132.0 0.020293102526974
133.0 0.020337320063344412
134.0 0.020382077297273208
135.0 0.020427380335691896
136.0 0.020473235400136052
137.0 0.020519648830251484
138.0 0.020566627083866498
139.0 0.020614176740239857
140.0 0.020662304505263164
141.0 0.02071101721008538
142.0 0.020760321817310756
143.0 0.020810225422179342
144.0 0.02086073525650098
145.0 0.020911858688450146
146.0 0.02096360323195084
147.0 0.021015976544968118
148.0 0.021068986432528664
149.0 0.021122640853131504
150.0 0.021176947919881308
151.0 0.021231915906022553
152.0 0.021287553246667573
153.0 0.021343868542484677
154.0 0.021400870566452682
155.0 0.02145856826381065
156.0 0.021516970760824247
157.0 0.02157608736373518
158.0 0.021635927567423364
159.0 0.021696501059116947
160.0 0.021757817718398815
161.0 0.021819887629741148
162.0 0.021882721082786147
163.0 0.02194632857676244
164.0 0.0220107208267985
164.99999999999997 0.02207590877063628
166.00000000000003 0.022141903572425722
167.0 0.022208716628390766
168.0 0.022276359575356522
169.0 0.022344844290193348
170.0 0.022414182906139234
171.0 0.022484387809069348
172.0 0.02255547165078223
173.0 0.022627447353129045
174.0 0.022700328115273505
174.99999999999997 0.022774127422132983
175.99999999999997 0.022848859051264138
177.00000000000003 0.022924537078875998
178.0 0.023001175888507027
179.0 0.02307879018453572
180.0 0.023157394992232117
181.0 0.02323700567128583
182.0 0.023317637925847946
183.0 0.023399307808987007
184.0 0.023482031738793218
185.0 0.023565826505603224
185.99999999999997 0.02365070927853954
187.00000000000003 0.023736697622764823
188.0 0.023823809505850026
189.0 0.02391206331199136
190.0 0.024001477851775168
191.0 0.024092072377442125
192.0 0.024183866590185787
193.0 0.02427688066055793
194.0 0.024371135234888455
195.0 0.024466651454161065
196.0 0.024563450966875167
196.99999999999997 0.024661555945153183
198.00000000000003 0.02476098909897748
199.0 0.024861773691565184
200.0 0.024963933560629824
201.0 0.02506749312968423
202.0 0.025172477432860732
203.0 0.025278912126802614
204.0 0.02538682351515782
205.0 0.025496238567964156
206.0 0.02560718493674786
206.99999999999997 0.025719690988032732
208.00000000000003 0.025833785811844343
209.00000000000003 0.02594949926010069
210.0 0.026066861957130327
211.0 0.02618590533295402
212.0 0.02630666164738193
213.0 0.026429164020867493
214.0 0.02655344645322436
215.0 0.026679543866865555
216.0 0.026807492124053343
217.0 0.026937328071979415
217.99999999999997 0.027069089563870247
219.00000000000003 0.027202815501401103
220.0 0.027338545871349436
221.0 0.02747632177483195
222.0 0.027616185476854307
223.0 0.02775818044447897
224.0 0.027902351382935515
225.0 0.02804874428816236
226.0 0.02819740648939171
227.0 0.02834838669807477
228.0 0.028501735059694853
228.99999999999997 0.028657503206890672
230.00000000000003 0.028815744308560633
231.0 0.028976513139218157
232.0 0.0291398661283727
233.0 0.029305861427599632
234.0 0.029474558979067905
235.0 0.029646020580784957
236.0 0.02982030995955111
237.0 0.029997492851441133
238.0 0.03017763706842987
238.99999999999997 0.03036081260027484
239.99999999999997 0.030547091682957526
241.00000000000003 0.030736548901997007
242.0 0.030929261283263253
243.0 0.031125308393671034
244.0 0.03132477245139126
245.0 0.03152773842418963
246.0 0.031734294164500444
247.0 0.031944530513580476
248.0 0.03215854143897053
249.0 0.03237642417522166
249.99999999999997 0.03259827935460059
251.00000000000003 0.03282421115726056
252.0 0.033054327483993805
253.0 0.03328874010787446
254.0 0.03352756485521724
255.0 0.0337709217846308
256.0 0.03401893539829146
257.0 0.03427173482960547
258.0 0.034529454074166493
259.0 0.03479223220440364
260.0 0.03506021363756469
261.0 0.03533354836466801
262.0 0.03561239225132835
263.0 0.03589690730185677
264.0 0.036187261981047096
265.0 0.03648363153271387
266.0 0.03678619832294365
267.0 0.03709515221339002
268.0 0.03741069093120048
269.0 0.037733020509376235
270.0 0.03806235569681469
271.0 0.03839892044080298
272.0 0.03874294839098029
273.0 0.039094683411678266
274.0 0.039454380148055676
275.0 0.03982230465008343
276.0 0.0401987349950722
277.0 0.040583961983233066
278.0 0.04097828986879092
279.0 0.04138203714976847
280.0 0.0417955374303473
281.0 0.042219140279739976
282.0 0.04265321224409405
283.0 0.04309813787413028
284.0 0.04355432082513546
285.0 0.044022185097878634
286.0 0.044502176294036994
287.0 0.04499476303678679
288.0 0.04550043846629416
289.0 0.04601972186436048
290.0 0.046553160419162645
291.0 0.04710133109528636
292.0 0.04766484273577441
293.0 0.04824433824339042
294.0 0.0488404970293351
295.0 0.04945403762766891
296.0 0.05008572055393579
297.0 0.05073635142005875
298.0 0.05140678432714508
299.0 0.0520979255484047
300.0 0.052810737615846995
301.0 0.05354624371081039
302.0 0.05430553253894626
303.0 0.055089763660907995
304.0 0.05590017334375218
305.0 0.05673808101817111
306.0 0.05760489636698533
307.0 0.05850212722138272
308.0 0.0594313881956857
309.0 0.06039441037420539
310.0 0.06139305194016159
311.0 0.06242931010123966
312.0 0.06350533433878643
313.0 0.06462344115481203
314.0 0.06578613068807146
315.0 0.06699610520169208
316.0 0.06825629000895969
317.0 0.06956985688903883
318.0 0.07094025065773045
319.0 0.07237121918117978
320.0 0.07386684745226196
321.0 0.07543159631349307
322.0 0.07707034681607414
323.0 0.07878845076562822
324.0 0.08059178894128811
325.0 0.08248683814290357
326.0 0.08448074857138303
327.0 0.0865814336942897
328.0 0.08879767498710507
329.0 0.0911392441866112
329.99999999999994 0.09361704694267865
331.0 0.09624329228487313
332.00000000000006 0.09903169320981724
333.0 0.10199770572206292
334.0 0.10515881481001643
335.0 0.10853487867884543
336.0 0.11214854559491086
337.0 0.1160257615845283
338.0 0.12019639353236553
339.0 0.12469499866916059
340.0 0.12956178309451324
340.99999999999994 0.13484380509535143
342.0 0.1405964998595774
343.00000000000006 0.1468856303499791
344.0 0.15378980970714465
345.0 0.1614038014267278
346.0 0.1698428910104332
347.0 0.17924875962133266
348.0 0.18979749671988383
349.0 0.20171072098441073
349.99999999999994 0.21527131200834165
351.0 0.23084614869628672
351.99999999999994 0.2489197896031219
353.0 0.27014576802865065
354.00000000000006 0.2954272846189354
355.0 0.3260490186923883
356.0 0.36390231004601603
357.0 0.4118911954896298
358.0 0.4747149567992085
359.0 0.5605089609763679
360.0 0.6846877100437989
360.99999999999994 0.8804319599765889
362.0 1.2346451984011046
363.00000000000006 2.070618135135306
364.0 6.459768367462962
365.0 5.729970545555347
366.0 1.9803182549483622
367.0 1.1953443958700023
368.0 0.8551776690748989
369.0 0.6652132644955236
370.0 0.5439600474561846
371.0 0.4598485194285601
371.99999999999994 0.39808023559073386
373.0 0.35079662638636216
374.00000000000006 0.31343774411932895
375.0 0.2831758955642327
376.0 0.25816441545626256
377.0 0.23714617921085962
378.0 0.21923573147998485
379.0 0.20379138417541406
380.0 0.19033673155108535
381.0 0.1785106538930924
382.0 0.16803443442520155
382.99999999999994 0.1586895232325524
384.0 0.1503021336440006
385.00000000000006 0.14273233966846374
386.0 0.1358662125044447
387.0 0.12961005081965885
388.0 0.12388608241498918
389.0 0.11862921743745213
390.0 0.11378456427690348
391.0 0.10930550769147415
392.0 0.10515220561723213
393.0 0.10129040204424397
393.99999999999994 0.09769048123030176
395.0 0.09432670769846924
396.00000000000006 0.0911766109285363
397.0 0.08822048348462522
398.0 0.08544096903708664
399.0 0.08282272181332273
400.0 0.08035212374571654
401.0 0.07801704795512465
402.0 0.0758066600811416
403.0 0.07371125055573392
404.0 0.07172209231314947
404.99999999999994 0.06983131961335286
406.0 0.06803182433526452
407.00000000000006 0.06631716687239074
408.0 0.06468149938302621
409.0 0.06311949933534695
410.0 0.06162631180707324
411.0 0.06019749923629157
412.0 0.058828997529238994
413.0 0.05751707758258819
413.99999999999994 0.05625831144207467
415.0 0.055049542537223994
416.00000000000006 0.05388785931077148
417.0 0.052770571937257926
418.00000000000006 0.05169519157331727
419.0 0.05065941197101633
420.0 0.04966109299528994
421.0 0.04869824594488874
422.0 0.04776902041197973
423.0 0.046871692447033396
424.0 0.04600465392555195
424.99999999999994 0.0451664030159927
426.0 0.04435553551073772
427.00000000000006 0.043570737043279545
428.0 0.04281077599451946
429.0 0.04207449709178425
430.0 0.041360815596578865
431.0 0.040668711979117166
432.0 0.039997227110202524
433.0 0.039345457842540135
434.0 0.03871255298630061
435.0 0.038097709634852685
435.99999999999994 0.03750016977281176
437.0 0.03691921720175984
438.00000000000006 0.03635417468585853
439.0 0.035804401328989835
440.0 0.03526929018876743
441.0 0.03474826604245267
442.0 0.03424078334548818
443.0 0.03374632435338258
444.0 0.033264397349440505
445.0 0.03279453505402105
446.0 0.032336293113195816
446.99999999999994 0.03188924870326568
448.0 0.031452999259883846
449.00000000000006 0.03102716126407956
450.0 0.03061136914070707
451.0 0.03020527420976452
452.0 0.029808543726720017
453.0 0.029420859989401794
454.0 0.029041919485128
455.0 0.02867143211730097
456.0 0.028309120466849396
457.0 0.027954719107243772
457.99999999999994 0.027607973966462387
459.0 0.02726864172724133
460.00000000000006 0.026936489257345105
461.0 0.02661129308876831
462.0 0.02629283892308429
463.0 0.02598092115594289
464.0 0.02567534245047354
465.0 0.025375913327569048
466.0 0.02508245176904552
467.0 0.024794782858171802
468.0 0.024512738442076742
468.99999999999994 0.024236156800995456
470.0 0.023964882346487054
471.00000000000006 0.023698765334024305
472.0 0.023437661590116347
473.0 0.023181432254872108
474.0 0.022929943541671858
475.0 0.02268306650811444
476.0 0.022440676834069393
477.0 0.022202654622854347
477.99999999999994 0.021968884201086624
479.0 0.021739253936907486
479.99999999999994 0.02151365606507351
481.0 0.021291986518431498
482.00000000000006 0.02107414477596514
483.0 0.020860033706227504
484.0 0.020649559432005037
485.0 0.020442631191190143
486.0 0.020239161210277776
487.0 0.020039064581170853
488.0 0.01984225914792226
488.99999999999994 0.019648665391124174
490.0 0.01945820632940018
491.00000000000006 0.019270807415511935
492.0 0.019086396438600432
493.0 0.018904903438531583
494.0 0.018726260615119766
495.0 0.018550402247076284
496.0 0.01837726461183946
497.0 0.018206785913054146
498.0 0.018038906203131762
499.0 0.01787356732000378
499.99999999999994 0.017710712818400153
501.0 0.017550287907009174
502.00000000000006 0.01739223938910591
503.0 0.0172365156048678
504.0 0.017083066374721467
505.0 0.016931842951411983
506.0 0.016782797961836945
507.0 0.016635885366346637
508.0 0.016491060407439057
509.0 0.016348279567353605
510.0 0.01620750052542513
510.99999999999994 0.016068682116047086
512.0 0.01593178429047243
513.0 0.01579676808067683
514.0 0.0156635955591069
515.0 0.015532229808500286
516.0 0.015402634886318434
517.0 0.015274775792754297
518.0 0.015148618440716154
519.0 0.015024129625420204
520.0 0.014901276998376959
521.0 0.014780029035897925
522.0 0.014660355016797574
523.0 0.014542224995882914
524.0 0.014425609776921719
525.0 0.01431048089527432
526.0 0.014196810588779104
527.0 0.01408457178059903
528.0 0.013973738055001806
529.0 0.013864283641195622
530.0 0.013756183389969947
531.0 0.013649412757531136
532.0 0.013543947786253148
533.0 0.013439765087314112
534.0 0.013336841824448756
535.0 0.013235155697160226
536.0 0.01313468492663579
537.0 0.013035408237418005
538.0 0.012937304846892718
539.0 0.012840354447799046
540.0 0.012744537196900977
541.0 0.012649833700416018
542.0 0.012556225001826835
543.0 0.012463692570935507
544.0 0.012372218289089354
545.0 0.012281784440665184
546.0 0.012192373700609393
547.0 0.012103969123482366
548.0 0.012016554133917189
549.0 0.011930112516137991
550.0 0.011844628403750406
551.0 0.011760086272539652
552.0 0.011676470927664034
553.0 0.01159376749869154
554.0 0.011511961428586145
555.0 0.011431038466458125
556.0 0.011350984659461657
557.0 0.011271786344694735
558.0 0.01119343014188455
559.0 0.011115902946724028
560.0 0.01103919192350277
561.0 0.010963284496676889
562.0 0.01088816834697882
563.0 0.01081383140338552
564.0 0.010740261836563571
565.0 0.010667448054481655
566.0 0.010595378694449887
567.0 0.01052404261928474
568.0 0.01045342891012279
569.0 0.010383526862729638
570.0 0.01031432598102613
571.0 0.010245815972555902
572.0 0.010177986743343751
573.0 0.010110828394017184
574.0 0.010044331213368023
575.0 0.009978485676100156
576.0 0.009913282436061457
577.0 0.009848712324159575
578.0 0.009784766343019384
579.0 0.009721435663031623
580.0 0.009658711619570366
581.0 0.00959658570717343
582.0 0.00953504957739757
583.0 0.009474095035224733
584.0 0.00941371403479522
585.0 0.009353898676635533
586.0 0.009294641203866083
587.0 0.009235933999417039
588.0 0.00917776958247697
589.0 0.009120140606430103
590.0 0.009063039854179623
591.0 0.009006460236967849
592.0 0.008950394790604633
593.0 0.008894836673159186
594.0 0.0088397791619676
595.0 0.008785215651072285
596.0 0.008731139648968439
597.0 0.008677544776304544
598.0 0.00862442476253704
599.0 0.008571773444841495
600.0 0.00851958476494567
601.0 0.008467852767240136
602.0 0.008416571596653452
603.0 0.008365735496158301
604.0 0.00831533880560776
605.0 0.00826537595855432
606.0 0.00821584148117107
607.0 0.008166729990207918
608.0 0.008118036190795513
609.0 0.008069754874790665
610.0 0.008021880919125066
611.0 0.007974409283828015
612.0 0.00792733501106468
613.0 0.007880653222163794
614.0 0.007834359117346876
615.0 0.007788447973428853
616.0 0.007742915142549681
617.0 0.0076977560505612245
618.0 0.007652966195435503
619.0 0.007608541146169308
620.0 0.007564476541459612
621.0 0.007520768087642985
622.0 0.007477411558338236
623.0 0.007434402792439982
624.0 0.00739173769311763
625.0 0.007349412226622838
626.0 0.007307422420762457
627.0 0.0072657643644422456
628.0 0.007224434205559005
629.0 0.007183428150588916
630.0 0.007142742463347168
631.0 0.007102373463725379
632.0 0.007062317526655125
633.0 0.007022571081243295
634.0 0.006983130609543332
635.0 0.006943992646163344
636.0 0.006905153776227785
637.0 0.0068666106355153075
638.0 0.006828359908938627
639.0 0.006790398329883785
640.0 0.006752722679102261
641.0 0.006715329784121737
642.0 0.006678216518054435
643.0 0.00664137979921978
644.0 0.006604816590295338
645.0 0.006568523896771579
646.0 0.0065324987671950985
647.0 0.006496738291836766
648.0 0.006461239602005332
649.0 0.0064259998697572115
650.0 0.006391016306299193
651.0 0.00635628616235773
652.0 0.006321806726465542
653.0000000000001 0.006287575325145917
654.0 0.006253589321828237
655.0 0.006219846116324592
656.0 0.0061863431440066395
657.0 0.006153077875684907
658.0 0.006120047816353281
659.0 0.006087250505254462
659.9999999999999 0.006054683514595629
661.0 0.006022344449762917
662.0 0.005990230948164571
663.0 0.0059583406788122776
664.0000000000001 0.005926671342358793
665.0 0.00589522066959539
666.0 0.005863986421542142
667.0 0.005832966389026099
668.0 0.0058021583919893845
669.0 0.005771560278955693
670.0 0.005741169926672573
670.9999999999999 0.005710985239695886
672.0 0.005681004149613495
673.0 0.005651224615359864
674.0 0.005621644621644666
675.0000000000001 0.0055922621796537075
676.0 0.005563075325889242
677.0 0.0055340821220781645
678.0 0.0055052806547026024
679.0 0.005476669034537875
680.0 0.005448245396272851
681.0 0.005420007898473879
681.9999999999999 0.005391954722498758
683.0 0.005364084072844241
684.0 0.005336394176460182
685.0 0.005308883282305026
686.0000000000001 0.00528154966131272
687.0 0.005254391605566879
688.0 0.005227407428696175
688.9999999999999 0.0052005954646963636
690.0 0.00517395406828635
691.0 0.005147481614273896
692.0 0.005121176497355165
692.9999999999999 0.005095037131714107
694.0 0.00506906195072595
695.0 0.005043249406879184
696.0 0.005017597971021984
697.0000000000001 0.0049921061327952475
698.0 0.004966772399641728
699.0 0.004941595296997843
699.9999999999999 0.004916573367810682
701.0 0.004891705172281061
702.0 0.004866989287698381
703.0 0.004842424308080612
703.9999999999999 0.004818008844227923
705.0 0.004793741522853047
706.0 0.004769620987106869
707.0 0.004745645895704398
708.0000000000001 0.004721814923115395
709.0 0.00469812675905841
710.0 0.004674580108374102
710.9999999999999 0.004651173691056165
712.0 0.004627906241474145
713.0 0.004604776508696771
714.0 0.004581783256082195
715.0000000000001 0.004558925260959209
716.0 0.004536201314607482
717.0 0.004513610221972647
718.0 0.004491150801377795
719.0000000000001 0.004468821884719438
720.0 0.004446622316628689
721.0 0.004424550954932653
721.9999999999999 0.00440260667008839
723.0 0.00438078834512118
724.0 0.004359094875458902
725.0 0.004337525168693933
726.0000000000001 0.004316078144414547
727.0 0.004294752734284906
728.0 0.004273547881396445
729.0 0.004252462540578398
730.0 0.004231495677977737
731.0 0.00421064627100408
732.0 0.004189913308033689
732.9999999999999 0.004169295788574883
734.0 0.004148792722697593
735.0 0.004128403131089874
736.0 0.004108126045144908
737.0000000000001 0.004087960506366188
738.0 0.00406790556660728
739.0 0.004047960287682815
740.0 0.004028123741407352
741.0 0.004008395009261357
742.0 0.003988773182514947
743.0 0.00396925736204482
743.9999999999999 0.003949846657877111
745.0 0.003930540189501817
746.0 0.003911337085523839
747.0 0.0038922364836147137
748.0000000000001 0.003873237530255919
749.0 0.0038543393808946895
750.0 0.0038355411994961805
751.0 0.003816842158673757
752.0 0.003798241439540764
753.0 0.0037797382315028602
754.0 0.0037613317321835713
754.9999999999999 0.0037430211473745154
756.0 0.003724805690895471
757.0 0.0037066845843907997
758.0 0.0036886570574945084
759.0000000000001 0.003670722347458093
760.0 0.0036528796992315493
761.0 0.0036351283650478215
762.0 0.003617467604942679
763.0 0.003599896685974156
764.0 0.003582414882545938
765.0 0.0035650214762750813
765.9999999999999 0.0035477157557074136
767.0 0.0035304970164169356
768.0 0.0035133645608947123
769.0 0.0034963176983890884
770.0000000000001 0.003479355744802058
771.0 0.0034624780227695867
772.0 0.0034456838612834423
773.0 0.0034289725960332256
774.0 0.003412343568971665
775.0 0.0033957961282589807
776.0 0.0033793296284126465
776.9999999999999 0.0033629434299738132
778.0 0.003346636899728829
779.0 0.0033304094103015353
780.0 0.003314260340202371
781.0000000000001 0.0032981890739359615
782.0 0.003282195001747816
783.0 0.00326627751942346
784.0 0.00325043602858129
785.0 0.003234669936275908
786.0 0.003218978655191206
787.0 0.0032033616033110696
787.9999999999999 0.003187818203973049
789.0 0.0031723478859636395
790.0 0.003156950083156802
791.0 0.0031416242346970825
792.0000000000001 0.0031263697847972354
793.0 0.003111186182677333
794.0 0.0030960728826411707
795.0 0.0030810293437800495
796.0 0.0030660550301907716
797.0 0.0030511494107918315
798.0 0.003036311959102856
798.9999999999999 0.0030215421534801994
800.0 0.0030068394768172414
801.0 0.0029922034167446194
802.0 0.002977633465310399
803.0000000000001 0.0029631291189812503
804.0 0.0029486898788134625
805.0 0.0029343152501792357
806.0 0.0029200047426544366
807.0 0.002905757870200745
808.0 0.0028915741510786882
809.0 0.0028774531075462565
809.9999999999999 0.0028633942660595334
811.0 0.002849397157203732
812.0 0.0028354613154969433
813.0 0.0028215862794829715
814.0000000000001 0.0028077715916712863
815.0 0.002794016798412666
816.0 0.0027803214499396572
816.9999999999999 0.002766685100211104
818.0 0.002753107307063559
819.0 0.0027395876319227827
820.0 0.002726125639944073
820.9999999999999 0.0027127208999283437
822.0 0.0026993729842426767
823.0 0.002686081468771803
824.0 0.002672845932930015
825.0000000000001 0.002659665959554424
826.0 0.002646541135022987
827.0 0.0026334710489361347
827.9999999999999 0.002620455294354838
829.0 0.0026074934676114042
830.0 0.002594585168323999
831.0 0.0025817299993213037
832.0000000000001 0.0025689275666056837
833.0 0.002556177479443457
834.0 0.0025434793500764153
835.0 0.00253083279398749
836.0000000000001 0.002518237429565223
837.0 0.0025056928783109304
838.0 0.002493198764688651
838.9999999999999 0.0024807547160879116
840.0 0.002468360362906452
841.0 0.002456015338294907
842.0 0.002443719278385453
843.0000000000001 0.0024314718220019137
844.0 0.0024192726108444767
845.0 0.002407121289348238
846.0 0.002395017504682839
847.0000000000001 0.002382960906663951
848.0 0.0023709511478607393
849.0 0.0023589878833893472
849.9999999999999 0.0023470707710034782
851.0 0.002335199471104749
852.0 0.0023233736464954163
853.0 0.00231159296256313
854.0000000000001 0.0022998570872717976
855.0 0.0022881656909460534
856.0 0.002276518446322578
857.0 0.0022649150286839464
858.0 0.002253355115509844
859.0 0.002241838386765186
860.0 0.002230364524717738
860.9999999999999 0.0022189332139193494
862.0 0.0022075441411499434
863.0 0.002196196995562186
864.0 0.0021848914683980504
865.0000000000001 0.002173627253217834
866.0 0.002162404045627455
867.0 0.0021512215435119902
868.0 0.002140079446789165
869.0 0.002128977457535808
870.0 0.002117915279838259
871.0 0.0021068926199663256
871.9999999999999 0.00209590918605538
873.0 0.0020849646884199924
874.0 0.002074058839190639
875.0 0.0020631913525788344
876.0000000000001 0.0020523619447173325
877.0 0.0020415703336116747
878.0 0.0020308162392469096
879.0 0.002020099383395224
880.0 0.0020094194897698875
881.0 0.001998776283820307
882.0 0.001988169492897334
882.9999999999999 0.001977598846100791
884.0 0.0019670640743076496
885.0 0.001956564910129587
886.0 0.0019461010879967128
887.0000000000001 0.0019356723438956008
888.0 0.0019252784156816311
889.0 0.0019149190427310064
890.0 0.0019045939661568
891.0 0.0018943029286869217
892.0 0.0018840456746827847
893.0 0.0018738219500427928
893.9999999999999 0.001863631502334092
895.0 0.0018534740806042359
896.0 0.0018433494354697143
897.0 0.0018332573191276835
898.0000000000001 0.0018231974851665611
899.0 0.001813169688712004
900.0 0.0018031736864317605
901.0 0.0017932092363723904
902.0 0.0017832760979834214
903.0 0.0017733740322223028
904.0 0.0017635028014305056
904.9999999999999 0.0017536621692451698
906.0 0.0017438519007804759
907.0 0.0017340717624569025
908.0 0.001724321521994734
909.0000000000001 0.0017146009485303117
910.0 0.0017049098123963027
911.0 0.0016952478852785484
912.0 0.0016856149401475633
913.0 0.001676010751154547
914.0 0.001666435093756241
915.0 0.0016568877445799729
915.9999999999999 0.0016473684815568677
917.0 0.001637877083698273
918.0 0.0016284133312983566
919.0 0.001618977005719321
920.0000000000001 0.001609567889538735
921.0 0.001600185766444966
922.0 0.0015908304212677148
923.0 0.0015815016399126835
924.0 0.0015721992093689675
925.0 0.0015629229177758874
926.0 0.001553672554232181
926.9999999999999 0.001544447908958341
928.0 0.0015352487731950582
929.0 0.0015260749391893967
930.0 0.001516926200200465
931.0000000000001 0.0015078023504943151
932.0 0.0014987031852654686
933.0 0.0014896285007801238
934.0 0.0014805780941299625
935.0 0.0014715517634380942
936.0 0.0014625493077191226
937.0 0.0014535705269028494
937.9999999999999 0.0014446152218283786
939.0 0.0014356831941767128
940.0 0.0014267742466053802
941.0 0.0014178881825035682
942.0000000000001 0.0014090248062021747
943.0 0.0014001839228359285
944.0 0.001391365338357904
944.9999999999999 0.001382568859545272
946.0 0.0013737942939576824
947.0 0.0013650414499525323
948.0 0.0013563101366190606
948.9999999999999 0.0013476001638741569
950.0 0.0013389113423428092
951.0 0.0013302434834248093
952.0 0.0013215963991251086
953.0000000000001 0.0013129699023222733
954.0 0.0013043638064999454
955.0 0.001295777925815439
955.9999999999999 0.0012872120751870999
957.0 0.001278666070085225
958.0 0.0012701397267223815
959.0 0.0012616328619062796
959.9999999999999 0.0012531452930828544
961.0 0.0012446768383231478
962.0 0.001236227316259996
963.0 0.0012277965462073957
964.0000000000001 0.0012193843479513427
965.0 0.0012109905419308523
966.0 0.0012026149491284484
966.9999999999999 0.001194257390984905
968.0 0.001185917689628721
969.0 0.00117759566760031
970.0 0.001169291147987515
971.0000000000001 0.0011610039543425046
972.0 0.001152733910768824
973.0 0.0011444808418092926
974.0 0.00113624457248516
975.0000000000001 0.0011280249282610087
976.0 0.001119821735048835
977.0 0.0011116348192019856
977.9999999999999 0.0011034640074575823
979.0 0.0010953091270480273
980.0 0.0010871700054893765
981.0 0.001079046470774957
982.0000000000001 0.001070938351236271
983.0 0.0010628454755750728
984.0 0.001054767672851321
985.0 0.0010467047724309207
986.0 0.0010386566040972254
987.0 0.0010306229978402964
988.0 0.0010226037840483555
988.9999999999999 0.0010145987933635192
990.0 0.0010066078567243096
991.0 0.000998630805348451
992.0 0.0009906674707044465
993.0000000000001 0.0009827176845020223
994.0 0.0009747812787468527
995.0 0.0009668580855955617
996.0 0.0009589479374781421
997.0 0.0009510506670206101
998.0 0.0009431661070301242
999.0 0.0009352940905070119
999.9999999999999 0.0009274344506071698
1001.0 0.0009195870206967279
1002.0 0.0009117516342197518
1003.0 0.000903928124833594
1004.0000000000001 0.0008961163262372309
1005.0 0.0008883160723192553
1006.0 0.0008805271970404073
1007.0 0.0008727495344269079
1008.0 0.0008649829186552436
1009.0 0.0008572271838909883
1010.0 0.0008494821644266114
1010.9999999999999 0.0008417476945217092
1012.0 0.0008340236085387536
1013.0 0.0008263097408343686
1014.0 0.000818605925763222
1015.0000000000001 0.0008109119976661463
1016.0 0.000803227790937508
1017.0 0.0007955531398460305
1018.0 0.0007878878786975475
1019.0 0.000780231841732244
1020.0 0.0007725848630716407
1021.0 0.0007649467768298835
1021.9999999999999 0.0007573174169808167
1023.0 0.0007496966174482009
1024.0 0.0007420842119945483
1025.0 0.0007344800342956838
1026.0 0.0007268839178373402
1027.0 0.0007192956960038103
1028.0 0.0007117152019888886
1029.0 0.0007041422688107325
1030.0 0.0006965767293080495
1031.0 0.0006890184160850912
1032.0 0.0006814671615749886
1033.0 0.0006739227979315597
1034.0 0.0006663851571045032
1035.0 0.0006588540707658095
1036.0 0.0006513293703265926
1037.0 0.00064381088689168
1038.0 0.0006362984512828503
1039.0 0.0006287918940346255
1040.0 0.000621291045288399
1041.0 0.0006137957349243487
1042.0 0.0006063057923934598
1043.0 0.0005988210468336602
1044.0 0.0005913413269698196
1045.0 0.0005838664611123377
1046.0 0.0005763962772280133
1047.0 0.0005689306027619009
1048.0 0.0005614692648074902
1049.0 0.0005540120899059431
1050.0 0.000546558904200247
1051.0 0.0005391095333044332
1052.0 0.0005316638023426053
1053.0 0.000524221535915131
1054.0 0.0005167825580612701
1055.0 0.0005093466923322828
1056.0 0.0005019137616242541
1057.0 0.0004944835883123631
1058.0 0.0004870559941444135
1059.0 0.0004796308002511636
1060.0 0.0004722078271325013
1061.0 0.00046478689460556277
1062.0 0.000457367821886325
1063.0 0.00044995042740998323
1064.0 0.0004425345290019769
1065.0 0.00043511994366764466
1066.0 0.0004277064877354778
1067.0 0.00042029397676238383
1068.0 0.00041288222549951527
1069.0 0.0004054710479467704
1070.0 0.00039806025723582844
1071.0 0.00039064966571124483
1072.0 0.00038323908480591176
1073.0 0.0003758283251283911
1074.0 0.0003684171963655088
1075.0 0.0003610055072924573
1076.0 0.0003535930657378229
1077.0 0.00034617967861688746
1078.0 0.0003387651518034073
1079.0 0.0003313492902353411
1080.0 0.0003239318977638793
1081.0 0.00031651277724734875
1082.0 0.00030909173046225687
1083.0 0.0003016685581043314
1084.0 0.0002942430597353381
1085.0 0.0002868150338266215
1086.0 0.0002793842776489026
1087.0 0.0002719505873132593
1088.0 0.0002645137577390508
1089.0 0.000257073582598934
1090.0 0.00024962985431551825
1091.0 0.00024218236402976406
1092.0 0.00023473090158942106
1093.0 0.00022727525548087222
1094.0 0.00021981521288346462
1095.0 0.00021235055956507544
1096.0 0.00020488107990680683
1097.0 0.00019740655678365189
1098.0 0.00018992677171451235
1099.0 0.00018244150463687375
1100.0 0.00017495053399609796
1101.0 0.00016745363671060758
1102.0 0.00015995058807511696
1103.0 0.00015244116179600757
1104.0 0.0001449251299548597
1105.0 0.00013740226294555385
1106.0 0.0001298723294457774
1107.0 0.00012233509643301847
1108.0 0.00011479032906621315
1109.0 0.00010723779075546369
1110.0 9.967724307607861e-5
1111.0 9.210844568486328e-5
1112.0 8.453115639127562e-5
1113.0 7.694513103790846e-5
1114.0 6.93501234852296e-5
1115.0 6.174588564685783e-5
1116.0 5.4132167301690035e-5
1117.0 4.650871623633328e-5
1118.0 3.8875278020141885e-5
1119.0 3.123159613464952e-5
1120.0 2.357741184587773e-5
1121.0 1.5912464170739747e-5
1122.0 8.236489824045765e-6
1123.0 5.492232600542786e-7
1124.0 7.149603499824968e-6
1125.0 1.4860260798200056e-5
1126.0 2.258302142106807e-5
1127.0 3.0318160700092797e-5
1128.0 3.806595647653915e-5
1129.0 4.582668914665361e-5
1130.0 5.3600641792112797e-5
1131.0 6.138810016643843e-5
1132.0 6.918935270996924e-5
1133.0 7.700469071335048e-5
1134.0 8.483440823020824e-5
1135.0 9.26788022259403e-5
1136.0 0.00010053817259727567
1137.0 0.0001084128222484056
1138.0 0.00011630305705448364
1139.0 0.00012420918607802938
1140.0 0.000132131521442393
1141.0 0.00014007037857263882
1142.0 0.00014802607609044348
1143.0 0.00015599893596679053
1144.0 0.00016398928355769262
1145.0 0.00017199744769860658
1146.0 0.00018002376067189992
1147.0 0.00018806855840678498
1148.0 0.00019613218042925236
1149.0 0.0002042149699661798
1150.0 0.00021231727407190502
1151.0 0.00022043944361719006
1152.0 0.00022858183335076337
1153.0 0.00023674480206428578
1154.0 0.00024492871260773443
1155.0 0.0002531339319173498
1156.0 0.0002613608312156472
1157.0 0.00026960978595129686
1158.0 0.0002778811759671748
1159.0 0.00028617538556816377
1160.0 0.0002944928036035342
1161.0 0.00030283382347697744
1162.0 0.00031119884338990305
1163.0 0.0003195882662643979
1164.0 0.0003280024999157249
1165.0 0.0003364419571934302
1166.0 0.000344907055944845
1167.0 0.00035339821922675057
1168.0 0.00036191587531193137
1169.0 0.00037046045788491155
1170.0 0.00037903240604854034
1171.0 0.0003876321645143454
1172.0 0.00039626018364799325
1173.0 0.0004049169195840702
1174.0 0.0004136028343623191
1175.0 0.0004223183960409718
1176.0 0.00043106407878877286
1177.0 0.0004398403629902464
1178.0 0.0004486477354338509
1179.0 0.000457486689376474
1180.0 0.00046635772465967925
1181.0 0.0004752613478919966
1182.0 0.0004841980725476644
1183.0 0.0004931684191119994
1184.0 0.0005021729152200238
1185.0 0.0005112120957439004
1186.0 0.000520286503060855
1187.0 0.0005293966870703117
1188.0 0.0005385432054166115
1189.0 0.0005477266236193772
1190.0 0.0005569475152490194
1191.0 0.000566206462089188
1192.0 0.0005755040542389659
1193.0 0.0005848408904079726
1194.0 0.0005942175779365514
1195.0 0.0006036347331320857
1196.0 0.0006130929813192187
1197.0 0.0006225929571066449
1198.0 0.0006321353044799258
1199.0 0.0006417206771442205
1200.0 0.0006513497386274453
1201.0 0.0006610231624489548
1202.0 0.0006707416324561701
1203.0 0.0006805058429114
1204.0 0.0006903164987756849
1205.0 0.0007001743159418604
1206.0 0.0007100800213794019
1207.0 0.0007200343535196286
1208.0 0.000730038062385669
1209.0 0.0007400919098586691
1210.0 0.0007501966699332369
1211.0 0.0007603531290058076
1212.0 0.0007705620861315808
1213.0 0.0007808243532827553
1214.0 0.0007911407556341165
1215.0 0.0008015121318998796
1216.0 0.0008119393344963618
1217.0 0.000822423230048573
1218.0 0.000832964699514404
1219.0 0.0008435646385916538
1220.0 0.0008542239580477243
1221.0 0.0008649435840743799
1222.0 0.0008757244585247857
1223.0 0.0008865675394341642
1224.0 0.0008974738012192427
1225.0 0.0009084442352211659
1226.0 0.0009194798499180699
1227.0 0.0009305816714347704
1228.0 0.0009417507439279072
1229.0 0.0009529881300065232
1230.0 0.0009642949110609825
1231.0 0.0009756721879106193
1232.0 0.0009871210810349928
1233.0 0.0009986427311832
1234.0 0.001010238299800988
1235.0 0.0010219089695186951
1236.0 0.0010336559446725872
1237.0 0.0010454804518396949
1238.0 0.0010573837403418758
1239.0 0.0010693670827924772
1240.0 0.0010814317756436425
1241.0 0.001093579139901216
1242.0 0.0011058105215484225
1243.0 0.0011181272922936713
1244.0 0.0011305308500526422
1245.0 0.001143022619813362
1246.0 0.0011556040541768383
1247.0 0.001168276634041566
1248.0 0.001181041869327264
1249.0 0.00119390129984036
1250.0 0.0012068564958412492
1251.0 0.0012199090589520964
1252.0 0.0012330606228554961
1253.0 0.0012463128543011815
1254.0 0.0012596674537500615
1255.0 0.0012731261564616157
1256.0 0.0012866907332395653
1257.0 0.0013003629914499354
1258.0 0.0013141447759986945
1259.0 0.0013280379703008187
1260.0 0.0013420444973489955
1261.0 0.0013561663206789363
1262.0 0.0013704054456553792
1263.0 0.0013847639204196524
1264.0 0.0013992438371676433
1265.0 0.0014138473333280823
1266.0 0.001428576592823768
1267.0 0.0014434338473902023
1268.0 0.0014584213778690643
1269.0 0.0014735415155634974
1270.0 0.0014887966437871385
1271.0 0.0015041891992223359
1272.0 0.0015197216734728334
1273.0 0.0015353966146795016
1274.0 0.0015512166291576379
1275.0 0.001567184383048274
1276.0 0.0015833026040528737
1277.0 0.0015995740833527367
1278.0 0.001616001677338893
1279.0 0.0016325883097207748
1280.0 0.0016493369733668766
1281.0 0.0016662507325616545
1282.0 0.0016833327249501586
1283.0 0.0017005861640172633
1284.0 0.0017180143413249097
1285.0 0.001735620628760859
1286.0 0.001753408481357614
1287.0 0.0017713814395732671
1288.0 0.0017895431321344587
1289.0 0.0018078972788653225
1290.0 0.001826447693410677
1291.0 0.001845198286475631
1292.0 0.0018641530688206407
1293.0 0.0018833161544685505
1294.0 0.001902691764162426
1295.0 0.0019222842288385271
1296.0 0.001942097993290066
1297.0 0.001962137619961079
1298.0 0.0019824077928691426
1299.0 0.002002913321755593
1300.0 0.0020236591462107845
1301.0 0.0020446503403964674
1302.0 0.0020658921173644907
1303.0 0.00208738983408039
1304.0 0.0021091489964155307
1305.0 0.0021311752644029005
1306.0000000000002 0.0021534744574707057
1307.0 0.0021760525605776545
1308.0 0.002198915729634067
1308.9999999999998 0.0022220702982170535
1310.0 0.0022455227835814443
1311.0 0.002269279893667443
1312.0 0.0022933485340834686
1313.0 0.0023177358155563087
1314.0 0.0023424490613757967
1315.0 0.0023674958158081414
1316.0 0.0023928838521932406
1317.0000000000002 0.0024186211818472887
1318.0 0.0024447160634413602
1319.0 0.002471177012409628
1319.9999999999998 0.002498012811039284
1321.0 0.0025252325192727494
1322.0 0.0025528454856590917
1323.0 0.0025808613588165757
1324.0 0.002609290099982097
1325.0 0.0026381419953823856
1326.0 0.002667427669903944
1327.0 0.0026971581011445197
1328.0000000000002 0.0027273446342040886
1329.0 0.0027579989969737377
1330.0 0.002789133316985726
1330.9999999999998 0.0028207601379937257
1332.0 0.0028528924386478642
1333.0 0.002885543650993906
1334.0 0.002918727680758627
1335.0 0.0029524589285187404
1336.0 0.0029867523116304455
1337.0 0.0030216232880733687
1338.0 0.003057087880997648
1339.0000000000002 0.003093162704628128
1340.0 0.003129864992229062
1341.0 0.0031672126248856202
1341.9999999999998 0.003205224162488606
1343.0 0.0032439188762987997
1344.0 0.0032833167832305742
1345.0 0.003323438682365301
1346.0 0.003364306193783042
1347.0 0.0034059417992526684
1348.0 0.003448368885693506
1349.0 0.0034916117913283687
1350.0000000000002 0.0035356958546046277
1351.0 0.0035806474660422163
1352.0 0.003626494123602265
1352.9999999999998 0.003673264491104801
1354.0 0.003720988461302702
1355.0 0.0037696972219747804
1356.0 0.0038194233270996193
1357.0 0.003870200772498915
1358.0 0.003922065076710914
1359.0 0.003975053367092938
1360.0 0.004029204472238892
1361.0000000000002 0.004084559020302492
1362.0 0.004141159544531653
1363.0 0.00419905059691909
1363.9999999999998 0.0042582788686450065
1365.0 0.004318893320565064
1366.0 0.004380945322834294
1366.9999999999998 0.004444488804624447
1368.0 0.004509580416357857
1369.0 0.004576279702559953
1370.0 0.004644649290229026
1371.0 0.004714755090002344
1372.0000000000002 0.004786666514882766
1373.0 0.004860456715768158
1374.0 0.0049362028369904585
1374.9999999999998 0.005013986291904023
1376.0 0.005093893063298141
1377.0 0.005176014027829136
1377.9999999999998 0.005260445310050543
1379.0 0.0053472886660436425
1380.0 0.0054366519026797875
1381.0 0.005528649334122597
1382.0 0.0056234022796195025
1383.0000000000002 0.005721039610204312
1384.0 0.0058216983436058635
1385.0 0.0059255243005051
1385.9999999999998 0.00603267282126565
1387.0 0.006143309556947501
1388.0 0.006257611338874824
1388.9999999999998 0.006375767138109107
1390.0 0.00649797912606979
1391.0 0.006624463846253472
1392.0 0.006755453516946948
1393.0 0.006891197473306089
1394.0000000000002 0.007031963775848853
1395.0 0.007178041001372407
1396.0 0.007329740244258956
1396.9999999999998 0.007487397357139491
1398.0 0.007651375462279105
1399.0 0.007822067779625972
1399.9999999999998 0.007999900807801398
1401.0 0.008185337924559452
1402.0 0.008378883457861228
1403.0 0.00858108731353523
1404.0 0.008792550243486994
1405.0000000000002 0.009013929860042477
1406.0 0.009245947528612845
1407.0 0.009489396283301862
1407.9999999999998 0.00974514995649173
1409.0 0.010014173735703775
1410.0 0.010297536424577968
1410.9999999999998 0.01059642473012623
1412.0 0.010912159982271675
1413.0 0.011246217779124063
1414.0 0.01160025118317781
1415.0 0.01197611821946592
1416.0000000000002 0.012375914666622944
1417.0 0.012802013336181693
1418.0 0.013257111414967068
1419.0000000000002 0.013744287855137835
1420.0 0.014267073399110446
1421.0 0.01482953659667647
1421.9999999999998 0.015436390264539338
1423.0 0.016093124264683636
1424.0 0.01680617253573229
1425.0 0.017583125154682126
1426.0 0.018433000229167672
1427.0000000000002 0.019366596313929337
1428.0 0.02039695462363276
1429.0 0.021539973102876725
1430.0000000000002 0.022815233946961912
1431.0 0.02424713648280544
1432.0 0.02586647545296081
1432.9999999999998 0.027712683295586474
1434.0 0.02983708698854761
1435.0 0.03230775856520958
1436.0 0.03521695000271402
1437.0 0.03869287526851533
1438.0000000000002 0.042919125048328434
1439.0 0.048168180702020155
1440.0 0.05486261682386921
1441.0000000000002 0.06369493897115476
1442.0 0.07588403598261592
1443.0 0.09379251010335973
1443.9999999999998 0.12267855395740226
1445.0 0.17708613810536233
1446.0 0.31744546707735133
1447.0 1.4539848853364634
1448.0 0.5380015836509411
1449.0000000000002 0.2306458124289455
1450.0 0.1467626108812086
1451.0 0.10766433101620235
1452.0000000000002 0.08504724840746758
1453.0 0.07030521995379312
1454.0 0.0599352179717577
1454.9999999999998 0.05224344989522361
1456.0 0.04631095021967669
1457.0 0.04159601115487769
1458.0 0.03775861659116227
1459.0 0.03457456946251534
1460.0 0.03189004884294762
1461.0 0.029596005748952645
1462.0 0.027612978939242805
1463.0000000000002 0.02588169762922502
1464.0 0.024357051824383347
1465.0 0.023004101671435354
1465.9999999999998 0.021795364313748494
1467.0 0.020708925312659124
1468.0 0.01972709633775179
1469.0 0.018835443310796927
1470.0 0.018022070924779664
1471.0 0.01727708798907597
1472.0 0.016592202424437045
1473.0 0.01596041065665675
1474.0000000000002 0.015375756701811747
1475.0 0.01483314335724434
1476.0 0.014328182800404207
1476.9999999999998 0.013857077336713217
1478.0 0.013416523416128725
1479.0 0.013003633793502008
1480.0 0.012615873955819139
1481.0 0.01225100985210749
1482.0 0.011907064649665514
1483.0 0.01158228275453824
1484.0 0.01127509969873229
1485.0000000000002 0.01098411682487083
1486.0 0.01070807988350434
1487.0 0.010445860865722932
1487.9999999999998 0.010196442510235939
1489.0 0.009958905036619684
1490.0 0.009732414744110478
1491.0 0.009516214168301276
1492.0 0.009309613565106954
1493.0 0.00911198350594166
1494.0 0.00892274842646166
1495.0 0.008741380985481386
1496.0000000000002 0.008567397117485904
1497.0 0.008400351683015115
1498.0 0.00823983463342409
1498.9999999999998 0.008085467618482904
1500.0 0.0079369009826904
1501.0 0.0077938110950297465
1502.0 0.007655897971699376
1503.0 0.007522883155244188
1504.0 0.007394507817706463
1505.0 0.007270531060312806
1506.0 0.0071507283886635235
1507.0000000000002 0.007034890337863
1508.0 0.006922821237108856
1509.0 0.006814338091712796
1509.9999999999998 0.006709269573043403
1511.0 0.006607455103208343
1512.0 0.006508744025622784
1513.0 0.006412994849369313
1514.0 0.006320074562865953
1515.0 0.006229858008638913
1516.0 0.006142227311260066
1517.0 0.006057071355582489
1518.0000000000002 0.005974285309028497
1519.0 0.00589377018342806
1520.0 0.005815432433482391
1520.9999999999998 0.005739183588019315
1522.0 0.0056649399097436735
1523.0 0.005592622083572036
1524.0 0.0055221549280487095
1525.0 0.0054534671296606885
1526.0 0.005386490997109526
1527.0 0.005321162234091804
1528.0 0.005257419729630606
1529.0000000000002 0.005195205362377564
1530.0 0.005134463820662165
1531.0 0.00507514243439463
1531.9999999999998 0.005017191019333342
1533.0 0.004960561732006749
1534.0 0.004905208934842581
1535.0 0.004851089070478091
1536.0 0.004798160544510861
1537.0 0.004746383616282941
1538.0 0.00469572029664249
1539.0 0.004646134252257981
1540.0000000000002 0.004597590716755378
1541.0 0.004550056406775427
1542.0 0.004503499444150646
1542.9999999999998 0.0044578892820104155
1544.0 0.004413196636172926
1545.0 0.004369393420799118
1546.0 0.004326452687380342
1547.0 0.004284348567866383
1548.0 0.004243056221059194
1549.0 0.0042025517820959745
1550.0 0.004162812314902693
1551.0000000000002 0.004123815767525125
1552.0 0.004085540929894398
1553.0 0.004047967394128644
1553.9999999999998 0.0040110755165734275
1555.0 0.003974846382798058
1556.0 0.003939261773815405
1557.0 0.003904304134415153
1558.0 0.003869956543380607
1559.0 0.0038362026847522717
1560.0 0.003803026821435599
1561.0 0.003770413769295091
1562.0000000000002 0.003738348873458491
1563.0 0.003706817985230056
1564.0 0.0036758074404894007
1564.9999999999998 0.003645304039022009
1566.0 0.003615295025179421
1567.0 0.0035857680690761905
1568.0 0.0035567112491208972
1569.0 0.0035281130352980395
1570.0 0.0034999622729363113
1571.0 0.003472248167815003
1572.0 0.0034449602717448557
1573.0000000000002 0.003418088468567475
1574.0 0.0033916229611615062
1575.0 0.0033655542591480418
1575.9999999999998 0.003339873166599616
1577.0 0.003314570771058052
1578.0 0.003289638432502214
1579.0 0.0032650677730528916
1580.0 0.003240850667015303
1581.0 0.0032169792316989578
1582.0 0.003193445818053376
1583.0 0.0031702430024067364
1584.0000000000002 0.003147363577887656
1585.0 0.0031248005468864112
1586.0 0.0031025471132956144
1586.9999999999998 0.0030805966753482293
1588.0 0.0030589428187109916
1589.0 0.003037579310013453
1590.0 0.0030165000902149133
1591.0 0.0029956992688540953
1592.0 0.0029751711180248885
1593.0 0.002954910066868374
1594.0 0.0029349106962329656
1595.0000000000002 0.0029151677335032167
1596.0 0.0028956760477132125
1597.0 0.0028764306447586372
1597.9999999999998 0.0028574266629439104
1599.0 0.0028386593686114308
1600.0 0.0028201241518076873
1601.0 0.0028018165224378477
1602.0 0.0027837321062867803
1603.0 0.0027658666414250195
1604.0 0.0027482159744391314
1605.0 0.0027307760570944796
1606.0000000000002 0.0027135429430776357
1607.0 0.0026965127847615785
1608.0 0.0026796818300117804
1608.9999999999998 0.002663046419423636
1610.0 0.0026466029834593544
1611.0 0.0026303480395385255
1612.0 0.0026142781895260865
1613.0 0.0025983901172258643
1614.0 0.002582680585764818
1615.0 0.002567146435393254
1616.0 0.002551784581124801
1617.0000000000002 0.0025365920105110636
1618.0 0.0025215657815961337
1619.0 0.0025067030207475906
1619.9999999999998 0.0024920009208404775
1621.0 0.0024774567391533187
1622.0 0.0024630677957197425
1622.9999999999998 0.0024488314713785315
1624.0 0.002434745206168703
1625.0 0.0024208064975928447
1626.0 0.002407012899055189
1627.0 0.0023933620182613373
1628.0000000000002 0.002379851515791137
1629.0 0.0023664791035438427
1630.0 0.0023532425434402
1630.9999999999998 0.002340139645976203
1632.0 0.0023271682689533927
1633.0 0.0023143263162040155
1633.9999999999998 0.002301611736318223
1635.0 0.002289022521535289
1636.0 0.0022765567064865194
1637.0 0.002264212367152956
1638.0 0.002251987619770842
1639.0000000000002 0.0022398806197505253
1640.0 0.0022278895606821832
1641.0 0.0022160126733454678
1641.9999999999998 0.002204248224748739
1643.0 0.0021925945172616376
1644.0 0.002181049887597106
1644.9999999999998 0.0021696127060650662
1646.0 0.0021582813756608776
1647.0 0.002147054331272699
1648.0 0.0021359300388688594
1649.0 0.0021249069947268428
1650.0000000000002 0.002113983724710728
1651.0 0.002103158783549221
1652.0 0.0020924307540738877
1652.9999999999998 0.0020817982465986557
1654.0 0.0020712598982414836
1655.0 0.0020608143722610707
1655.9999999999998 0.0020504603574304225
1657.0 0.0020401965674497506
1658.0 0.0020300217403600987
1659.0 0.002019934637927086
1660.0 0.002009934045120064
1661.0000000000002 0.00200001876959205
1662.0 0.0019901876410415523
1663.0 0.0019804395108745363
1664.0000000000002 0.001970773251550135
1665.0 0.0019611877561776397
1666.0 0.0019516819379987635
1666.9999999999998 0.0019422547299978773
1668.0 0.0019329050843873965
1669.0 0.0019236319722032956
1670.0 0.001914434382887157
1671.0 0.0019053113238599057
1672.0000000000002 0.001896261820120296
1673.0 0.0018872849138778726
1674.0 0.0018783796641740473
1675.0000000000002 0.00186954514646437
1676.0 0.0018607804523314592
1677.0 0.001852084689079852
1677.9999999999998 0.001843456979418378
1679.0 0.001834896461127026
1680.0 0.001826402286712972
1681.0 0.0018179736231474322
1682.0 0.0018096096514885987
1683.0000000000002 0.0018013095666337376
1684.0 0.0017930725770196104
1685.0 0.0017848979043226748
1686.0000000000002 0.001776784783182359
1687.0 0.0017687324609448577
1688.0 0.0017607401973817026
1688.9999999999998 0.0017528072644773854
1690.0 0.0017449329460974194
1691.0 0.0017371165378259608
1692.0 0.0017293573466813253
1693.0 0.0017216546909006962
1694.0000000000002 0.0017140078997001282
1695.0 0.0017064163130651917
1696.0 0.0016988792815161285
1697.0000000000002 0.0016913961659276132
1698.0 0.00168396633732093
1699.0 0.0016765891766027695
1699.9999999999998 0.001669264074449175
1701.0 0.0016619904310682565
1702.0 0.0016547676560182104
1703.0 0.001647595168056596
1704.0 0.0016404723948971402
1705.0000000000002 0.0016333987731129982
1706.0 0.001626373747885912
1707.0 0.001619396772913963
1708.0000000000002 0.0016124673102030393
1709.0 0.0016055848299317136
1710.0 0.0015987488102640797
1710.9999999999998 0.001591958737252676
1712.0 0.0015852141046280698
1713.0 0.0015785144137067373
1714.0 0.0015718591732014515
1715.0 0.0015652478991321716
1716.0 0.0015586801146532984
1717.0 0.0015521553499276118
1718.0 0.001545673142039757
1719.0000000000002 0.0015392330347819031
1720.0 0.0015328345786338965
1721.0 0.0015264773305406537
1721.9999999999998 0.001520160853881841
1723.0 0.0015138847182984848
1724.0 0.0015076484996069473
1725.0 0.0015014517796786485
1726.0 0.0014952941463178774
1727.0 0.0014891751932097825
1728.0 0.0014830945197271308
1729.0 0.001477051730918931
1730.0000000000002 0.0014710464373522982
1731.0 0.0014650782550384655
1732.0 0.00145914680533464
1732.9999999999998 0.0014532517148435483
1734.0 0.0014473926153241027
1735.0 0.0014415691436277444
1736.0 0.0014357809415545542
1737.0 0.0014300276558256936
1738.0 0.0014243089379664176
1739.0 0.0014186244442358706
1740.0 0.0014129738355410778
1741.0000000000002 0.001407356777345484
1742.0 0.0014017729396357567
1743.0 0.0013962219967821406
1743.9999999999998 0.0013907036275288317
1745.0 0.0013852175148661246
1746.0 0.0013797633460001506
1747.0 0.001374340812258156
1748.0 0.0013689496090234835
1749.0 0.0013635894356774352
1750.0 0.001358259995539644
1751.0 0.00135296099577299
1752.0000000000002 0.0013476921473511197
1753.0 0.0013424531649896044
1754.0 0.00133724376707688
1754.9999999999998 0.0013320636756115457
1756.0 0.0013269126161663228
1757.0 0.001321790317793784
1758.0 0.0013166965130137623
1759.0 0.0013116309377360616
1760.0 0.0013065933311846442
1761.0 0.0013015834358901203
1762.0 0.0012966009976023752
1763.0000000000002 0.0012916457652457918
1764.0 0.001286717490902375
1765.0 0.0012818159297059357
1765.9999999999998 0.0012769408398278087
1767.0 0.0012720919824363165
1768.0 0.0012672691216360015
1769.0 0.0012624720244179839
1770.0 0.0012577004606283272
1771.0 0.0012529542029168274
1772.0 0.001248233026685983
1773.0 0.0012435367100826161
1774.0000000000002 0.0012388650338988846
1775.0 0.0012342177815912428
1776.0 0.0012295947391999795
1776.9999999999998 0.0012249956953277854
1778.0 0.0012204204410976372
1779.0 0.001215868770102913
1780.0 0.0012113404784091701
1781.0 0.0012068353644547909
1782.0 0.0012023532290769746
1783.0 0.0011978938754450682
1784.0 0.0011934571090128554
1785.0000000000002 0.0011890427375181654
1786.0 0.0011846505709449669
1787.0 0.001180280421455912
1787.9999999999998 0.0011759321033927336
1789.0 0.001171605433236947
1790.0 0.0011673002295893538
1791.0 0.0011630163131006207
1792.0 0.001158753506488489
1793.0 0.0011545116344745428
1794.0 0.001150290523792983
1795.0 0.0011460900031115722
1796.0000000000002 0.0011419099030348509
1797.0 0.001137750056081935
1798.0 0.0011336102966505546
1798.9999999999998 0.0011294904609673085
1800.0 0.0011253903870979873
1801.0 0.0011213099149219475
1802.0 0.001117248886068294
1803.0 0.0011132071439197316
1804.0 0.0011091845335978966
1805.0 0.0011051809019029773
1806.0 0.001101196097326782
1807.0000000000002 0.0010972299700113043
1808.0 0.0010932823717297166
1809.0 0.0010893531558628094
1809.9999999999998 0.0010854421773677536
1811.0 0.001081549292787976
1812.0 0.0010776743601839606
1813.0 0.0010738172391623346
1814.0 0.001069977790812976
1815.0 0.001066155877718456
1816.0 0.0010623513639149637
1817.0 0.0010585641148793737
1818.0000000000002 0.0010547939975232574
1819.0 0.0010510408801421049
1820.0 0.0010473046324348926
1820.9999999999998 0.0010435851254466558
1822.0 0.0010398822315845786
1823.0 0.0010361958245809536
1824.0 0.0010325257794761287
1825.0 0.0010288719726213292
1826.0 0.0010252342816246133
1827.0 0.001021612585362289
1828.0 0.001018006763963642
1829.0000000000002 0.001014416698778356
1830.0 0.0010108422723714625
1831.0 0.001007283368501247
1831.9999999999998 0.0010037398721145076
1833.0 0.0010002116693099141
1834.0 0.0009966986473579581
1835.0 0.000993200694642292
1836.0 0.0009897177006891334
1837.0 0.0009862495561180232
1838.0 0.0009827961526487545
1839.0 0.0009793573830773061
1840.0000000000002 0.0009759331412679557
1841.0 0.0009725233221297689
1842.0 0.0009691278216188622
1842.9999999999998 0.0009657465367231265
1844.0 0.0009623793654246803
1845.0 0.0009590262067207444
1846.0 0.0009556869605922021
1847.0 0.0009523615279917261
1848.0 0.0009490498108480718
1849.0 0.0009457517120246339
1850.0 0.0009424671353409898
1851.0000000000002 0.0009391959855288364
1852.0 0.0009359381682475155
1853.0 0.0009326935900613132
1853.9999999999998 0.0009294621584229115
1855.0 0.0009262437816780717
1856.0 0.0009230383690310016
1857.0 0.0009198458305625332
1858.0 0.0009166660772042567
1859.0 0.0009134990207169925
1860.0 0.0009103445737054218
1861.0 0.0009072026495897172
1862.0000000000002 0.0009040731626023874
1863.0 0.0009009560277752554
1864.0 0.0008978511609437277
1864.9999999999998 0.0008947584787099428
1866.0 0.000891677898460241
1867.0 0.0008886093383487112
1868.0 0.0008855527172682192
1869.0 0.0008825079548681034
1870.0 0.0008794749715471693
1871.0 0.0008764536884157208
1872.0 0.0008734440273066677
1873.0000000000002 0.0008704459107736323
1874.0 0.0008674592620746367
1875.0 0.0008644840051474809
1875.9999999999998 0.0008615200646331061
1877.0 0.0008585673658438466
1878.0 0.0008556258347763232
1878.9999999999998 0.0008526953980742132
1880.0 0.0008497759830452238
1881.0 0.0008468675176463653
1882.0 0.0008439699304831849
1883.0 0.0008410831507786943
1884.0000000000002 0.0008382071083909791
1885.0 0.0008353417338075438
1886.0 0.0008324869581171476
1886.9999999999998 0.000829642713012034
1888.0 0.0008268089307989947
1889.0 0.0008239855443565162
1889.9999999999998 0.0008211724871635882
1891.0 0.0008183696932756954
1892.0 0.0008155770973187314
1893.0 0.0008127946344842766
1894.0 0.0008100222405202416
1895.0000000000002 0.0008072598517430991
1896.0 0.000804507404996481
1897.0 0.0008017648376816603
1897.9999999999998 0.0007990320877278906
1899.0 0.000796309093596146
1900.0 0.000793595794272065
1900.9999999999998 0.0007908921292529712
1902.0 0.0007881980385634466
1903.0 0.0007855134627161552
1904.0 0.0007828383427437424
1905.0 0.0007801726201560962
1906.0000000000002 0.0007775162369674718
1907.0 0.0007748691356744132
1908.0 0.000772231259247793
1908.9999999999998 0.0007696025511444154
1910.0 0.0007669829552804296
1911.0 0.0007643724160364232
1911.9999999999998 0.0007617708782628435
1913.0 0.0007591782872558524
1914.0 0.0007565945887668355
1915.0 0.0007540197289889013
1916.0 0.0007514536545586672
1917.0000000000002 0.0007488963125430594
1918.0 0.0007463476504496207
1919.0 0.0007438076162019408
1919.9999999999998 0.0007412761581552356
1921.0 0.0007387532250770139
1922.0 0.0007362387661510126
1922.9999999999998 0.0007337327309668517
1924.0 0.0007312350695239668
1925.0 0.0007287457322137808
1926.0 0.0007262646698336942
1927.0 0.0007237918335731432
1928.0000000000002 0.000721327175000267
1929.0 0.0007188706460778427
1930.0 0.000716422199143781
1931.0000000000002 0.0007139817869097157
1932.0 0.0007115493624722971
1933.0 0.0007091248792840331
1933.9999999999998 0.0007067082911642549
1935.0 0.0007042995522990587
1936.0 0.0007018986172307502
1937.0 0.0006995054408525649
1938.0 0.0006971199784110094
1939.0000000000002 0.0006947421854986983
1940.0 0.0006923720180476607
1941.0 0.0006900094323411293
1942.0000000000002 0.0006876543849836627
1943.0 0.000685306832925541
1944.0 0.0006829667334405987
1944.9999999999998 0.0006806340441310173
1946.0 0.0006783087229227569
1947.0 0.0006759907280565044
1948.0 0.0006736800181029497
1949.0 0.0006713765519291621
1950.0000000000002 0.0006690802887300945
1951.0 0.000666791187991859
1952.0 0.0006645092095167041
1953.0000000000002 0.0006622343134026596
1954.0 0.0006599664600550886
1955.0 0.0006577056101629546
1955.9999999999998 0.0006554517247139145
1957.0 0.0006532047649883883
1958.0 0.0006509646925466012
1959.0 0.0006487314692404707
1960.0 0.0006465050571994823
1961.0000000000002 0.0006442854188326732
1962.0 0.0006420725168233977
1963.0 0.0006398663141358821
1964.0000000000002 0.000637666773994543
1965.0 0.0006354738598994529
1966.0 0.0006332875356188296
1966.9999999999998 0.0006311077651718351
1968.0 0.0006289345128491129
1969.0 0.0006267677431946398
1970.0 0.0006246074210149095
1971.0 0.0006224535113591392
1972.0 0.0006203059795381018
1973.0 0.0006181647911007916
1974.0 0.0006160299118495262
1975.0000000000002 0.0006139013078287624
1976.0 0.0006117789453228352
1977.0 0.0006096627908590647
1977.9999999999998 0.0006075528111941447
1979.0 0.0006054489733311505
1980.0 0.0006033512444928792
1981.0 0.0006012595921444221
1982.0 0.00059917398397049
1983.0 0.00059709438788749
1984.0 0.0005950207720323938
1985.0 0.0005929531047665254
1986.0000000000002 0.0005908913546674638
1987.0 0.0005888354905366577
1988.0 0.0005867854813846535
1988.9999999999998 0.0005847412964423332
1990.0 0.0005827029051485262
1991.0 0.0005806702771530386
1992.0 0.0005786433823151943
1993.0 0.0005766221906964075
1994.0 0.000574606672568811
1995.0 0.0005725967984005838
1996.0 0.0005705925388636994
1997.0000000000002 0.0005685938648302297
1998.0 0.0005666007473679619
1999.0 0.0005646131577386283
1999.9999999999998 0.0005626310673978836
