0.0 0.041878009085357736
1.0 0.04187854067927854
2.0 0.04188013554985821
3.0 0.04188279395035089
4.0 0.041886516312042155
5.0 0.04189130323076174
6.0 0.04189715548065186
7.0 0.04190407400049678
8.0 0.0419120599086791
9.0 0.04192111449288089
10.0 0.04193123921190265
10.999999999999998 0.041942435702346924
12.0 0.04195470577324766
13.000000000000002 0.04196805141198543
14.0 0.041982474774821206
14.999999999999998 0.04199797820213244
16.0 0.04201456420903701
17.0 0.0420322354902053
18.0 0.04205099492285581
19.0 0.04207084555899115
20.0 0.04209179063812108
21.0 0.042113833582669416
21.999999999999996 0.042136978000391345
23.0 0.04216122768549349
24.0 0.042186586619632226
25.0 0.04221305897480602
26.000000000000004 0.04224064911583516
27.0 0.042269361599989
28.0 0.042299201179226496
29.0 0.042330172803817276
29.999999999999996 0.042362281623978024
31.0 0.0423955329889303
32.0 0.04242993245709399
33.0 0.042465485787828806
34.0 0.04250219895204153
35.0 0.042540078130322546
36.0 0.04257912971677842
37.0 0.042619360327459894
38.0 0.042660776790625445
39.0 0.042703386162362016
40.0 0.04274719571919317
41.0 0.04279221297384099
42.0 0.04283844566343747
43.0 0.04288590176768172
43.99999999999999 0.04293458950077729
45.0 0.04298451731808387
46.0 0.0430356939290052
47.0 0.04308812828408064
48.0 0.04314182959797062
49.0 0.04319680733434856
50.0 0.04325307122979388
51.0 0.04331063127865557
52.00000000000001 0.0433694977573662
53.0 0.04342968120967743
54.0 0.043491192468657944
55.0 0.04355404265335963
56.0 0.043618243170215114
57.0 0.04368380572828027
58.0 0.04375074234062596
59.0 0.04381906532409361
59.99999999999999 0.04388878731623161
61.0 0.04395992127321647
62.0 0.04403248048250032
63.0 0.044106478557867174
64.0 0.044181929461599476
65.0 0.04425884750346227
66.0 0.044337247344588285
67.0 0.04441714401308417
68.0 0.044498552905848685
69.0 0.04458148979755786
70.0 0.04466597085063282
71.0 0.0447520126230522
72.0 0.04483963207625885
73.0 0.04492884658392994
74.0 0.045019673942477426
75.0 0.04511213238158129
76.0 0.04520624057133939
77.0 0.045302017633711944
78.0 0.04539948315390829
79.0 0.04549865719154204
80.0 0.04559956028961126
81.0 0.04570221348690405
82.0 0.0458066383370973
83.00000000000001 0.045912856907173304
84.0 0.04602089180116363
85.0 0.046130766171057394
86.0 0.046242503725742685
87.0 0.04635612875801514
87.99999999999999 0.04647166614163449
89.0 0.04658914135714863
90.0 0.04670858051068335
91.0 0.04683001033786151
92.0 0.04695345823518376
92.99999999999999 0.0470789522647569
94.0 0.04720652117648879
95.0 0.047336194433128496
96.0 0.047468002218325214
97.0 0.047601975466815084
98.0 0.0477381458745885
99.00000000000001 0.04787654593130029
100.0 0.04801720893600992
101.0 0.04816016901454668
102.0 0.04830546115802149
103.0 0.04845312122953015
104.00000000000001 0.04860318600498989
105.0 0.048755693193906983
106.0 0.04891068145653174
107.0 0.04906819045006411
108.0 0.04922826084500478
108.99999999999999 0.04939093436243909
110.0 0.04955625379558708
111.0 0.049724263056044056
112.0 0.04989500719747321
113.0 0.05006853245576729
114.0 0.05024488628189215
115.00000000000001 0.05042411738271374
116.0 0.05060627576042635
117.0 0.050791412753951395
118.0 0.05097958107034068
119.0 0.05117083484775557
119.99999999999999 0.05136522968996469
121.0 0.051562822714997146
122.0 0.05176367260159923
123.0 0.05196783965475082
124.0 0.0521753858417059
124.99999999999999 0.0523863748574753
126.0 0.05260087218006874
127.0 0.05281894513306888
128.0 0.05304066294868946
129.0 0.05326609682762669
130.0 0.05349532002355616
131.0 0.053728407893166505
132.0 0.053965437981809805
133.0 0.05420649010215539
134.0 0.054451646417544415
135.0 0.05470099151508793
136.0 0.05495461250126047
137.0 0.05521259910225714
138.0 0.055475043743882256
139.0 0.05574204165758473
140.0 0.0560136910011899
141.0 0.056290092939073104
142.0 0.05657135179073299
143.0 0.05685757511734756
144.0 0.057148873881747254
145.0 0.057445362545844376
146.0 0.05774715924310501
147.0 0.05805438588941486
148.0 0.058367168368310185
149.0 0.05868563665581253
150.0 0.059009925018386304
151.0 0.05934017217189346
152.0 0.05967652145785873
153.0 0.06001912105566613
154.0 0.06036812417695179
155.0 0.06072368926600123
156.0 0.06108598024592617
157.0 0.06145516673821242
158.0 0.061831424317470435
159.0 0.062214934772465424
160.0 0.0626058863670005
161.0 0.06300447415601218
162.0 0.06341090027038815
163.0 0.06382537424275665
164.0 0.06424811335267552
164.99999999999997 0.06467934297770966
166.00000000000003 0.0651192969783702
167.0 0.0655682180971486
168.0 0.0660263583793405
169.0 0.06649397961956183
170.0 0.06697135383941635
171.0 0.06745876378991328
172.0 0.06795650347594226
173.0 0.06846487872839505
174.0 0.06898420779562742
174.99999999999997 0.06951482197255421
175.99999999999997 0.07005706629994257
177.00000000000003 0.07061130024680694
178.0 0.07117789848877215
179.0 0.07175725171917997
180.0 0.07234976749991494
181.0 0.07295587120109859
182.0 0.07357600696005549
183.0 0.07421063872086923
184.0 0.0748602513852337
185.0 0.07552535196255053
185.99999999999997 0.0762064708568921
187.00000000000003 0.07690416325756991
188.0 0.07761901054293116
189.0 0.0783516219080878
190.0 0.07910263597624613
191.0 0.07987272266352642
192.0 0.08066258504845748
193.0 0.08147296151505716
194.0 0.082304627922869
195.0 0.08315840008672133
196.0 0.08403513630106131
196.99999999999997 0.08493574021037395
198.00000000000003 0.08586116380162653
199.0 0.08681241066264322
200.0 0.08779053957667973
201.0 0.08879666832032615
202.0 0.08983197782804117
203.0 0.09089771674979269
204.0 0.09199520633485614
205.0 0.09312584581396963
206.0 0.09429111817694798
206.99999999999997 0.0954925966095825
208.00000000000003 0.09673195140589223
209.00000000000003 0.09801095758054527
210.0 0.09933150320076992
211.0 0.10069559854315988
212.0 0.10210538611991359
213.0 0.10356315174490166
214.0 0.10507133671285257
215.0 0.10663255123479111
216.0 0.10824958929959044
217.0 0.10992544514558902
217.99999999999997 0.11166333151850136
219.00000000000003 0.1134666999637668
220.0 0.11533926341921988
221.0 0.11728502147537155
222.0 0.11930828851741765
223.0 0.12141372533837982
224.0 0.12360637467678229
225.0 0.12589170103002295
226.0 0.1282756357553333
227.0 0.13076462803576497
228.0 0.13336570255446867
228.99999999999997 0.13608652528601786
230.00000000000003 0.13893547823165636
231.0 0.14192174506265498
232.0 0.14505540940836997
233.0 0.14834756766462742
234.0 0.1518104595274716
235.0 0.15545761917817705
236.0 0.1593040508809373
237.0 0.1633664343570637
238.0 0.16766336513628388
238.99999999999997 0.17221563796938222
239.99999999999997 0.1770465815919566
241.00000000000003 0.18218245708578604
242.0 0.1876529332690115
243.0 0.1934916582254074
244.0 0.19973694948241905
245.0 0.20643263289506272
246.0 0.2136290697885273
247.0 0.22138442181561047
248.0 0.22976622250688822
249.0 0.2388533438108097
249.99999999999997 0.24873848009642316
251.00000000000003 0.25953131454053696
252.0 0.2713625985899421
253.0 0.28438946525231423
254.0 0.2988024365034273
255.0 0.3148347891851779
256.0 0.33277526067113544
257.0 0.35298557312756423
258.0 0.3759250488800552
259.0 0.40218590992879333
260.0 0.43254509228708743
261.0 0.46804235125227367
262.0 0.510101660232998
263.0 0.5607267487363655
264.0 0.6228295889754681
265.0 0.700810769670791
266.0 0.8016501141038818
267.0 0.9371207502242435
268.0 1.128756632244945
269.0 1.4206129700927588
270.0 1.919131850278992
271.0 2.964098001882922
272.0 6.5434279482545685
273.0 30.695107867129796
274.0 4.569912069759296
275.0 2.463503230570033
276.0 1.6838228213985498
277.0 1.2776174886286968
278.0 1.0283952338405973
279.0 0.8598934457801302
280.0 0.7383630911068096
281.0 0.6465676871809477
282.0 0.5747849976565907
283.0 0.5171146589242983
284.0 0.4697682251381387
285.0 0.4302018784061296
286.0 0.39664409550493046
287.0 0.36782324194940985
288.0 0.342802866697859
289.0 0.3208780939845767
290.0 0.301508207543142
291.0 0.28427149097960497
292.0 0.2688341986821132
293.0 0.25492875382332447
294.0 0.24233812476425748
295.0 0.23088442798176512
296.0 0.22042048222582694
297.0 0.21082345870161268
298.0 0.20199004423583722
299.0 0.19383271357464316
300.0 0.1862768245682772
301.0 0.17925833184381265
302.0 0.17272197092617456
303.0 0.16661980304356336
304.0 0.16091004036471182
305.0 0.15555609007736623
306.0 0.15052577147156254
307.0 0.14579067039410962
308.0 0.14132560385825277
309.0 0.13710817345862425
310.0 0.13311839085341465
311.0 0.1293383620898755
312.0 0.1257520202950152
313.0 0.12234489830402714
314.0 0.11910393439999285
315.0 0.11601730568346395
316.0 0.11307428461041574
317.0 0.11026511502936258
318.0 0.10758090466141206
319.0 0.10501353151327686
320.0 0.10255556232504162
321.0 0.10020018101935865
322.0 0.09794112596346011
323.0 0.09577263474321107
324.0 0.09368939532501637
325.0 0.09168650297717909
326.0 0.0897594219265323
327.0 0.0879039512854975
328.0 0.08611619476496717
329.0 0.08439253349310764
329.99999999999994 0.0827296018246716
331.0 0.08112426552573881
332.00000000000006 0.07957360223059515
333.0 0.07807488385950545
334.0 0.0766255607076642
335.0 0.07522324713313734
336.0 0.07386570853870852
337.0 0.07255084963667857
338.0 0.07127670373622261
339.0 0.07004142302674202
340.0 0.06884326976118209
340.99999999999994 0.06768060813754428
342.0 0.06655189697458064
343.00000000000006 0.06545568293535857
344.0 0.06439059437134864
345.0 0.06335533566035917
346.0 0.062348682027220485
347.0 0.06136947473476317
348.0 0.06041661672476829
349.0 0.059489068545853716
349.99999999999994 0.05858584463033045
351.0 0.057706009862789884
351.99999999999994 0.056848676364232235
353.0 0.05601300056415997
354.00000000000006 0.055198180469362035
355.0 0.05440345313487039
356.0 0.053628092311406035
357.0 0.0528714062719009
358.0 0.05213273578004592
359.0 0.051411452205785906
360.0 0.05070695577349854
360.99999999999994 0.05001867392007846
362.0 0.04934605977401191
363.00000000000006 0.04868859072921814
364.0 0.04804576711637207
365.0 0.047417110945718884
366.0 0.04680216476405312
367.0 0.04620049055385819
368.0 0.04561166870738156
369.0 0.04503529708250351
370.0 0.044470990086076544
371.0 0.04391837784872535
371.99999999999994 0.04337710542372489
373.0 0.04284683204344451
374.00000000000006 0.04232723041271236
375.0 0.041817986062969874
376.0 0.0413187967135512
377.0 0.04082937170481764
378.0 0.04034943143206719
379.0 0.03987870682741309
380.0 0.03941693887446606
381.0 0.03896387813487202
382.0 0.03851928431831287
382.99999999999994 0.03808292585897942
384.0 0.03765457953125444
385.00000000000006 0.03723403006977075
386.0 0.03682106982631885
387.0 0.03641549842754242
388.0 0.03601712246344818
389.0 0.035625755192086585
390.0 0.0352412162460042
391.0 0.03486333136551267
392.0 0.034491932150511315
393.0 0.03412685580322426
393.99999999999994 0.03376794490662272
395.0 0.03341504719887204
396.00000000000006 0.033068015370832704
397.0 0.03272670685785583
398.0 0.03239098365650026
399.0 0.03206071214084998
400.0 0.03173576289210239
401.0 0.031416010533345445
402.0 0.031101333572542432
403.0 0.030791614254822165
404.0 0.030486738419505856
404.99999999999994 0.030186595363393243
406.0 0.02989107771099585
407.00000000000006 0.029600081291285527
408.0 0.029313505019020525
409.0 0.029031250780849525
410.0 0.028753223326710885
411.0 0.028479330167446384
412.0 0.028209481474133356
413.0 0.027943589984257042
413.99999999999994 0.027681570911779595
415.0 0.027423341854995894
416.00000000000006 0.027168822719739055
417.0 0.026917935636155216
418.00000000000006 0.02667060488274001
419.0 0.02642675680956424
420.0 0.02618631977458692
421.0 0.025949224070426425
422.0 0.025715401859635
423.0 0.025484787116285566
424.0 0.025257315563270447
424.99999999999994 0.02503292461298139
426.0 0.024811553317367657
427.00000000000006 0.0245931423087576
428.0 0.024377633754776362
429.0 0.02416497130326926
430.0 0.023955100041207367
431.0 0.023747966443119883
432.0 0.023543518333373783
433.0 0.023341704838348232
434.0 0.02314247635187567
435.0 0.022945784489945557
435.99999999999994 0.022751582057888645
437.0 0.02255982301350707
438.00000000000006 0.02237046242951681
439.0 0.02218345646189722
440.0 0.021998762319234855
441.0 0.021816338227579193
442.0 0.021636143402449133
443.0 0.02145813802014862
444.0 0.021282283188012723
445.0 0.021108540920339793
446.0 0.02093687410831707
446.99999999999994 0.02076724649774143
448.0 0.020599622663059043
449.00000000000006 0.020433967985008943
450.0 0.020270248626785344
451.0 0.0201084315124644
452.0 0.019948484305911375
453.0 0.019790375390335038
454.0 0.019634073848013717
455.0 0.019479549440953668
456.0 0.01932677259299035
457.0 0.019175714371665164
457.99999999999994 0.01902634646976281
459.0 0.018878641190248627
460.00000000000006 0.018732571428591725
461.0 0.018588110657913392
462.0 0.018445232911712177
463.0 0.018303912772681064
464.0 0.018164125354781752
465.0 0.0180258462924151
466.0 0.017889051723382027
467.0 0.0177537182794371
468.0 0.017619823072420243
468.99999999999994 0.017487343679781324
470.0 0.01735625813666252
471.00000000000006 0.01722654492194871
472.0 0.017098182946280203
473.0 0.01697115154426302
474.0 0.016845430460444608
475.0 0.01672099984245549
476.0 0.01659784022789707
477.0 0.016475932537901722
477.99999999999994 0.01635525806470675
479.0 0.016235798465616534
479.99999999999994 0.016117535751250616
481.0 0.01600045227995644
482.00000000000006 0.015884530746560308
483.0 0.015769754177258323
484.0 0.015656105919311936
485.0 0.015543569634191744
486.0 0.015432129291930396
487.0 0.015321769161006188
488.0 0.015212473803437498
488.99999999999994 0.015104228066849499
490.0 0.014997017079419951
491.00000000000006 0.014890826241400363
492.0 0.014785641220419027
493.0 0.014681447944592302
494.0 0.01457823259716898
495.0 0.01447598161039399
496.0 0.01437468165952309
497.0 0.014274319659116548
498.0 0.014174882755547078
499.0 0.014076358323008702
499.99999999999994 0.013978733958161045
501.0 0.013881997475500516
502.00000000000006 0.013786136902566104
503.0 0.013691140475378949
504.0 0.013596996632624866
505.0 0.01350369401347789
506.0 0.013411221451958546
507.0 0.013319567972875437
508.0 0.013228722787741114
509.0 0.013138675291182754
510.0 0.013049415056848127
510.99999999999994 0.012960931832779412
512.0 0.012873215539727865
513.0 0.012786256265548817
514.0 0.012700044263374566
515.0 0.01261456994625921
516.0 0.012529823885777397
517.0 0.012445796808189974
518.0 0.012362479589949115
519.0 0.012279863256853332
520.0 0.012197938979684174
521.0 0.012116698070830564
522.0 0.012036131983031103
523.0 0.011956232304673966
524.0 0.011876990758963488
525.0 0.011798399199357976
526.0 0.011720449608855363
527.0 0.011643134095844268
528.0 0.011566444892098243
529.0 0.011490374351519332
530.0 0.011414914945536264
531.0 0.011340059263272115
532.0 0.011265800007070654
533.0 0.011192129991437625
534.0 0.011119042141408185
535.0 0.011046529488782821
536.0 0.010974585171696763
537.0 0.010903202431276595
538.0 0.010832374611222443
539.0 0.010762095154315806
540.0 0.010692357601327697
541.0 0.01062315558918276
542.0 0.010554482848977592
543.0 0.010486333204210708
544.0 0.010418700568957492
545.0 0.010351578947171293
546.0 0.010284962429428142
547.0 0.010218845192317805
548.0 0.010153221496724872
549.0 0.010088085686329563
550.0 0.010023432186126785
551.0 0.009959255500152593
552.0 0.009895550211426558
553.0 0.009832310979697521
554.0 0.009769532540132584
555.0 0.009707209701965666
556.0 0.00964533734740334
557.0 0.009583910430193661
558.0 0.009522923973833981
559.0 0.009462373071548543
560.0 0.00940225288382076
561.0 0.009342558638271728
562.0 0.00928328562720537
563.0 0.009224429207770054
564.0 0.009165984800399308
565.0 0.009107947886887341
566.0 0.00905031401074088
567.0 0.008993078775282024
568.0 0.008936237842320848
569.0 0.008879786932189602
570.0 0.00882372182152339
571.0 0.008768038343504337
572.0 0.008712732385728696
573.0 0.008657799890445607
574.0 0.008603236852445715
575.0 0.008549039319400879
576.0 0.008495203389744866
577.0 0.008441725213023901
578.0 0.008388600988050145
579.0 0.00833582696237656
580.0 0.008283399432212582
581.0 0.008231314740375728
582.0 0.008179569276441855
583.0 0.008128159475449363
584.0 0.008077081817814656
585.0 0.008026332827737263
586.0 0.007975909073096876
587.0 0.007925807164309333
588.0 0.007876023754435147
589.0 0.007826555537402649
590.0 0.0077773992479783895
591.0 0.007728551661051995
592.0 0.007680009590993945
593.0 0.007631769890853333
594.0 0.007583829451956522
595.0 0.007536185203138274
596.0 0.0074888341101467994
597.0 0.007441773175204857
598.0 0.007394999436234157
599.0 0.007348509966419341
600.0 0.007302301873687508
601.0 0.00725637230003446
602.0 0.007210718421136292
603.0 0.007165337445347505
604.0 0.007120226614057805
605.0 0.007075383200478114
606.0 0.0070308045093348
607.0 0.006986487876610196
608.0 0.00694243066834753
609.0 0.0068986302811900125
610.0 0.006855084141291696
611.0 0.006811789703636187
612.0 0.006768744452395001
613.0 0.006725945899792983
614.0 0.006683391585765905
615.0 0.0066410790777954335
616.0 0.00659900597055257
617.0 0.006557169884836353
618.0 0.006515568468066969
619.0 0.00647419939303081
620.0 0.006433060358304192
621.0 0.006392149087054644
622.0 0.006351463327496849
623.0 0.006311000851662821
624.0 0.006270759455647057
625.0 0.006230736959188712
626.0 0.006190931205061111
627.0 0.006151340058650512
628.0 0.006111961408238824
629.0 0.0060727931639297855
630.0 0.006033833257543702
631.0 0.005995079642789046
632.0 0.005956530294098176
633.0 0.005918183206928111
634.0 0.0058800363972017645
635.0 0.005842087900918545
636.0 0.005804335774341068
637.0 0.005766778093053699
638.0 0.005729412952028524
639.0 0.005692238465214425
640.0 0.00565525276536231
641.0 0.0056184540036970645
642.0 0.005581840349582119
643.0 0.005545409990351084
644.0 0.005509161130955859
645.0 0.005473091993688007
646.0 0.005437200818048646
647.0 0.005401485860327499
648.0 0.005365945393466467
649.0 0.0053305777068129185
650.0 0.005295381105904065
651.0 0.005260353911818477
652.0 0.005225494461658613
653.0000000000001 0.005190801107761453
654.0 0.005156272217677676
655.0 0.005121906174041839
656.0 0.005087701373887275
657.0 0.005053656229018019
658.0 0.005019769165578481
659.0 0.004986038623448123
659.9999999999999 0.00495246305669981
661.0 0.004919040933001501
662.0 0.004885770733246405
663.0 0.004852650951865934
664.0000000000001 0.004819680096034035
665.0 0.004786856686063582
666.0 0.004754179254601914
667.0 0.004721646347057811
668.0 0.004689256520787799
669.0 0.004657008345530729
670.0 0.0046249004025900025
670.9999999999999 0.004592931285287614
672.0 0.0045610995982430695
673.0 0.004529403957358212
674.0 0.004497842990025868
675.0000000000001 0.004466415334292249
676.0 0.004435119639086724
677.0 0.004403954564177208
678.0 0.004372918779610305
679.0 0.0043420109657013005
680.0 0.004311229813145285
681.0 0.004280574022391218
681.9999999999999 0.004250042303804626
683.0 0.004219633377372167
684.0 0.004189345972623893
685.0 0.00415917882841147
686.0000000000001 0.004129130692669783
687.0 0.004099200322642013
688.0 0.004069386484243538
688.9999999999999 0.004039687952179135
690.0 0.0040101035097154175
691.0 0.003980631948591434
692.0 0.003951272068870772
692.9999999999999 0.003922022678828372
694.0 0.003892882594478302
695.0 0.00386385063997731
696.0 0.0038349256471600715
697.0000000000001 0.0038061064554258126
698.0 0.0037773919116103546
699.0 0.0037487808699198702
699.9999999999999 0.0037202721917677715
701.0 0.00369186474542377
702.0 0.0036635574063524695
703.0 0.003635349056610466
703.9999999999999 0.003607238585105763
705.0 0.0035792248870096443
706.0 0.003551306864086925
707.0 0.003523483424437026
708.0000000000001 0.0034957534820233126
709.0 0.0034681159571084475
710.0 0.0034405697758082207
710.9999999999999 0.00341311386982897
712.0 0.0033857471767848512
713.0 0.00335846863956626
714.0 0.003331277206719669
715.0000000000001 0.003304171831834637
716.0 0.0032771514739092502
717.0 0.0032502150967415626
718.0 0.0032233616693116774
719.0000000000001 0.0031965901652287027
720.0 0.003169899562755642
721.0 0.003143288844987832
721.9999999999999 0.0031167569992267196
723.0 0.003090303017151483
724.0 0.003063925894868756
725.0 0.0030376246323353248
726.0000000000001 0.0030113982336912133
727.0 0.0029852457067747386
728.0 0.0029591660634524885
729.0 0.002933158319052031
730.0 0.0029072214924765567
731.0 0.0028813546060969288
732.0 0.0028555566855806465
732.9999999999999 0.0028298267597069173
734.0 0.0028041638605733822
735.0 0.0027785670230688945
736.0 0.0027530352850028187
737.0000000000001 0.002727567686907869
738.0 0.002702163271986698
739.0 0.002676821085987644
740.0 0.0026515401770635777
741.0 0.0026263195956372624
742.0 0.0026011583944196863
743.0 0.00257605562803272
743.9999999999999 0.0025510103532314548
745.0 0.002526021628546833
746.0 0.002501088514289275
747.0 0.0024762100723628644
748.0000000000001 0.002451385366268916
749.0 0.0024266134607419916
750.0 0.0024018934219850645
751.0 0.0023772243172772195
752.0 0.002352605215073875
753.0 0.002328035184546654
754.0 0.0023035132959225925
754.9999999999999 0.0022790386201027276
756.0 0.002254610228445703
757.0 0.002230227192994179
758.0 0.002205888585935626
759.0000000000001 0.002181593479921453
760.0 0.0021573409476377055
761.0 0.0021331300617119194
762.0 0.002108959894782885
763.0 0.002084829519142158
764.0 0.0020607380068573757
765.0 0.0020366844293937857
765.9999999999999 0.002012667857623872
767.0 0.0019886873618505238
768.0 0.00196474201132278
769.0 0.0019408308745078556
770.0000000000001 0.0019169530186425381
771.0 0.0018931075097527784
772.0 0.0018692934124817115
773.0 0.0018455097901237496
774.0 0.0018217557042156456
775.0 0.0017980302145784105
776.0 0.0017743323790713268
776.9999999999999 0.0017506612537209502
778.0 0.0017270158922346977
779.0 0.0017033953460529605
780.0 0.0016797986642085397
781.0000000000001 0.0016562248931328992
782.0 0.0016326730765206688
783.0 0.0016091422552221646
784.0 0.0015856314670867828
785.0 0.0015621397467845699
786.0 0.0015386661256579096
787.0 0.001515209631606555
787.9999999999999 0.0014917692889255254
789.0 0.0014683441181283041
790.0 0.0014449331357724686
791.0 0.0014215353543664683
792.0000000000001 0.001398149782128593
793.0 0.0013747754228799086
794.0 0.0013514112759396193
795.0 0.0013280563356733444
796.0 0.0013047095916892237
797.0 0.0012813700284723846
798.0 0.0012580366252543968
798.9999999999999 0.0012347083556581999
800.0 0.001211384187886817
801.0 0.0011880630842265119
802.0 0.0011647440008784764
803.0000000000001 0.0011414258879783683
804.0 0.0011181076892479277
805.0 0.001094788341693595
806.0 0.001071466775707357
807.0 0.0010481419145128585
808.0 0.0010248126742552581
809.0 0.0010014779637018442
809.9999999999999 0.0009781366838491588
811.0 0.0009547877278820334
812.0 0.000931429981049213
813.0 0.0009080623201148051
814.0000000000001 0.0008846836135050889
815.0 0.0008612927206996935
816.0 0.0008378884923831306
816.9999999999999 0.0008144697697932175
818.0 0.0007910353847698435
819.0 0.00076758415947818
820.0 0.0007441149059534214
820.9999999999999 0.0007206264260372946
822.0 0.0006971175109468222
823.0 0.0006735869412908606
824.0 0.000650033486412836
825.0000000000001 0.0006264559042953377
826.0 0.0006028529413530768
827.0 0.0005792233319496952
827.9999999999999 0.0005555657982239588
829.0 0.0005318790497617669
830.0 0.0005081617831908017
831.0 0.00048441268207134123
832.0000000000001 0.0004606304162818473
833.0 0.0004368136418990307
834.0 0.0004129610007614002
835.0 0.0003890711201771131
836.0000000000001 0.0003651426123781089
837.0 0.00034117407448136587
838.0 0.00031716408786200065
838.9999999999999 0.0002931112178208878
840.0 0.00026901401325008775
841.0 0.00024487100615588827
842.0 0.00022068071136148928
843.0000000000001 0.00019644162586046366
844.0 0.0001721522286862492
845.0 0.00014781098025019748
846.0 0.00012341632205579192
847.0000000000001 9.896667594729388e-5
848.0 7.446044402913718e-5
849.0 4.989600791307129e-5
849.9999999999999 2.5271728360873844e-5
851.0 5.859445904267512e-7
852.0 2.4163025988674783e-5
853.0 4.897688854649644e-5
854.0000000000001 7.385737116506917e-5
855.0 9.880622560677755e-5
856.0 0.00012382522767803933
857.0 0.00014891617803031255
858.0 0.00017408090254605616
859.0 0.0001993212531827842
860.0 0.00022463910837147916
860.9999999999999 0.0002500363739078072
862.0 0.00027551498338331334
863.0 0.00030107689904421733
864.0 0.00032672411253282423
865.0000000000001 0.00035245864530688176
866.0 0.0003782825497351202
867.0 0.00040419790975880813
868.0 0.00043020684141044325
869.0 0.000456311494042574
870.0 0.0004825140508497675
871.0 0.0005088167298807246
871.9999999999999 0.0005352217846898734
873.0 0.0005617315055251611
874.0 0.0005883482200307246
875.0 0.0006150742942999634
876.0000000000001 0.0006419121337716577
877.0 0.0006688641842951394
878.0 0.0006959329331419384
879.0 0.000723120910045358
880.0 0.0007504306882748988
881.0 0.0007778648857978143
882.0 0.0008054261664356215
882.9999999999999 0.0008331172410049081
884.0 0.0008609408685509123
885.0 0.0008888998576228414
886.0 0.0009169970675939401
887.0000000000001 0.0009452354099172741
888.0 0.000973617849591858
889.0 0.0010021474064459152
890.0 0.0010308271568475382
891.0 0.001059660234882932
892.0 0.0010886498341455648
893.0 0.0011177992091547513
893.9999999999999 0.001147111677331598
895.0 0.0011765906202418895
896.0 0.0012062394856195962
897.0 0.0012360617893086411
898.0000000000001 0.001266061116717975
899.0 0.0012962411250928827
900.0 0.0013266055454609561
901.0 0.0013571581844879015
902.0 0.0013879029268688897
903.0 0.0014188437372377543
904.0 0.0014499846627084338
904.9999999999999 0.001481329834937002
906.0 0.0015128834728161552
907.0 0.00154464988468681
908.0 0.0015766334711926609
909.0000000000001 0.0016088387276908098
910.0 0.0016412702472007091
911.0 0.0016739327233079241
912.0 0.0017068309527523897
913.0 0.001739969838928828
914.0 0.0017733543948927667
915.0 0.001806989746351775
915.9999999999999 0.001840881135561418
917.0 0.0018750339244616
918.0 0.0019094535985259595
919.0 0.001944145770255869
920.0000000000001 0.0019791161834480805
921.0 0.002014370716978157
922.0 0.0020499153891308628
923.0 0.002085756361855919
924.0 0.0021218999453615577
925.0 0.002158352602793914
926.0 0.0021951209551364544
926.9999999999999 0.00223221178593969
928.0 0.0022696320470727937
929.0 0.0023073888637784265
930.0 0.0023454895406695452
931.0000000000001 0.0023839415671224056
932.0 0.002422752623753457
933.0 0.0024619305886799795
934.0 0.0025014835440610042
935.0 0.0025414197829346312
936.0 0.0025817478165407874
937.0 0.002622476381387968
937.9999999999999 0.002663614447520717
939.0 0.002705171226032436
940.0 0.002747156177689239
941.0 0.0027895790216157968
942.0000000000001 0.0028324497446454116
943.0 0.002875778610265119
944.0 0.002919576169036183
944.9999999999999 0.0029638532684562353
946.0 0.0030086210642701746
947.0 0.0030538910310362695
948.0 0.003099674974481618
948.9999999999999 0.0031459850431449325
950.0 0.003192833741741441
951.0 0.0032402339439332106
952.0 0.003288198906888293
953.0000000000001 0.0033367422852612744
954.0 0.0033858781470820394
955.0 0.0034356209891002703
955.9999999999999 0.0034859857541454215
957.0 0.003536987847959126
958.0 0.003588643158112489
959.0 0.0036409680729905065
959.9999999999999 0.00369397950168275
961.0 0.0037476948954184857
962.0 0.003802132269795078
963.0 0.003857310227406468
964.0000000000001 0.003913247982924425
965.0 0.003969965388382099
966.0 0.004027482960154016
966.9999999999999 0.00408582190688321
968.0 0.004145004159910764
969.0 0.004205052404001584
970.0 0.004265990110380282
971.0000000000001 0.004327841571484567
972.0 0.0043906319373013284
973.0 0.004454387253955282
974.0 0.004519134504237679
975.0000000000001 0.004584901650272904
976.0 0.00465171767865647
977.0 0.004719612648155817
977.9999999999999 0.004788617740054589
979.0 0.004858765311193018
980.0 0.004930088950229461
981.0 0.005002623537185306
982.0000000000001 0.005076405306405324
983.0 0.005151471913078518
984.0 0.005227862503932805
985.0 0.005305617792599945
986.0 0.005384780138079041
987.0 0.0054653936300783305
988.0 0.005547504177730762
988.9999999999999 0.0056311596057948094
990.0 0.005716409754917631
991.0 0.005803306589583714
992.0 0.005891904313618421
993.0000000000001 0.005982259491109814
994.0 0.006074431177447367
995.0 0.00616848105864856
996.0 0.006264473598947107
997.0 0.0063624761997503965
998.0 0.006462559369706936
999.0 0.006564796905261665
999.9999999999999 0.006669266085881732
1001.0 0.00677604788139041
1002.0 0.006885227176317412
1003.0 0.006996893009225829
1004.0000000000001 0.007111138829840109
1005.0 0.007228062777406919
1006.0 0.007347767977423333
1007.0 0.0074703628641358336
1008.0 0.007595961526665074
1009.0 0.00772468408179097
1010.0 0.007856657079720894
1010.9999999999999 0.007992013939673623
1012.0 0.008130895423600877
1013.0 0.008273450147746145
1014.0 0.008419835140203002
1015.0000000000001 0.00857021644388015
1016.0 0.008724769773986878
1017.0 0.008883681232776788
1018.0 0.009047148089432962
1019.0 0.009215379631203889
1020.0 0.009388598091790639
1021.0 0.009567039670770721
1021.9999999999999 0.009750955647510993
1023.0 0.009940613605111823
1024.0 0.010136298774801867
1025.0 0.01033831551590737
1026.0 0.0105469889475253
1027.0 0.010762666749461662
1028.0 0.010985721155711331
1029.0 0.011216551159128039
1030.0 0.011455584962706444
1031.0 0.011703282702783382
1032.0 0.011960139482590946
1033.0 0.012226688759091983
1034.0 0.01250350613251248
1035.0 0.012791213589161493
1036.0 0.013090484274746845
1037.0 0.013402047862301713
1038.0 0.013726696617760154
1039.0 0.014065292255782777
1040.0 0.014418773722073668
1041.0 0.01478816604804437
1042.0 0.015174590443652998
1043.0 0.015579275853361704
1044.0 0.01600357221687172
1045.0 0.016448965732145854
1046.0 0.016917096499147796
1047.0 0.01740977896597296
1048.0 0.017929025736276763
1049.0 0.018477075373865667
1050.0 0.01905642503732572
1051.0 0.019669868930629743
1052.0 0.020320543821337956
1053.0 0.021011983209830092
1054.0 0.021748182088777965
1055.0 0.022533674841568485
1056.0 0.023373629451124114
1057.0 0.02427396217188695
1058.0 0.02524147805769107
1059.0 0.026284044369769943
1060.0 0.027410806257588946
1061.0 0.0286324571896139
1062.0 0.02996158112618921
1063.0 0.031413089604841786
1064.0 0.03300478597989277
1065.0 0.034758102163254166
1066.0 0.036699072692224666
1067.0 0.038859640374980346
1068.0 0.0412794331264976
1069.0 0.044008223048990804
1070.0 0.0471093943462706
1071.0 0.0506649382212195
1072.0 0.054782821415306944
1073.0 0.05960815754932515
1074.0 0.06534068621633692
1075.0 0.07226314686045615
1076.0 0.08078938805584378
1077.0 0.09155032655323506
1078.0 0.10555773884073438
1079.0 0.1245427140664372
1080.0 0.15173301258949595
1081.0 0.1939163692131387
1082.0 0.2682156035881321
1083.0 0.4338320825703572
1084.0 1.1260549575853718
1085.0 1.871673419548337
1086.0 0.5154830557272955
1087.0 0.2990324367737084
1088.0 0.21078679259175248
1089.0 0.1628716305086115
1090.0 0.13278163142698182
1091.0 0.11212949453621716
1092.0 0.09707637849968452
1093.0 0.08561676361712899
1094.0 0.07660076933214836
1095.0 0.06932182461860655
1096.0 0.06332181594002957
1097.0 0.05829070383965463
1098.0 0.05401116964943526
1099.0 0.05032636537382941
1100.0 0.04712024873255392
1101.0 0.04430512355605926
1102.0 0.04181348265630048
1103.0 0.03959251429507834
1104.0 0.03760030979281619
1105.0 0.035803187954235115
1106.0 0.034173770503666615
1107.0 0.032689573621035334
1108.0 0.03133196098532411
1109.0 0.030085354552068694
1110.0 0.0289366319311531
1111.0 0.027874660859826605
1112.0 0.026889935712836273
1113.0 0.02597429085936229
1114.0 0.025120672585320112
1115.0 0.02432295605981049
1116.0 0.023575797304051134
1117.0 0.02287451259627436
1118.0 0.02221497955705245
1119.0 0.021593555499082654
1120.0 0.021007009625289456
1121.0 0.020452466411246373
1122.0 0.019927358077750805
1123.0 0.01942938449320459
1124.0 0.018956479186889412
1125.0 0.018506780409494123
1126.0 0.018078606398251304
1127.0 0.017670434136608792
1128.0 0.017280881054352715
1129.0 0.01690868920452658
1130.0 0.01655271152999497
1131.0 0.016211899905614578
1132.0 0.015885294700722703
1133.0 0.015572015629903008
1134.0 0.015271253717251763
1135.0 0.014982264221411915
1136.0 0.014704360381571156
1137.0 0.014436907882622767
1138.0 0.01417931994357664
1139.0 0.013931052944810904
1140.0 0.013691602532256984
1141.0 0.013460500134952133
1142.0 0.013237309844806618
1143.0 0.013021625621678029
1144.0 0.012813068775499965
1145.0 0.012611285703065685
1146.0 0.012415945844139605
1147.0 0.012226739833284107
1148.0 0.012043377829099342
1149.0 0.011865587996383467
1150.0 0.01169311512981601
1151.0 0.011525719401712481
1152.0 0.011363175219654718
1153.0 0.011205270186183593
1154.0 0.011051804147695321
1155.0 0.010902588325240275
1156.0 0.010757444516243274
1157.0 0.010616204365274518
1158.0 0.01047870869208814
1159.0 0.010344806875158022
1160.0 0.010214356284625031
1161.0 0.010087221757816458
1162.0 0.009963275117484918
1163.0 0.00984239472616876
1164.0 0.009724465074185774
1165.0 0.00960937639835778
1166.0 0.009497024328919544
1167.0 0.009387309562287166
1168.0 0.009280137557233323
1169.0 0.009175418252591877
1170.0 0.009073065804864347
1171.0 0.008972998344212398
1172.0 0.008875137747216138
1173.0 0.008779409424220407
1174.0 0.008685742122553824
1175.0 0.008594067741448701
1176.0 0.008504321159574373
1177.0 0.00841644007401635
1178.0 0.008330364848846182
1179.0 0.008246038374546348
1180.0 0.008163405935147186
1181.0 0.008082415083848889
1182.0 0.008003015527060819
1183.0 0.007925159014781613
1184.0 0.007848799237254653
1185.0 0.0077738917292050945
1186.0 0.007700393778364613
1187.0 0.007628264339659806
1188.0 0.007557463955241912
1189.0 0.007487954677705075
1190.0 0.007419699999151491
1191.0 0.007352664782833593
1192.0 0.007286815199990861
1193.0 0.0072221186688548366
1194.0 0.0071585437982967124
1195.0 0.00709606033334903
1196.0 0.0070346391043703965
1197.0 0.006974251979168747
1198.0 0.006914871816574869
1199.0 0.006856472423511343
1200.0 0.006799028514108464
1201.0 0.006742515670157216
1202.0 0.006686910304713157
1203.0 0.006632189626538468
1204.0 0.0065783316072924
1205.0 0.006525314949357664
1206.0 0.006473119055955172
1207.0 0.006421724002563512
1208.0 0.00637111050959113
1209.0 0.006321259916460481
1210.0 0.006272154156976904
1211.0 0.006223775735812125
1212.0 0.006176107706052969
1213.0 0.006129133647851497
1214.0 0.006082837648107311
1215.0 0.006037204281033387
1216.0 0.005992218589572907
1217.0 0.005947866067692074
1218.0 0.005904132643537463
1219.0 0.00586100466328756
1220.0 0.005818468875579953
1221.0 0.005776512416963993
1222.0 0.005735122797715372
1223.0 0.005694287888092891
1224.0 0.0056539959058730565
1225.0 0.005614235403641724
1226.0 0.005574995257142741
1227.0 0.005536264653695789
1228.0 0.005498033081642647
1229.0 0.00546029031976167
1230.0 0.005423026427158604
1231.0 0.005386231733965332
1232.0 0.005349896832049931
1233.0 0.005314012565974603
1234.0 0.005278570024968739
1235.0 0.005243560534328597
1236.0 0.005208975648042298
1237.0 0.005174807141067541
1238.0 0.005141047002100998
1239.0 0.005107687426696367
1240.0 0.005074720810814866
1241.0 0.005042139744026372
1242.0 0.005009937003803083
1243.0 0.004978105549147721
1244.0 0.004946638515343351
1245.0 0.004915529208073518
1246.0 0.004884771098384398
1247.0 0.004854357817472844
1248.0 0.004824283151938536
1249.0 0.004794541038907081
1250.0 0.004765125561506506
1251.0 0.004736030944501264
1252.0 0.004707251550213891
1253.0 0.004678781874172034
1254.0 0.004650616541320023
1255.0 0.004622750302287997
1256.0 0.004595178029589103
1257.0 0.004567894714181408
1258.0 0.004540895462036668
1259.0 0.004514175490829029
1260.0 0.004487730126743423
1261.0 0.004461554801432627
1262.0 0.004435645049048328
1263.0 0.0044099965033367805
1264.0 0.0043846048948802015
1265.0 0.004359466048423645
1266.0 0.0043345758802951885
1267.0 0.004309930395865591
1268.0 0.004285525687121189
1269.0 0.004261357930360007
1270.0 0.004237423383907062
1271.0 0.004213718385805449
1272.0 0.004190239351916006
1273.0 0.00416698277363673
1274.0 0.0041439452160878815
1275.0 0.004121123315972109
1276.0 0.004098513779907921
1277.0 0.004076113382559631
1278.0 0.004053918964727991
1279.0 0.004031927431896563
1280.0 0.004010135752435489
1281.0 0.003988540955948818
1282.0 0.003967140131908192
1283.0 0.0039459304279324346
1284.0 0.003924909048543416
1285.0 0.0039040732535389516
1286.0 0.0038834203568241907
1287.0 0.0038629477248822226
1288.0 0.0038426527756777453
1289.0 0.003822532977201497
1290.0 0.003802585846452434
1291.0 0.0037828089480862973
1292.0 0.0037631998933165406
1293.0 0.003743756338924371
1294.0 0.003724475985960571
1295.0 0.0037053565788471173
1296.0 0.003686395904275871
1297.0 0.003667591790313187
1298.0 0.0036489421052932317
1299.0 0.0036304447569915606
1300.0 0.0036120976916537042
1301.0 0.0035938988931153272
1302.0 0.0035758463820209155
1303.0 0.0035579382148257137
1304.0 0.00354017248310244
1305.0 0.003522547312716479
1306.0000000000002 0.003505060863034996
1307.0 0.0034877113262007206
1308.0 0.003470496926379682
1308.9999999999998 0.00345341591904872
1310.0 0.0034364665903250336
1311.0 0.0034196472562618954
1312.0 0.0034029562622098714
1313.0 0.0033863919821841932
1314.0 0.0033699528182203416
1315.0 0.0033536371997922735
1316.0 0.0033374435831431066
1317.0000000000002 0.0033213704508512276
1318.0 0.00330541631115834
1319.0 0.003289579697445175
1319.9999999999998 0.0032738591677454287
1321.0 0.0032582533041072537
1322.0 0.00324276071225047
1323.0 0.003227380020972647
1324.0 0.0032121098816329007
1325.0 0.003196948967811827
1326.0 0.0031818959747435334
1327.0 0.0031669496188829554
1328.0000000000002 0.0031521086375136476
1329.0 0.0031373717883354047
1330.0 0.0031227378489407905
1330.9999999999998 0.003108205616561341
1332.0 0.003093773907530475
1333.0 0.0030794415570356845
1334.0 0.0030652074186055
1335.0 0.003051070363879001
1336.0 0.0030370292821344344
1337.0 0.003023083079978772
1338.0 0.003009230681060369
1339.0000000000002 0.0029954710256452854
1340.0 0.002981803070379053
1341.0 0.0029682257878848118
1341.9999999999998 0.002954738166518808
1343.0 0.002941339210011716
1344.0 0.002928027937274178
1345.0 0.0029148033819691296
1346.0 0.002901664592329131
1347.0 0.0028886106308262344
1348.0 0.002875640573971057
1349.0 0.0028627535119575814
1350.0000000000002 0.0028499485484729217
1351.0 0.0028372248004133816
1352.0 0.002824581397660225
1352.9999999999998 0.0028120174828208605
1354.0 0.0027995322109935802
1355.0 0.002787124749549343
1356.0 0.0027747942779067373
1357.0 0.002762539987300113
1358.0 0.0027503610805638696
1359.0 0.002738256771940576
1360.0 0.0027262262868490367
1361.0000000000002 0.002714268861702654
1362.0 0.0027023837437106955
1363.0 0.00269057019069037
1363.9999999999998 0.002678827470815033
1365.0 0.0026671548625336198
1366.0 0.002655551654335393
1366.9999999999998 0.0026440171445464684
1368.0 0.0026325506412290547
1369.0 0.0026211514619109157
1370.0 0.002609818933518641
1371.0 0.002598552392181434
1372.0000000000002 0.002587351183010265
1373.0 0.002576214660049116
1374.0 0.002565142186058695
1374.9999999999998 0.0025541331323424496
1376.0 0.002543186878681993
1377.0 0.0025323028130940983
1377.9999999999998 0.0025214803317941885
1379.0 0.0025107188389824286
1380.0 0.0025000177467183215
1381.0 0.0024893764748319543
1382.0 0.0024787944507509976
1383.0000000000002 0.002468271109365528
1384.0 0.002457805892977023
1385.0 0.0024473982510749403
1385.9999999999998 0.0024370476403149798
1387.0 0.0024267535243222824
1388.0 0.0024165153736014676
1388.9999999999998 0.002406332665481077
1390.0 0.0023962048839045514
1391.0 0.002386131519395766
1392.0 0.002376112068910185
1393.0 0.0023661460357844344
1394.0000000000002 0.0023562329295653255
1395.0 0.0023463722659619966
1396.0 0.002336563566719937
1396.9999999999998 0.0023268063595308286
1398.0 0.0023171001779767994
1399.0 0.0023074445613594876
1399.9999999999998 0.0022978390546708797
1401.0 0.0022882832084888125
1402.0 0.002278776578882768
1403.0 0.0022693187273294733
1404.0 0.0022599092206340224
1405.0000000000002 0.0022505476308481657
1406.0 0.002241233535182427
1407.0 0.0022319665159259866
1407.9999999999998 0.0022227461603751553
1409.0 0.00221357206077026
1410.0 0.0022044438141636947
1410.9999999999998 0.002195361022419476
1412.0 0.0021863232921007438
1413.0 0.0021773302344006056
1414.0 0.0021683814650903955
1415.0 0.002159476604406909
1416.0000000000002 0.002150615277046993
1417.0 0.002141797112054069
1418.0 0.002133021742788711
1419.0000000000002 0.0021242888068019813
1420.0 0.0021155979458593373
1421.0 0.0021069488058263206
1421.9999999999998 0.0020983410365921474
1423.0 0.002089774292071104
1424.0 0.0020812482300729914
1425.0 0.0020727625123169125
1426.0 0.0020643168043034364
1427.0000000000002 0.0020559107753307104
1428.0 0.0020475440983678092
1429.0 0.0020392164500749477
1430.0000000000002 0.00203092751067569
1431.0 0.0020226769639814252
1432.0 0.0020144644972651935
1432.9999999999998 0.0020062898012852735
1434.0 0.001998152570174824
1435.0 0.0019900525014129606
1436.0 0.001981989295819614
1437.0 0.0019739626574363633
1438.0000000000002 0.001965972293522689
1439.0 0.0019580179145327154
1440.0 0.0019500992340094154
1441.0000000000002 0.0019422159685887745
1442.0 0.0019343678379457878
1443.0 0.001926554564734152
1443.9999999999998 0.0019187758745969953
1445.0 0.001911031496055776
1446.0 0.001903321160511434
1447.0 0.0018956446022015553
1448.0 0.0018880015581598075
1449.0000000000002 0.0018803917681711971
1450.0 0.0018728149747443239
1451.0 0.0018652709230670733
1452.0000000000002 0.0018577593609694553
1453.0 0.0018502800388980078
1454.0 0.001842832709866708
1454.9999999999998 0.0018354171294342164
1456.0 0.0018280330556676894
1457.0 0.0018206802491039908
1458.0 0.0018133584727259642
1459.0 0.0018060674919002076
1460.0 0.001798807074401272
1461.0 0.0017915769903247033
1462.0 0.0017843770120944034
1463.0000000000002 0.0017772069144200292
1464.0 0.0017700664742342242
1465.0 0.0017629554707268896
1465.9999999999998 0.0017558736852758613
1467.0 0.001748820901405091
1468.0 0.0017417969047971316
1469.0 0.0017348014832475412
1470.0 0.001727834426615369
1471.0 0.0017208955268355505
1472.0 0.0017139845778565048
1473.0 0.0017071013756472981
1474.0000000000002 0.0017002457181394062
1475.0 0.0016934174052335724
1476.0 0.0016866162387426003
1476.9999999999998 0.001679842022399575
1478.0 0.0016730945618016653
1479.0 0.001666373664418134
1480.0 0.0016596791395348588
1481.0 0.0016530107982670864
1482.0 0.001646368453497469
1483.0 0.0016397519198772326
1484.0 0.0016331610138184329
1485.0000000000002 0.0016265955534366214
1486.0 0.001620055358548779
1487.0 0.0016135402506487033
1487.9999999999998 0.0016070500529098766
1489.0 0.001600584590114117
1490.0 0.0015941436886815852
1491.0 0.001587727176617004
1492.0 0.0015813348835098475
1493.0 0.0015749666405021892
1494.0 0.0015686222802972077
1495.0 0.0015623016370935271
1496.0000000000002 0.001556004546603294
1497.0 0.001549730846025488
1498.0 0.001543480374023747
1498.9999999999998 0.0015372529707079014
1500.0 0.0015310484776224
1501.0 0.0015248667377294287
1502.0 0.0015187075953852502
1503.0 0.0015125708963324269
1504.0 0.0015064564876588178
1505.0 0.0015003642178256303
1506.0 0.0014942939366152427
1507.0000000000002 0.0014882454951257304
1508.0 0.001482218745760926
1509.0 0.0014762135422123537
1509.9999999999998 0.0014702297394228777
1511.0 0.0014642671936185693
1512.0 0.0014583257622467532
1513.0 0.0014524053040006625
1514.0 0.001446505678759603
1515.0 0.0014406267476206468
1516.0 0.001434768372869388
1517.0 0.0014289304179360431
1518.0000000000002 0.0014231127474416876
1519.0 0.001417315227117683
1520.0 0.0014115377238587033
1520.9999999999998 0.0014057801056450096
1522.0 0.001400042241593868
1523.0 0.0013943240018823412
1524.0 0.0013886252577991925
1525.0 0.0013829458816688972
1526.0 0.0013772857469037066
1527.0 0.0013716447279261213
1528.0 0.0013660227002227055
1529.0000000000002 0.001360419540274586
1530.0 0.0013548351255763642
1531.0 0.0013492693346364836
1531.9999999999998 0.0013437220469256132
1533.0 0.0013381931428995467
1534.0 0.0013326825039870957
1535.0 0.0013271900125542758
1536.0 0.0013217155519187336
1537.0 0.0013162590063247352
1538.0 0.0013108202609368425
1539.0 0.00130539920184776
1540.0000000000002 0.0012999957160296158
1541.0 0.0012946096913543945
1542.0 0.001289241016577544
1542.9999999999998 0.0012838895813223439
1544.0 0.0012785552760774946
1545.0 0.0012732379921826151
1546.0 0.00126793762181828
1547.0 0.0012626540580012008
1548.0 0.0012573871945770973
1549.0 0.001252136926197034
1550.0 0.0012469031483292768
1551.0000000000002 0.0012416857572363268
1552.0 0.0012364846499676623
1553.0 0.0012312997243621433
1553.9999999999998 0.0012261308790147488
1555.0 0.0012209780133009248
1556.0 0.0012158410273434511
1557.0 0.001210719822016936
1558.0 0.0012056142989377017
1559.0 0.0012005243604373411
1560.0 0.0011954499095935545
1561.0 0.0011903908501904252
1562.0000000000002 0.001185347086711467
1563.0 0.0011803185243554472
1564.0 0.0011753050690122974
1564.9999999999998 0.0011703066272439316
1566.0 0.001165323106310982
1567.0 0.001160354414124612
1568.0 0.001155400459275324
1569.0 0.0011504611510137184
1570.0 0.0011455363992201228
1571.0 0.0011406261144419306
1572.0 0.0011357302078473367
1573.0000000000002 0.0011308485912335784
1574.0 0.001125981177036696
1575.0 0.0011211278782888867
1575.9999999999998 0.0011162886086540855
1577.0 0.001111463282378515
1578.0 0.0011066518143148327
1579.0 0.0011018541199151956
1580.0 0.0010970701152022044
1581.0 0.0010922997167854204
1582.0 0.0010875428418373322
1583.0 0.001082799408117111
1584.0000000000002 0.0010780693339244268
1585.0 0.0010733525381235434
1586.0 0.0010686489401247876
1586.9999999999998 0.0010639584598749821
1588.0 0.0010592810178767912
1589.0 0.001054616535150137
1590.0 0.0010499649332454033
1591.0 0.001045326134231112
1592.0 0.00104070006069433
1593.0 0.0010360866357334215
1594.0 0.0010314857829497879
1595.0000000000002 0.0010268974264431173
1596.0 0.0010223214908084148
1597.0 0.0010177579011330067
1597.9999999999998 0.0010132065829857382
1599.0 0.001008667462418371
1600.0 0.0010041404659428526
1601.0 0.0009996255205581952
1602.0 0.0009951225537209014
1603.0 0.0009906314933447074
1604.0 0.0009861522678079404
1605.0 0.0009816848059191728
1606.0000000000002 0.0009772290369518012
1607.0 0.0009727848906118977
1608.0 0.000968352297047849
1608.9999999999998 0.0009639311868270621
1610.0 0.0009595214909573763
1611.0 0.0009551231408681003
1612.0 0.0009507360683949505
1613.0 0.0009463602058050348
1614.0 0.0009419954857585949
1615.0 0.0009376418413327806
1616.0 0.0009332992060102625
1617.0000000000002 0.0009289675136518845
1618.0 0.0009246466985356709
1619.0 0.0009203366953049783
1619.9999999999998 0.0009160374390116144
1621.0 0.0009117488650702585
1622.0 0.0009074709092759781
1622.9999999999998 0.0009032035078083461
1624.0 0.0008989465972050841
1625.0 0.0008947001143672833
1626.0 0.0008904639965697026
1627.0 0.0008862381814377838
1628.0000000000002 0.0008820226069431808
1629.0 0.0008778172114259573
1630.0 0.0008736219335597617
1630.9999999999998 0.0008694367123631234
1632.0 0.0008652614871926584
1633.0 0.00086109619775317
1633.9999999999998 0.0008569407840665069
1635.0 0.0008527951864895618
1636.0 0.000848659345706263
1637.0 0.0008445332027192024
1638.0 0.0008404166988532171
1639.0000000000002 0.0008363097757462626
1640.0 0.0008322123753471393
1641.0 0.0008281244399144024
1641.9999999999998 0.0008240459120136564
1643.0 0.00081997673451109
1644.0 0.0008159168505697043
1644.9999999999998 0.0008118662036517126
1646.0 0.0008078247375085067
1647.0 0.0008037923961821949
1648.0 0.0007997691240027902
1649.0 0.0007957548655865491
1650.0000000000002 0.0007917495658139724
1651.0 0.0007877531698599454
1652.0 0.0007837656231654093
1652.9999999999998 0.0007797868714483798
1654.0 0.0007758168606828747
1655.0 0.0007718555371201792
1655.9999999999998 0.0007679028472671801
1657.0 0.0007639587378984417
1658.0 0.00076002315602777
1659.0 0.0007560960489437011
1660.0 0.0007521773641645551
1661.0000000000002 0.0007482670494732748
1662.0 0.0007443650528944314
1663.0 0.0007404713226853132
1664.0000000000002 0.0007365858073571192
1665.0 0.0007327084556434831
1666.0 0.0007288392165270841
1666.9999999999998 0.0007249780392071074
1668.0 0.0007211248731269914
1669.0 0.0007172796679453925
1670.0 0.0007134423735425961
1671.0 0.0007096129400353858
1672.0000000000002 0.0007057913177390416
1673.0 0.000701977457204562
1674.0 0.0006981713091811234
1675.0000000000002 0.0006943728246354684
1676.0 0.0006905819547369134
1677.0 0.0006867986508728125
1677.9999999999998 0.0006830228646214906
1679.0 0.000679254547768505
1680.0 0.0006754936522908703
1681.0 0.0006717401303769323
1682.0 0.0006679939343945274
1683.0000000000002 0.0006642550169058521
1684.0 0.0006605233306631287
1685.0 0.000656798828606936
1686.0000000000002 0.0006530814638584449
1687.0 0.0006493711897242695
1688.0 0.0006456679596885186
1688.9999999999998 0.0006419717274114403
1690.0 0.0006382824467294742
1691.0 0.0006346000716531238
1692.0 0.0006309245563616718
1693.0 0.0006272558552010596
1694.0000000000002 0.000623593922686341
1695.0 0.0006199387134931059
1696.0 0.0006162901824633422
1697.0000000000002 0.0006126482845880319
1698.0 0.0006090129750259585
1699.0 0.0006053842090848688
1699.9999999999998 0.0006017619422281024
1701.0 0.0005981461300707503
1702.0 0.00059453672836678
1703.0 0.0005909336930260304
1704.0 0.0005873369801030215
1705.0000000000002 0.0005837465457856353
1706.0 0.0005801623464064139
1707.0 0.0005765843384423305
1708.0000000000002 0.0005730124784915182
1709.0 0.0005694467232997238
1710.0 0.0005658870297315947
1710.9999999999998 0.0005623333547937952
1712.0 0.0005587856556074981
1713.0 0.000555243889431884
1714.0 0.000551708013636542
1715.0 0.000548177985725422
1716.0 0.0005446537633081848
1717.0 0.0005411353041246107
1718.0 0.0005376225660210723
1719.0000000000002 0.000534115506955287
1720.0 0.0005306140850048368
1721.0 0.0005271182583518113
1721.9999999999998 0.0005236279852788722
1723.0 0.0005201432241876208
1724.0 0.0005166639335725872
1725.0 0.0005131900720309423
1726.0 0.0005097215982578869
1727.0 0.0005062584710553891
1728.0 0.0005028006493074642
1729.0 0.0004993480920010988
1730.0000000000002 0.0004959007582084941
1731.0 0.0004924586070936133
1732.0 0.0004890215979094765
1732.9999999999998 0.0004855896899894056
1734.0 0.0004821628427602868
1735.0 0.000478741015720421
1736.0 0.00047532416845367696
1737.0 0.00047191226061937456
1738.0 0.00046850525195591064
1739.0 0.0004651031022655977
1740.0 0.0004617057714348478
1741.0000000000002 0.00045831321941565114
1742.0 0.00045492540622677207
1743.0 0.00045154229195571577
1743.9999999999998 0.0004481638367515859
1745.0 0.000444790000827834
1746.0 0.00044142074446251457
1747.0 0.00043805602798096383
1748.0 0.00043469581177425196
1749.0 0.0004313400562873819
1750.0 0.00042798872201955663
1751.0 0.00042464176951190446
1752.0000000000002 0.0004212991593638376
1753.0 0.00041796085222257863
1754.0 0.00041462680877226284
1754.9999999999998 0.0004112969897489734
1756.0 0.00040797135592159344
1757.0 0.0004046498681067055
1758.0 0.00040133248715775095
1759.0 0.00039801917395500014
1760.0 0.0003947098894245242
1761.0 0.0003914045945121832
1762.0 0.0003881032502059756
1763.0000000000002 0.0003848058175127274
1764.0 0.00038151225746493184
1765.0 0.00037822253112681364
1765.9999999999998 0.0003749365995766265
1767.0 0.0003716544239211916
1768.0 0.0003683759652768452
1769.0 0.0003651011847779003
1770.0 0.0003618300435807142
1771.0 0.0003585625028460974
1772.0 0.0003552985237462038
1773.0 0.0003520380674605421
1774.0000000000002 0.0003487810951839754
1775.0 0.0003455275681045567
1776.0 0.00034227744741715236
1776.9999999999998 0.00033903069431836635
1778.0 0.0003357872700009605
1779.0 0.00033254713565589384
1780.0 0.0003293102524679105
1781.0 0.000326076581609313
1782.0 0.00032284608425422806
1783.0 0.00031961872155576997
1784.0 0.00031639445465555
1785.0000000000002 0.00031317324468183857
1786.0 0.00030995505273568013
1787.0 0.0003067398399094636
1787.9999999999998 0.0003035275672692748
1789.0 0.0003003181958555356
1790.0 0.00029711168668484274
1791.0 0.0002939080007431069
1792.0 0.00029070709898690653
1793.0 0.0002875089423444964
1794.0 0.00028431349169828686
1795.0 0.0002811207079026058
1796.0000000000002 0.00027793055177144734
1797.0 0.0002747429840788838
1798.0 0.00027155796554607394
1798.9999999999998 0.0002683754568612613
1800.0 0.0002651954186587634
1801.0 0.0002620178115185286
1802.0 0.00025884259597566895
1803.0 0.00025566973250966375
1804.0 0.00025249918153532903
1805.0 0.000249330903418965
1806.0 0.00024616485845471584
1807.0000000000002 0.00024300100688362744
1808.0 0.00023983930886944965
1809.0 0.00023667972451879712
1809.9999999999998 0.0002335222138557301
1811.0 0.00023036673684262465
1812.0 0.0002272132533548265
1813.0 0.00022406172320172554
1814.0 0.00022091210610002002
1815.0 0.0002177643616888786
1816.0 0.00021461844952671354
1817.0 0.00021147432907566934
1818.0000000000002 0.00020833195971253513
1819.0 0.00020519130071498774
1820.0 0.00020205231127747033
1820.9999999999998 0.00019891495048434546
1822.0 0.0001957791773244622
1823.0 0.00019264495067928614
1824.0 0.00018951222933284923
1825.0 0.00018638097195189715
1826.0 0.0001832511370961975
1827.0 0.0001801226832105719
1828.0 0.00017699556862096764
1829.0000000000002 0.0001738697515391126
1830.0 0.00017074519004917356
1831.0 0.00016762184211246755
1831.9999999999998 0.00016449966556355406
1833.0 0.00016137861810512183
1834.0 0.00015825865730546233
1835.0 0.00015513974059811137
1836.0 0.00015202182527555426
1837.0 0.00014890486848856177
1838.0 0.0001457888272472925
1839.0 0.00014267365840213376
1840.0000000000002 0.0001395593186612735
1841.0 0.00013644576457737744
1842.0 0.00013333295254292619
1842.9999999999998 0.00013022083879423048
1844.0 0.00012710937939520018
1845.0 0.00012399853025123455
1846.0 0.0001208882470961435
1847.0 0.00011777848548298531
1848.0 0.00011466920079520465
1849.0 0.00011156034823827692
1850.0 0.00010845188282221645
1851.0000000000002 0.00010534375938212505
1852.0 0.00010223593256008169
1853.0 9.912835679732704e-5
1853.9999999999998 9.602098634782498e-5
1855.0 9.291377525430193e-5
1856.0 8.980667736529772e-5
1857.0 8.669964631081994e-5
1858.0 8.359263551906552e-5
1859.0 8.048559819592526e-5
1860.0 7.737848732524703e-5
1861.0 7.427125567952552e-5
1862.0000000000002 7.116385579271338e-5
1863.0 6.805623996990958e-5
1864.0 6.494836028855274e-5
1864.9999999999998 6.184016858024337e-5
1866.0 5.873161643241498e-5
1867.0 5.5622655193963974e-5
1868.0 5.2513235954398114e-5
1869.0 4.9403309552282625e-5
1870.0 4.629282656413777e-5
1871.0 4.3181737302378546e-5
1872.0 4.0069991819111465e-5
1873.0000000000002 3.6957539883754787e-5
1874.0 3.384433099288179e-5
1875.0 3.0730314362948845e-5
1875.9999999999998 2.7615438921730527e-5
1877.0 2.4499653309316805e-5
1878.0 2.1382905868913657e-5
1878.9999999999998 1.8265144642755654e-5
1880.0 1.514631736949934e-5
1881.0 1.2026371479236442e-5
1882.0 8.90525408630155e-6
1883.0 5.782911984419548e-6
1884.0000000000002 2.6592916450319155e-6
1885.0 4.65660792317931e-7
1886.0 3.591999518730663e-6
1886.9999999999998 6.719779074035955e-6
1888.0 9.849054334667933e-6
1889.0 1.2979880532535058e-5
1889.9999999999998 1.611231325356083e-5
1891.0 1.924640844430612e-5
1892.0 2.238222242747905e-5
1893.0 2.5519811887128007e-5
1894.0 2.8659233891427366e-5
1895.0000000000002 3.180054589774877e-5
1896.0 3.4943805746707915e-5
1897.0 3.8089071676551285e-5
1897.9999999999998 4.123640233583653e-5
1899.0 4.43858567712834e-5
1900.0 4.753749445592152e-5
1900.9999999999998 5.0691375273203456e-5
1902.0 5.3847559545771616e-5
1903.0 5.700610801996317e-5
1904.0 6.016708189386214e-5
1905.0 6.333054280338464e-5
1906.0000000000002 6.649655284934265e-5
1907.0 6.966517458396143e-5
1908.0 7.283647103877372e-5
1908.9999999999998 7.601050570955214e-5
1910.0 7.918734258689392e-5
1911.0 8.236704614638033e-5
1911.9999999999998 8.554968135773039e-5
1913.0 8.873531370313226e-5
1914.0 9.19240091740163e-5
1915.0 9.511583428815374e-5
1916.0 9.831085608019405e-5
1917.0000000000002 0.00010150914213295214
1918.0 0.00010471076057272046
1919.0 0.0001079157800742036
1919.9999999999998 0.0001111242698791611
1921.0 0.00011433629980071027
1922.0 0.00011755194022042726
1922.9999999999998 0.00012077126211818253
1924.0 0.00012399433706892344
1925.0 0.00012722123725187703
1926.0 0.00013045203546057453
1927.0 0.00013368680511414462
1928.0000000000002 0.00013692562026651118
1929.0 0.0001401685556147326
1930.0 0.00014341568650429794
1931.0000000000002 0.00014666708895562662
1932.0 0.00014992283965380556
1933.0 0.00015318301597015265
1933.9999999999998 0.00015644769596804685
1935.0 0.00015971695842177073
1936.0 0.00016299088281557415
1937.0 0.00016626954935991366
1938.0 0.00016955303901400657
1939.0000000000002 0.00017284143347461573
1940.0 0.0001761348152017127
1941.0 0.0001794332674364705
1942.0000000000002 0.00018273687419311874
1943.0 0.00018604572028814383
1944.0 0.00018935989135119235
1944.9999999999998 0.00019267947382622762
1946.0 0.0001960045549930769
1947.0 0.0001993352229862157
1948.0 0.00020267156679034092
1949.0 0.00020601367627470367
1950.0000000000002 0.00020936164218569866
1951.0 0.00021271555618223336
1952.0 0.00021607551082835404
1953.0000000000002 0.000219441599628848
1954.0 0.00022281391702233557
1955.0 0.00022619255841522208
1955.9999999999998 0.00022957762018969738
1957.0 0.00023296919971035865
1958.0 0.00023636739535553888
1959.0 0.00023977230651803968
1960.0 0.00024318403363604414
1961.0000000000002 0.0002466026781985665
1962.0 0.00025002834277139104
1963.0 0.00025346113099677177
1964.0000000000002 0.00025690114763529014
1965.0 0.000260348498566253
1966.0 0.0002638032908113831
1966.9999999999998 0.00026726563255445287
1968.0 0.00027073563316036667
1969.0 0.00027421340318101466
1970.0 0.00027769905439717265
1971.0 0.0002811926998251846
1972.0 0.0002846944537373238
1973.0 0.0002882044316833922
1974.0 0.0002917227505132521
1975.0000000000002 0.0002952495283983152
1976.0 0.0002987848848512569
1977.0 0.00030232894074751687
1977.9999999999998 0.0003058818183509114
1979.0 0.00030944364133241866
1980.0 0.00031301453480574035
1981.0 0.00031659462532991167
1982.0 0.00032018404095048063
1983.0 0.0003237829112197674
1984.0 0.0003273913672198888
1985.0 0.00033100954158833527
1986.0000000000002 0.0003346375685558822
1987.0 0.0003382755839509025
1988.0 0.0003419237252449369
1988.9999999999998 0.00034558213157956467
1990.0 0.0003492509437821635
1991.0 0.000352930304404096
1992.0 0.0003566203577571253
1993.0 0.00036032124992714396
1994.0 0.00036403312881075995
1995.0 0.0003677561441624193
1996.0 0.00037149044759590254
1997.0000000000002 0.0003752361926510117
1998.0 0.00037899353479308205
1999.0 0.0003827626314804324
1999.9999999999998 0.00038654364216538797
