0.0 0.1404638613234409
1.0 0.1404679246281213
2.0 0.14048011603300736
3.0 0.14050043997702374
4.0 0.14052890388074515
5.0 0.14056551814968143
6.0 0.14061029615765364
7.0 0.1406632542914708
8.0 0.14072441194786459
9.0 0.1407937915521567
10.0 0.14087141858431115
10.999999999999998 0.14095732160113209
12.0 0.14105153226509093
13.000000000000002 0.14115408536634982
14.0 0.1412650188570464
14.999999999999998 0.14138437389130673
16.0 0.1415121948613393
17.0 0.14164852944262113
18.0 0.14179342863286348
19.0 0.14194694679804076
20.0 0.14210914173101374
21.0 0.14228007471264456
21.999999999999996 0.14245981055355506
23.0 0.14264841766476807
24.0 0.14284596814080006
25.0 0.14305253779137506
26.000000000000004 0.1432682062573426
27.0 0.14349305706050838
28.0 0.14372717770130297
29.0 0.14397065974714957
29.999999999999996 0.1442235989079872
31.0 0.1444860951571914
32.0 0.1447582528162739
33.0 0.14504018066323446
34.0 0.14533199206457376
35.0 0.1456338050707515
36.0 0.14594574255245227
37.0 0.14626793233041013
38.0 0.1466005073035816
39.0 0.14694360561593728
40.0 0.14729737078462055
41.0 0.14766195186838427
42.0 0.14803750363608587
43.0 0.14842418672705637
43.99999999999999 0.14882216786299007
45.0 0.14923162000897128
46.0 0.14965272259316093
47.0 0.15008566170608872
48.0 0.15053063033724612
49.0 0.1509878285939188
50.0 0.15145746395160198
51.0 0.1519397515031211
52.00000000000001 0.1524349142262267
53.0 0.1529431832802247
54.0 0.15346479828588774
55.0 0.15400000763591032
56.0 0.15454906882604227
57.0 0.1551122487899999
58.0 0.15568982427202063
59.0 0.1562820821920999
59.99999999999999 0.15688932004610656
61.0 0.1575118463108607
62.0 0.15814998091502672
63.0 0.15880405566564817
64.0 0.1594744147507735
65.0 0.16016141524860908
66.0 0.1608654276540372
67.0 0.16158683647491695
68.0 0.16232604079774093
69.0 0.16308345493428156
70.0 0.16385950907705074
71.0 0.16465465002415716
72.0 0.16546934187364995
73.0 0.16630406685909524
74.0 0.16715932613019166
75.0 0.16803564066514237
76.0 0.16893355215186798
77.0 0.16985362400613166
78.0 0.17079644237602515
79.0 0.17176261724199007
80.0 0.17275278361115043
81.0 0.1737676026822177
82.0 0.1748077632148001
83.00000000000001 0.17587398287413686
84.0 0.1769670097406158
85.0 0.17808762381780285
86.0 0.17923663874926668
87.0 0.1804149035605404
87.99999999999999 0.18162330454044817
89.0 0.18286276725597633
90.0 0.1841342586914119
91.0 0.18543878952979684
92.0 0.18677741657513086
92.99999999999999 0.1881512453677615
94.0 0.18956143294138236
95.0 0.1910091908411223
96.0 0.192495788259847
97.0 0.19402255547600522
98.0 0.19559088749334452
99.00000000000001 0.1972022479895038
100.0 0.19885817351450302
101.0 0.20056027801431206
102.0 0.20231025771946035
103.0 0.20410989637565538
104.00000000000001 0.20596107093159444
105.0 0.2078657576110805
106.0 0.20982603851855294
107.0 0.2118441087352032
108.0 0.2139222840933378
108.99999999999999 0.21606300941859927
110.0 0.218268867684037
111.0 0.22054258977081534
112.0 0.22288706519718454
113.0 0.22530535366778587
114.0 0.22780069779617299
115.00000000000001 0.2303765368752878
116.0 0.23303652194389685
117.0 0.23578453232205132
118.0 0.23862469357159655
119.0 0.24156139736770468
119.99999999999999 0.244599323194249
121.0 0.2477434622314551
122.0 0.25099914371833476
123.0 0.254372063975674
124.0 0.2578683183867867
124.99999999999999 0.26149443711672127
126.0 0.26525742426459803
127.0 0.26916480175587404
128.0 0.27322465786037725
129.0 0.2774457015701961
130.0 0.2818373232032522
131.0 0.2864096621610539
132.0 0.2911736832023274
133.0 0.2961412619995382
134.0 0.3013252816528055
135.0 0.3067397417601473
136.0 0.31239988190731427
137.0 0.31832232207746947
138.0 0.32452522234074305
139.0 0.3310284653738911
140.0 0.3378538657339741
141.0 0.3450254099513523
142.0 0.35256953391539986
143.0 0.36051544341927716
144.0 0.36889548654520016
145.0 0.37774558801875263
146.0 0.3871057573269939
147.0 0.39702068597904977
148.0 0.40754045332423994
149.0 0.41872136303510693
150.0 0.4306269413142048
151.0 0.443329133217345
152.0 0.4569097447501713
153.0 0.47146219213631657
154.0 0.4870936373964681
155.0 0.5039276123614289
156.0 0.5221072690230865
157.0 0.5417994352976515
158.0 0.5631997204846403
159.0 0.5865390018354708
160.0 0.6120917477686055
161.0 0.6401868150035346
162.0 0.6712216223152462
163.0 0.705681000449432
164.0 0.744162623496379
164.99999999999997 0.7874118655328641
166.00000000000003 0.8363704311027528
167.0 0.8922455527648341
168.0 0.9566106735183972
169.0 1.0315557044698804
170.0 1.1199178718934575
171.0 1.2256485467647102
172.0 1.3544196605587717
173.0 1.51467459366157
174.0 1.7195564777377101
174.99999999999997 1.9907067448002855
175.99999999999997 2.3664582486406984
177.00000000000003 2.9217713089139683
178.0 3.8257112461839857
179.0 5.556669246159419
180.0 10.20616689695489
181.0 64.78465728215068
182.0 14.777123131713068
183.0 6.607451868242303
184.0 4.244781958527299
185.0 3.1211809715545016
185.99999999999997 2.464444257346314
187.00000000000003 2.033661576255854
188.0 1.7293484130436798
189.0 1.5029481114694647
190.0 1.3279407669691565
191.0 1.1886157510314599
192.0 1.0750737827856907
193.0 0.9807673632184041
194.0 0.9011928905979152
195.0 0.8331508556513678
196.0 0.7743056794261757
196.99999999999997 0.7229125546234187
198.00000000000003 0.6776417654338626
199.0 0.6374621782972362
200.0 0.6015618903417399
201.0 0.5692929058729804
202.0 0.5401317621154894
203.0 0.5136509844760624
204.0 0.48949804924017115
205.0 0.46737964667542836
206.0 0.4470497492344152
206.99999999999997 0.4283004533026237
208.00000000000003 0.410954870221136
209.00000000000003 0.39486155072710144
210.0 0.3798900705748108
211.0 0.3659275043043641
212.0 0.3528755859769811
213.0 0.3406484051838275
214.0 0.32917052420729176
215.0 0.318375429679131
216.0 0.30820425063003515
217.0 0.29860469164143216
217.99999999999997 0.2895301397480706
219.00000000000003 0.2809389129722764
220.0 0.2727936252695574
221.0 0.2650606468532507
222.0 0.2577096441240066
223.0 0.25071318551802413
224.0 0.24404640251044563
225.0 0.23768669719109786
226.0 0.2316134888950601
227.0 0.22580799405815552
228.0 0.22025303427296397
228.99999999999997 0.21493286838429393
230.00000000000003 0.209833045354611
231.0 0.20494027470003545
232.0 0.20024231227966657
233.0 0.19572785940268364
234.0 0.19138647323593302
235.0 0.18720848732184991
236.0 0.18318494074767722
237.0 0.17930751495716632
238.0 0.17556847715898935
238.99999999999997 0.1719606297550137
239.99999999999997 0.16847726475598968
241.00000000000003 0.16511212290201116
242.0 0.1618593567313694
243.0 0.158713497316342
244.0 0.1556694240847701
245.0 0.1527223375553958
246.0 0.1498677345254858
247.0 0.14710138562446182
248.0 0.1444193147553027
249.0 0.1418177804605139
249.99999999999997 0.1392932588544494
251.00000000000003 0.13684242804916275
252.0 0.13446215387025048
253.0 0.13214947682349423
254.0 0.1299016000558449
255.0 0.12771587837132542
256.0 0.1255898080664298
257.0 0.12352101762725728
258.0 0.12150725909520005
259.0 0.11954640015048326
260.0 0.11763641674794402
261.0 0.11577538636639736
262.0 0.11396148169871917
263.0 0.1121929648440984
264.0 0.11046818190489754
265.0 0.10878555798501492
266.0 0.1071435925110227
267.0 0.1055408549192998
268.0 0.10397598061590503
269.0 0.10244766721798819
270.0 0.10095467105896923
271.0 0.09949580390329676
272.0 0.09806992990803003
273.0 0.09667596276358079
274.0 0.09531286302639447
275.0 0.0939796356110069
276.0 0.0926753274696386
277.0 0.09139902537529772
278.0 0.09014985388164429
279.0 0.08892697337829204
280.0 0.08772957829030634
281.0 0.08655689535790839
282.0 0.08540818204470618
283.0 0.08428272502498692
284.0 0.08317983875605132
285.0 0.08209886414560379
286.0 0.08103916729535628
287.0 0.08000013829743924
288.0 0.0789811901130092
289.0 0.07798175752243386
290.0 0.07700129610847062
291.0 0.07603928131581916
292.0 0.07509520755378296
293.0 0.07416858734210935
294.0 0.07325895051853314
295.0 0.07236584346677548
296.0 0.07148882840082584
297.0 0.07062748268138305
298.0 0.06978139816077134
299.0 0.06895018057839428
300.0 0.06813344896569408
301.0 0.06733083509713589
302.0 0.06654198295463278
303.0 0.0657665482391803
304.0 0.06500419787984729
305.0 0.0642546095864726
306.0 0.06351747141848146
307.0 0.06279248136699675
308.0 0.06207934697136598
309.0 0.0613777849363509
310.0 0.06068752078242159
311.0 0.06000828850430288
312.0 0.059339830242269145
313.0 0.05868189597853237
314.0 0.05803424323905234
315.0 0.057396636810482925
316.0 0.05676884847398449
317.0 0.05615065673956547
318.0 0.05554184661119627
319.0 0.05494220934127431
320.0 0.054351542205322685
321.0 0.053769648295344044
322.0 0.05319633630186636
323.0 0.052631420323270776
324.0 0.05207471967311698
325.0 0.051526058698961964
326.0 0.05098526661020497
327.0 0.050452177306257284
328.0 0.04992662922004024
329.0 0.04940846516519269
329.99999999999994 0.048897532183755366
331.0 0.048393681410903715
332.00000000000006 0.047896767932981206
333.0 0.047406650661110904
334.0 0.0469231922047079
335.0 0.04644625874726977
336.0 0.04597571993797587
337.0 0.04551144877292636
338.0 0.04505332149210584
339.0 0.044601217473227664
340.0 0.044155019137315794
340.99999999999994 0.04371461184813207
342.0 0.043279883822974756
343.00000000000006 0.042850726044099195
344.0 0.04242703217112258
345.0 0.0420086984632437
346.0 0.041595623695758054
347.0 0.041187709086072145
348.0 0.040784858220150544
349.0 0.04038697697922032
349.99999999999994 0.039993973475806965
351.0 0.03960575798356378
351.99999999999994 0.039222242876197654
353.0 0.03884334256278565
354.00000000000006 0.03846897343409394
355.0 0.03809905379950723
356.0 0.03773350383457126
357.0 0.03737224552818246
358.0 0.037015202628196964
359.0 0.036662300595327664
360.0 0.03631346655110323
360.99999999999994 0.03596862923416974
362.0 0.03562771895449397
363.00000000000006 0.03529066754799396
364.0 0.0349574083368127
365.0 0.03462787608763876
366.0 0.03430200697172109
367.0 0.033979738528469444
368.0 0.03366100962474958
369.0 0.03334576042457668
370.0 0.03303393234995897
371.0 0.03272546804747169
371.99999999999994 0.03242031136006177
373.0 0.03211840729022967
374.00000000000006 0.031819701973145514
375.0 0.03152414264544962
376.0 0.031231677617501563
377.0 0.030942256243789972
378.0 0.0306558288992263
379.0 0.03037234694927402
380.0 0.030091762727735148
381.0 0.02981402950942668
382.0 0.029539101489199488
382.99999999999994 0.02926693375612296
384.0 0.02899748227265031
385.00000000000006 0.028730703852893075
386.0 0.02846655613909049
387.0 0.028204997585080726
388.0 0.027945987432408954
389.0 0.027689485693420796
390.0 0.027435453130421124
391.0 0.027183851239999696
392.0 0.02693464223261667
393.0 0.02668778901664218
393.99999999999994 0.026443255181552928
395.0 0.02620100498033406
396.00000000000006 0.02596100331580613
397.0 0.025723215722961598
398.0 0.025487608355034424
399.0 0.02525414796891306
400.0 0.025022801910037386
401.0 0.024793538098837026
402.0 0.024566325019344356
403.0 0.024341131701748824
404.0 0.02411792771342221
404.99999999999994 0.02389668314541647
406.0 0.023677368599088835
407.00000000000006 0.023459955175482865
408.0 0.02324441446399764
409.0 0.023030718529951845
410.0 0.022818839905279463
411.0 0.02260875157626688
412.0 0.02240042697469416
413.0 0.022193839965782673
413.99999999999994 0.02198896484075384
415.0 0.0217857763050875
416.00000000000006 0.021584249470221906
417.0 0.02138435984397696
418.00000000000006 0.021186083322385012
419.0 0.020989396179443745
420.0 0.02079427506005841
421.0 0.02060069697107745
422.0 0.020408639273188003
423.0 0.020218079673596012
424.0 0.0200289962169238
424.99999999999994 0.019841367279119254
426.0 0.019655171559230782
427.00000000000006 0.01947038807272745
428.0 0.0192869961433765
429.0 0.01910497539821443
430.0 0.01892430575905159
431.0 0.018744967436011988
432.0 0.01856694092294016
433.0 0.018390206988290424
434.0 0.01821474667173994
435.0 0.018040541276389578
435.99999999999994 0.017867572362633036
437.0 0.017695821744102426
438.00000000000006 0.017525271480266627
439.0 0.01735590387185254
440.0 0.01718770145494714
441.0 0.01702064699637844
442.0 0.016854723486996126
443.0 0.016689914138783866
444.0 0.01652620237773042
445.0 0.01636357184022691
446.0 0.016202006367270778
446.99999999999994 0.01604149000106263
448.0 0.015882006979058918
449.00000000000006 0.015723541730344782
450.0 0.015566078869925474
451.0 0.015409603196339933
452.0 0.015254099685274834
453.0 0.015099553486622053
454.0 0.01494594991989909
455.0 0.014793274470250684
456.0 0.014641512783854518
457.0 0.01449065066529667
457.99999999999994 0.014340674072281791
459.0 0.014191569111997428
460.00000000000006 0.014043322038529107
461.0 0.01389591924765561
462.0 0.013749347273973872
463.0 0.013603592787204058
464.0 0.013458642588522323
465.0 0.01331448360725995
466.0 0.013171102896776117
467.0 0.013028487631763964
468.0 0.012886625104886423
468.99999999999994 0.012745502722505658
470.0 0.012605108002766775
471.00000000000006 0.012465428571149505
472.0 0.012326452157854101
473.0 0.0121881665945742
474.0 0.012050559810791216
475.0 0.011913619831787509
476.0 0.011777334774216034
477.0 0.011641692844063786
477.99999999999994 0.011506682332787557
479.0 0.011372291615149655
479.99999999999994 0.011238509145581874
481.0 0.011105323455237332
482.00000000000006 0.01097272314944574
483.0 0.01084069690452201
484.0 0.010709233464634735
485.0 0.010578321639096212
486.0 0.01044795029964797
487.0 0.010318108377301304
488.0 0.01018878485971878
488.99999999999994 0.010059968787716473
490.0 0.009931649253288325
491.00000000000006 0.009803815396058374
492.0 0.009676456400989903
493.0 0.00954956149475935
494.0 0.009423119943648616
495.0 0.009297121050311984
496.0 0.009171554150976658
497.0 0.009046408612829583
498.0 0.008921673830473613
499.0 0.008797339223714905
499.99999999999994 0.00867339423439307
501.0 0.008549828323441052
502.00000000000006 0.008426630968292161
503.0 0.008303791659248758
504.0 0.008181299897100364
505.0 0.008059145190148609
506.0 0.007937317050687153
507.0 0.007815804992721092
508.0 0.007694598528310661
509.0 0.007573687164598458
510.0 0.007453060401179732
510.99999999999994 0.00733270772589504
512.0 0.007212618613123565
513.0 0.007092782519219048
514.0 0.0069731888799085436
515.0 0.006853827107093331
516.0 0.006734686585062364
517.0 0.0066157566671075875
518.0 0.00649702667305612
519.0 0.006378485884117389
520.0 0.00626012354079418
521.0 0.006141928838363765
522.0 0.006023890923866459
523.0 0.005905998891840572
524.0 0.005788241780510237
525.0 0.005670608568430806
526.0 0.005553088170024993
527.0 0.005435669431659264
528.0 0.005318341127620376
529.0 0.005201091956188393
530.0 0.0050839105343112425
531.0 0.004966785394665516
532.0 0.0048497049799964016
533.0 0.004732657639254745
534.0 0.004615631622020284
535.0 0.004498615075034262
536.0 0.004381596035953864
537.0 0.004264562428946376
538.0 0.004147502059621535
539.0 0.0040304026092603615
540.0 0.00391325162941563
541.0 0.0037960365371653843
542.0 0.003678744607840085
543.0 0.003561362970454216
544.0 0.0034438786011569537
545.0 0.0033262783165447286
546.0 0.003208548767821324
547.0 0.003090676434201199
548.0 0.002972647615298346
549.0 0.002854448425276451
550.0 0.002736064784494198
551.0 0.0026174824128837103
552.0 0.0024986868215345335
553.0 0.0023796633054927944
554.0 0.002260396935025153
555.0 0.002140872547208548
556.0 0.002021074737500128
557.0 0.0019009878505488443
558.0 0.0017805959704384478
559.0 0.0016598829119831976
560.0 0.0015388322099841919
561.0 0.0014174271087293744
562.0 0.0012956505523198316
563.0 0.0011734851725692145
564.0 0.001050913278116983
565.0 0.0009279168423171529
566.0 0.0008044774911563199
567.0 0.0006805764904359656
568.0 0.0005561947322603516
569.0 0.00043131272168875617
570.0 0.0003059105624291389
571.0 0.00017996794165417776
572.0 5.3464115488438327e-5
573.0 7.362210776019586e-5
574.0 0.00020131238373095534
575.0 0.00032962884922641293
576.0 0.00045859414059167886
577.0 0.0005882314113794093
578.0 0.000718564352727942
579.0 0.0008496172127839046
580.0 0.000981414818561548
581.0 0.0011139825965377054
582.0 0.0012473465967376683
583.0 0.0013815335155412823
584.0 0.001516570721133234
585.0 0.0016524862785571974
586.0 0.001789308977512734
587.0 0.0019270683599146906
588.0 0.0020657947494704693
589.0 0.002205519281978546
590.0 0.002346273938306913
591.0 0.002488091576434764
592.0 0.0026310059678649844
593.0 0.00277505183333684
594.0 0.0029202648818941026
595.0 0.003066681849967576
596.0 0.003214340544464342
597.0 0.0033632798860882135
598.0 0.0035135399557757897
599.0 0.0036651620426356706
600.0 0.003818188695380649
601.0 0.003972663774869615
602.0 0.004128632510192662
603.0 0.004286141557210516
604.0 0.004445239060697485
605.0 0.004605974718048129
606.0 0.004768399848381668
607.0 0.004932567463488481
608.0 0.005098532344065841
609.0 0.005266351117638079
610.0 0.0054360823436038685
611.0 0.005607786600614042
612.0 0.005781526579311305
613.0 0.0059573671810113525
614.0 0.006135375620183154
615.0 0.0063156215345512
616.0 0.006498177099611137
617.0 0.006683117151647581
618.0 0.006870519315262059
619.0 0.007060464141095332
620.0 0.00725303524959289
621.0 0.007448319484359065
622.0 0.007646407073741243
623.0 0.007847391803999218
624.0 0.008051371200690433
625.0 0.00825844672297758
626.0 0.008468723969559496
627.0 0.008682312897024178
628.0 0.00889932805371484
629.0 0.009119888826536792
630.0 0.009344119705718926
631.0 0.00957215056524667
632.0 0.009804116964203404
633.0 0.010040160466301285
634.0 0.010280428982260257
635.0 0.010525077135445194
636.0 0.010774266653109262
637.0 0.011028166785685646
638.0 0.011286954755146445
639.0 0.011550816236098417
640.0 0.011819945872366438
641.0 0.012094547831187522
642.0 0.012374836400608278
643.0 0.012661036629261737
644.0 0.01295338501836772
645.0 0.013252130265323467
646.0 0.013557534068383312
647.0 0.01386987199292954
648.0 0.014189434410006177
649.0 0.014516527511341781
650.0 0.014851474408031893
651.0 0.015194616324767013
652.0 0.015546313892644659
653.0000000000001 0.015906948557202313
654.0 0.016276924109284354
655.0 0.016656668354674366
656.0 0.01704663493166462
657.0 0.01744730530204303
658.0 0.017859190922901905
659.0 0.018282835630311356
659.9999999999999 0.018718818248697304
661.0 0.019167755461908118
662.0 0.019630304967000002
663.0 0.020107168950861252
664.0000000000001 0.02059909792819171
665.0 0.021106894976880765
666.0 0.021631420436206576
667.0 0.02217359710970949
668.0 0.02273441605167577
669.0 0.023314943002608557
670.0 0.0239163255741361
670.9999999999999 0.024539801273869906
672.0 0.025186706494351868
673.0 0.02585848660384259
674.0 0.026556707297088866
675.0000000000001 0.027283067395749715
676.0 0.028039413316183467
677.0 0.028827755467515426
678.0 0.029650286885804636
679.0 0.030509404468536436
680.0 0.031407733238227056
681.0 0.03234815416009898
681.9999999999999 0.03333383612943616
683.0 0.03436827288207266
684.0 0.035455325727786445
685.0 0.036599273213454644
686.0000000000001 0.03780486906318714
687.0 0.03907741004675658
688.0 0.040422815825798965
688.9999999999999 0.041847723309192376
690.0 0.043359598700002784
691.0 0.04496687122079816
692.0 0.04667909357945271
692.9999999999999 0.04850713562907382
694.0 0.05046341950880644
695.0 0.052562207029063196
696.0 0.05481995335270226
697.0000000000001 0.0572557455450843
698.0 0.05989185071748901
699.0 0.06275440712090027
699.9999999999999 0.06587430365625527
701.0 0.06928831059383567
702.0 0.0730405493734081
703.0 0.07718442637792265
703.9999999999999 0.08178521102495746
705.0 0.08692352338756913
706.0 0.0927001290818363
707.0 0.09924265111484577
708.0000000000001 0.10671515679387887
709.0 0.11533216677050005
710.0 0.1253796643717293
710.9999999999999 0.1372475566887563
712.0 0.1514815980538904
713.0 0.16886990039064997
714.0 0.19059426590193654
715.0000000000001 0.21851109513597566
716.0 0.25571285190843107
717.0 0.307762272590799
718.0 0.3857743877101105
719.0000000000001 0.5156469276126561
720.0 0.7748751220926193
721.0 1.5485069869456938
721.9999999999999 35.48012135800274
723.0 1.580535596265834
724.0 0.7898194109863681
725.0 0.5274258575905701
726.0000000000001 0.39644589901355076
727.0 0.3179218524270069
728.0 0.26559505202813133
729.0 0.2282267853544209
730.0 0.20020265050302766
731.0 0.1784055009309883
732.0 0.160965935792421
732.9999999999999 0.1466947771990282
734.0 0.13479947590076927
735.0 0.12473147816850771
736.0 0.11609904004696166
737.0000000000001 0.10861493250020557
738.0 0.10206376586444922
739.0 0.096280851698307
740.0 0.09113811349671892
741.0 0.0865344483310807
742.0 0.08238898102392095
743.0 0.07863624637294986
743.9999999999999 0.075222685726528
745.0 0.07210405780649809
746.0 0.06924349700043665
747.0 0.06661003780636418
748.0000000000001 0.06417747987404264
749.0 0.06192350534358865
750.0 0.059828985361228715
751.0 0.057877430114268505
752.0 0.05605454888918164
753.0 0.054347895289249624
754.0 0.052746579001918426
754.9999999999999 0.051241029974879726
756.0 0.0498228042204417
757.0 0.04848442291287447
758.0 0.047219238318722614
759.0000000000001 0.046021321459071104
760.0 0.044885367519384996
761.0 0.04380661582008934
762.0 0.042780781782244426
763.0 0.04180399885731149
764.0 0.04087276875556672
765.0 0.03998391861795014
765.9999999999999 0.0391345640272097
767.0 0.03832207695665362
768.0 0.03754405789854657
769.0 0.03679831154703436
770.0000000000001 0.03608282552491215
771.0 0.03539575171792589
772.0 0.03473538984300468
773.0 0.034100172955011464
774.0 0.03348865462427379
775.0 0.03289949756449136
776.0 0.03233146352866455
776.9999999999999 0.03178340430160251
778.0 0.031254253662393566
779.0 0.030743020191033865
780.0 0.030248780818249315
781.0000000000001 0.029770675035231967
782.0 0.029307899677159327
783.0 0.028859704224545184
784.0 0.02842538655516216
785.0 0.028004289105985916
786.0 0.027595795388689403
787.0 0.027199326831931266
787.9999999999999 0.02681433990760663
789.0 0.026440323516962825
790.0 0.02607679660398561
791.0 0.025723305980364042
792.0000000000001 0.025379424333671716
793.0 0.025044748406115952
794.0 0.024718897322488408
795.0 0.024401511059439964
796.0 0.024092249034529653
797.0 0.023790788811369014
798.0 0.0234968249049894
798.9999999999999 0.02321006768251204
800.0 0.022930242345646997
801.0 0.022657087992630415
802.0 0.02239035674971163
803.0000000000001 0.02212981296638666
804.0 0.02187523247144971
805.0 0.02162640188022704
806.0 0.021383117953530883
807.0 0.0211451869998993
808.0 0.02091242432220943
809.0 0.02068465369915709
809.9999999999999 0.02046170690482618
811.0 0.020243423259272284
812.0 0.020029649209453285
813.0 0.019820237937475116
814.0000000000001 0.019615048994956964
815.0 0.019413947960492464
816.0 0.019216806119334896
816.9999999999999 0.019023500163049732
818.0 0.018833911907814815
819.0 0.018647928030532453
820.0 0.018465439821112078
820.9999999999999 0.01828634294922311
822.0 0.01811053724542872
823.0 0.017937926495708675
824.0 0.017768418247042513
825.0000000000001 0.01760192362549187
826.0 0.017438357163474572
827.0 0.01727763663864876
827.9999999999999 0.017119682919898165
829.0 0.016964419823714792
830.0 0.016811773977206325
831.0 0.016661674689844367
832.0000000000001 0.016514053831177156
833.0 0.01636884571566264
834.0 0.016225986993736913
835.0 0.01608541654849286
836.0000000000001 0.015947075397498844
837.0 0.015810906600687884
838.0 0.015676855171793354
838.9999999999999 0.01554486799532438
840.0 0.015414893746865086
841.0 0.015286882818675747
842.0 0.015160787247442178
843.0000000000001 0.015036560646881122
844.0 0.014914158142730964
845.0 0.014793536311989068
846.0 0.014674653123822877
847.0000000000001 0.01455746788422093
848.0 0.014441941183100365
849.0 0.014328034843589068
849.9999999999999 0.014215711874037362
851.0 0.014104936422036246
852.0 0.013995673730785734
853.0 0.013887890097318238
854.0000000000001 0.013781552832524474
855.0 0.013676630223161988
856.0 0.013573091495396379
857.0 0.013470906780213397
858.0 0.013370047080171102
859.0 0.013270484237568287
860.0 0.013172190903985356
860.9999999999999 0.013075140511424312
862.0 0.012979307244447687
863.0 0.012884666013197132
864.0 0.01279119242853223
865.0000000000001 0.01269886277694638
866.0 0.01260765399745954
867.0 0.012517543659197054
868.0 0.012428509939593959
869.0 0.012340531604112628
870.0 0.012253587986032181
871.0 0.01216765896778797
871.9999999999999 0.012082724962314476
873.0 0.01199876689595728
874.0 0.011915766191256923
875.0 0.01183370475096973
876.0000000000001 0.011752564942413621
877.0 0.011672329582665049
878.0 0.011592981923912872
879.0 0.01151450563989769
880.0 0.011436884812475024
881.0 0.011360103918881715
882.0 0.011284147819236586
882.9999999999999 0.01120900174502495
884.0 0.011134651287277532
885.0 0.011061082385876707
886.0 0.010988281318701193
887.0000000000001 0.010916234691676895
888.0 0.010844929428726129
889.0 0.010774352762305905
890.0 0.010704492224342171
891.0 0.010635335637353667
892.0 0.010566871105857387
893.0 0.010499087008233814
893.9999999999999 0.010431971988810029
895.0 0.010365514950138708
896.0 0.010299705045569109
897.0 0.010234531672290622
898.0000000000001 0.010169984464175988
899.0 0.010106053285363847
900.0 0.01004272822353807
901.0 0.009979999584059578
902.0 0.00991785788358809
903.0 0.009856293844495868
904.0 0.009795298389230553
904.9999999999999 0.009734862634656245
906.0 0.00967497788714297
907.0 0.00961563563710404
908.0 0.009556827554351534
909.0000000000001 0.009498545483101752
910.0 0.009440781437559338
911.0 0.00938352759729881
912.0 0.009326776302945584
913.0 0.009270520052047596
914.0 0.00921475149498927
915.0 0.009159463430972408
915.9999999999999 0.009104648804259381
917.0 0.009050300700505437
918.0 0.008996412343114183
919.0 0.00894297708980762
920.0000000000001 0.008889988429157045
921.0 0.008837439977411552
922.0 0.008785325475261306
923.0 0.008733638784855715
924.0 0.008682373886633414
925.0 0.008631524876555958
926.0 0.00858108596340136
926.9999999999999 0.00853105146565575
928.0 0.00848141580931637
929.0 0.008432173524911431
930.0 0.008383319245363733
931.0000000000001 0.008334847703286094
932.0 0.008286753728627172
933.0 0.008239032246626846
934.0 0.00819167827528349
935.0 0.008144686923389013
936.0 0.008098053388331363
937.0 0.008051772954097772
937.9999999999999 0.008005840989204578
939.0 0.007960252944834172
940.0 0.007915004352911462
941.0 0.007870090824310129
942.0000000000001 0.007825508047060782
943.0 0.007781251784548427
944.0 0.007737317873897097
944.9999999999999 0.007693702224331738
946.0 0.0076504008155354845
947.0 0.007607409696152007
948.0 0.007564724982154735
948.9999999999999 0.0075223428555255215
950.0 0.0074802595626902
951.0 0.00743847141324028
952.0 0.007396974778414731
953.0000000000001 0.007355766089915059
954.0 0.0073148418385439624
955.0 0.0072741985729487995
955.9999999999999 0.0072338328984498275
957.0 0.00719374147572595
958.0 0.007153921019767258
959.0 0.0071143682986487405
959.9999999999999 0.007075080132537747
961.0 0.007036053392459188
962.0 0.006997284999323421
963.0 0.006958771922996177
964.0000000000001 0.006920511181043719
965.0 0.006882499838031738
966.0 0.0068447350043533035
966.9999999999999 0.006807213835473484
968.0 0.006769933530909766
969.0 0.006732891333304377
970.0 0.006696084527735021
971.0000000000001 0.006659510440694176
972.0 0.006623166439351911
973.0 0.006587049930729554
974.0 0.0065511583609596654
975.0000000000001 0.00651548921438227
976.0 0.0064800400130102034
977.0 0.006444808315592102
977.9999999999999 0.0064097917170242835
979.0 0.006374987847559755
980.0 0.006340394372252073
981.0 0.006306008990162885
982.0000000000001 0.006271829433801406
983.0 0.0062378534683694776
984.0 0.0062040788913317775
985.0 0.0061705035316045155
986.0 0.006137125249098838
987.0 0.006103941934078585
988.0 0.006070951506626858
988.9999999999999 0.006038151916017216
990.0 0.006005541140306835
991.0 0.005973117185671645
992.0 0.00594087808590015
993.0000000000001 0.005908821902026339
994.0 0.005876946721618663
995.0 0.005845250658500593
996.0 0.005813731852148659
997.0 0.005782388467205056
998.0 0.005751218693157026
999.0 0.005720220743755466
999.9999999999999 0.005689392856654211
1001.0 0.005658733292948549
1002.0 0.005628240336810699
1003.0 0.005597912294978967
1004.0000000000001 0.0055677474964586065
1005.0 0.005537744292082097
1006.0 0.005507901054123881
1007.0 0.005478216175972119
1008.0 0.005448688071661164
1009.0 0.005419315175611569
1010.0 0.005390095942222246
1010.9999999999999 0.0053610288455577595
1012.0 0.005332112378940882
1013.0 0.005303345054742325
1014.0 0.0052747254039335525
1015.0000000000001 0.0052462519757886655
1016.0 0.0052179233376848325
1017.0 0.005189738074610268
1018.0 0.005161694789052386
1019.0 0.005133792100582987
1020.0 0.005106028645556259
1021.0 0.0050784030769406565
1021.9999999999999 0.0050509140639262585
1023.0 0.005023560291713978
1024.0 0.004996340461221334
1025.0 0.004969253288867109
1026.0 0.00494229750621076
1027.0 0.004915471859855204
1028.0 0.004888775111052638
1029.0 0.004862206035553274
1030.0 0.004835763423300437
1031.0 0.004809446078288876
1032.0 0.004783252818245124
1033.0 0.004757182474467694
1034.0 0.004731233891520227
1035.0 0.004705405927156134
1036.0 0.004679697451958313
1037.0 0.0046541073492288925
1038.0 0.00462863451474212
1039.0 0.004603277856567353
1040.0 0.004578036294818361
1041.0 0.004552908761560068
1042.0 0.004527894200518655
1043.0 0.004502991566904773
1044.0 0.004478199827336851
1045.0 0.004453517959496986
1046.0 0.004428944952111642
1047.0 0.004404479804682838
1048.0 0.004380121527300539
1049.0 0.00435586914057394
1050.0 0.0043317216753690916
1051.0 0.004307678172694765
1052.0 0.004283737683529813
1053.0 0.004259899268696097
1054.0 0.004236161998632115
1055.0 0.004212524953317885
1056.0 0.004188987222089603
1057.0 0.004165547903495158
1058.0 0.004142206105177592
1059.0 0.004118960943675384
1060.0 0.004095811544338127
1061.0 0.004072757041170155
1062.0 0.004049796576704715
1063.0 0.004026929301842616
1064.0 0.004004154375738372
1065.0 0.003981470965728762
1066.0 0.0039588782470746445
1067.0 0.00393637540299497
1068.0 0.003913961624392269
1069.0 0.0038916361098706065
1070.0 0.003869398065531644
1071.0 0.003847246704844214
1072.0 0.0038251812486210734
1073.0 0.003803200924813128
1074.0 0.0037813049684455
1075.0 0.0037594926214951497
1076.0 0.003737763132808074
1077.0 0.0037161157579196796
1078.0 0.003694549759067633
1079.0 0.0036730644049892906
1080.0 0.0036516589708213
1081.0 0.0036303327380964824
1082.0 0.0036090849945181304
1083.0 0.003587915033990232
1084.0 0.003566822156421943
1085.0 0.003545805667638687
1086.0 0.0035248648793851116
1087.0 0.0035039991091144708
1088.0 0.0034832076799735955
1089.0 0.0034624899206904774
1090.0 0.003441845165491084
1091.0 0.0034212727539817216
1092.0 0.0034007720311380212
1093.0 0.00338034234714211
1094.0 0.0033599830573123384
1095.0 0.0033396935220855266
1096.0 0.003319473106855653
1097.0 0.0032993211819356944
1098.0 0.003279237122476185
1099.0 0.0032592203083793097
1100.0 0.003239270124236409
1101.0 0.003219385959212414
1102.0 0.003199567207012923
1103.0 0.0031798132658119806
1104.0 0.0031601235381224922
1105.0 0.0031404974308097914
1106.0 0.00312093435494179
1107.0 0.003101433725761505
1108.0 0.0030819949626131886
1109.0 0.003062617488839951
1110.0 0.0030433007317833003
1111.0 0.0030240441226373964
1112.0 0.0030048470964311198
1113.0 0.0029857090919694473
1114.0 0.002966629551719758
1115.0 0.002947607921788006
1116.0 0.0029286436518378787
1117.0 0.0029097361950440816
1118.0 0.002890885008017351
1119.0 0.0028720895507316794
1120.0 0.0028533492864778057
1121.0 0.002834663681803111
1122.0 0.0028160322064496998
1123.0 0.0027974543333002867
1124.0 0.0027789295382808486
1125.0 0.002760457300363187
1126.0 0.0027420371014583657
1127.0 0.0027236684263993866
1128.0 0.0027053507628308424
1129.0 0.002687083601202596
1130.0 0.002668866434690476
1131.0 0.00265069875914053
1132.0 0.002632580073035625
1133.0 0.0026145098773944705
1134.0 0.0025964876757642893
1135.0 0.0025785129741409795
1136.0 0.0025605852809221256
1137.0 0.002542704106870211
1138.0 0.002524868965016497
1139.0 0.0025070793706543047
1140.0 0.0024893348412526454
1141.0 0.002471634896449386
1142.0 0.002453979057927714
1143.0 0.002436366849439583
1144.0 0.002418797796702659
1145.0 0.0024012714273804626
1146.0 0.0023837872710216223
1147.0 0.0023663448589961913
1148.0 0.0023489437244600306
1149.0 0.0023315834023104427
1150.0 0.0023142634291237977
1151.0 0.0022969833430984384
1152.0 0.002279742684041545
1153.0 0.0022625409932835704
1154.0 0.0022453778136208658
1155.0 0.0022282526893185996
1156.0 0.002211165166026775
1157.0 0.002194114790714096
1158.0 0.0021771011116535626
1159.0 0.0021601236783755397
1160.0 0.0021431820415794335
1161.0 0.0021262757531141934
1162.0 0.002109404365961276
1163.0 0.002092567434096327
1164.0 0.0020757645125434954
1165.0 0.0020589951572677597
1166.0 0.0020422589251254323
1167.0 0.0020255553738438223
1168.0 0.0020088840619657948
1169.0 0.0019922445487634615
1170.0 0.0019756363942660805
1171.0 0.001959059159135744
1172.0 0.0019425124046568967
1173.0 0.001925995692694894
1174.0 0.0019095085856108587
1175.0 0.0018930506462622155
1176.0 0.0018766214379074997
1177.0 0.0018602205241973063
1178.0 0.0018438474690762768
1179.0 0.0018275018367983568
1180.0 0.001811183191819888
1181.0 0.0017948910987792117
1182.0 0.0017786251224460802
1183.0 0.001762384827646059
1184.0 0.0017461697792622289
1185.0 0.0017299795421233301
1186.0 0.0017138136809945084
1187.0 0.0016976717605269134
1188.0 0.0016815533451615102
1189.0 0.001665457999149358
1190.0 0.001649385286435348
1191.0 0.0016333347706182547
1192.0 0.0016173060149422924
1193.0 0.0016012985822022286
1194.0 0.0015853120346867812
1195.0 0.0015693459341510458
1196.0 0.0015533998417554455
1197.0 0.001537473317976206
1198.0 0.0015215659226210008
1199.0 0.0015056772147032857
1200.0 0.001489806752427629
1201.0 0.0014739540931017314
1202.0 0.001458118793128593
1203.0 0.001442300407896408
1204.0 0.0014264984917479026
1205.0 0.0014107125979241706
1206.0 0.001394942278493545
1207.0 0.001379187084293786
1208.0 0.0013634465648702204
1209.0 0.001347720268423174
1210.0 0.0013320077417480656
1211.0 0.0013163085301620139
1212.0 0.001300622177434525
1213.0 0.0012849482257431411
1214.0 0.0012692862155981794
1215.0 0.0012536356857838853
1216.0 0.0012379961732735137
1217.0 0.001222367213178731
1218.0 0.0012067483386828625
1219.0 0.0011911390809641613
1220.0 0.0011755389691360267
1221.0 0.001159947530144634
1222.0 0.0011443642887660967
1223.0 0.001128788767430207
1224.0 0.0011132204862475705
1225.0 0.0010976589628861205
1226.0 0.0010821037124889375
1227.0 0.001066554247614034
1228.0 0.0010510100781583153
1229.0 0.0010354707112670198
1230.0 0.0010199356512571407
1231.0 0.0010044043995297695
1232.0 0.0009888764544987256
1233.0 0.0009733513115057537
1234.0 0.0009578284627254177
1235.0 0.0009423073970784835
1236.0 0.0009267876001427241
1237.0 0.0009112685540727224
1238.0 0.0008957497375041907
1239.0 0.0008802306254601702
1240.0 0.0008647106892399333
1241.0 0.0008491893963482725
1242.0 0.0008336662103856229
1243.0 0.0008181405909518305
1244.0 0.0008026119935313234
1245.0 0.0007870798694016431
1246.0 0.0007715436655355294
1247.0 0.0007560028244687813
1248.0 0.0007404567842320699
1249.0 0.0007249049781808657
1250.0 0.0007093468349385218
1251.0 0.0006937817782444152
1252.0 0.0006782092268663786
1253.0 0.0006626285944389543
1254.0 0.0006470392893715561
1255.0 0.0006314407147493703
1256.0 0.0006158322681197083
1257.0 0.0006002133414646108
1258.0 0.0005845833209810248
1259.0 0.0005689415870260183
1260.0 0.0005532875139182983
1261.0 0.0005376204697960878
1262.0 0.0005219398165376596
1263.0 0.0005062449095384995
1264.0 0.0004905350976130834
1265.0 0.00047480972281917065
1266.0 0.00045906812030679553
1267.0 0.0004433096181740411
1268.0 0.00042753353726966627
1269.0 0.00041173919105266213
1270.0 0.0003959258854317747
1271.0 0.0003800929185537151
1272.0 0.0003642395806767263
1273.0 0.0003483651539388808
1274.0 0.0003324689122104634
1275.0 0.00031655012089577405
1276.0 0.0003006080367124599
1277.0 0.00028464190752404216
1278.0 0.0002686509721575285
1279.0 0.00025263446011401753
1280.0 0.00023659159144808953
1281.0 0.0002205215765091477
1282.0 0.00020442361570960902
1283.0 0.00018829689931726035
1284.0 0.00017214060722079946
1285.0 0.00015595390866832528
1286.0 0.00013973596206917318
1287.0 0.0001234859146983412
1288.0 0.00010720290247384226
1289.0 9.088604964963236e-5
1290.0 7.45344686206856e-5
1291.0 5.814725957165347e-5
1292.0 4.172351024323064e-5
1293.0 2.5262295627415095e-5
1294.0 8.762677676286776e-6
1295.0 7.776295015371153e-6
1296.0 2.435558750515109e-5
1297.0 4.097617883081987e-5
1298.0 5.763906232905389e-5
1299.0 7.434524597311303e-5
1300.0 9.109575273129568e-5
1301.0 0.00010789162090871094
1302.0 0.0001247339044990544
1303.0 0.00014162367357468085
1304.0 0.0001585620146701163
1305.0 0.00017555003114400153
1306.0000000000002 0.00019258884362505043
1307.0 0.00020967959037792187
1308.0 0.00022682342778672317
1308.9999999999998 0.00024402153071614069
1310.0 0.0002612750930297824
1311.0 0.0002785853280098806
1312.0 0.0002959534688209901
1313.0 0.0003133807690480949
1314.0 0.0003308685031226768
1315.0 0.0003484179669028449
1316.0 0.0003660304781519478
1317.0000000000002 0.0003837073771203693
1318.0 0.0004014500270576209
1319.0 0.0004192598148338523
1319.9999999999998 0.0004371381514936604
1321.0 0.0004550864728703609
1322.0 0.0004731062402468671
1323.0 0.0004911989409249223
1324.0 0.0005093660889599791
1325.0 0.000527609225806226
1326.0 0.0005459299210095064
1327.0 0.0005643297729668334
1328.0000000000002 0.000582810409620162
1329.0 0.0006013734892695551
1330.0 0.0006200207013210363
1330.9999999999998 0.0006387537671516061
1332.0 0.0006575744408752708
1333.0 0.0006764845102821
1334.0 0.0006954857976800977
1335.0 0.0007145801608129317
1336.0 0.0007337694938572505
1337.0 0.0007530557283186557
1338.0 0.0007724408341218956
1339.0000000000002 0.0007919268205957067
1340.0 0.0008115157375490181
1341.0 0.0008312096764150544
1341.9999999999998 0.000851010771361361
1343.0 0.0008709212004795182
1344.0 0.0008909431869987775
1345.0 0.0009110790005430669
1346.0 0.0009313309584650668
1347.0 0.0009517014271233236
1348.0 0.0009721928233240575
1349.0 0.0009928076157678602
1350.0000000000002 0.0010135483264637373
1351.0 0.0010344175323355048
1352.0 0.0010554178667671835
1352.9999999999998 0.001076552021263728
1354.0 0.001097822747130267
1355.0 0.0011192328572368097
1356.0 0.0011407852278558616
1357.0 0.0011624828005184708
1358.0 0.0011843285839688881
1359.0 0.0012063256562160226
1360.0 0.00122847716655633
1361.0000000000002 0.001250786337808982
1362.0 0.0012732564685281234
1363.0 0.0012958909353260979
1363.9999999999998 0.0013186931953263032
1365.0 0.0013416667885964894
1366.0 0.001364815340808678
1366.9999999999998 0.0013881425658925214
1368.0 0.0014116522688814388
1369.0 0.00143534834872054
1370.0 0.0014592348013787852
1371.0 0.0014833157229067776
1372.0000000000002 0.0015075953127179854
1373.0 0.0015320778769643947
1374.0 0.001556767832012567
1374.9999999999998 0.001581669708118822
1376.0 0.0016067881532205199
1377.0 0.0016321279368411727
1377.9999999999998 0.0016576939542658903
1379.0 0.0016834912306991595
1380.0 0.0017095249258057687
1381.0 0.0017358003382776136
1382.0 0.0017623229106924173
1383.0000000000002 0.0017890982344575387
1384.0 0.0018161320551120209
1385.0 0.0018434302777312972
1385.9999999999998 0.0018709989726055358
1387.0 0.001898844381206666
1388.0 0.0019269729222783243
1388.9999999999998 0.0019553911983729343
1390.0 0.001984106002528503
1391.0 0.0020131243252985292
1392.0 0.002042453362120127
1393.0 0.002072100520954846
1394.0000000000002 0.0021020734302936387
1395.0 0.0021323799475568652
1396.0 0.0021630281678300207
1396.9999999999998 0.002194026433087153
1398.0 0.002225383341679755
1399.0 0.0022571077584783153
1399.9999999999998 0.0022892088253752443
1401.0 0.002321695972221766
1402.0 0.002354578928475038
1403.0 0.002387867735258093
1404.0 0.0024215727580432635
1405.0000000000002 0.002455704700005518
1406.0 0.0024902746160142624
1407.0 0.0025252939272552414
1407.9999999999998 0.0025607744367405543
1409.0 0.0025967283454290113
1410.0 0.0026331682693803166
1410.9999999999998 0.0026701072575338785
1412.0 0.0027075588107093635
1413.0 0.0027455369013773333
1414.0 0.002784055994559017
1415.0 0.0028231310699265355
1416.0000000000002 0.002862777644989445
1417.0 0.002903011799523547
1418.0 0.0029438502014941664
1419.0000000000002 0.002985310134332224
1420.0 0.0030274095256540914
1421.0 0.0030701669778081587
1421.9999999999998 0.0031136017999766627
1423.0 0.0031577340422278065
1424.0 0.003202584531632062
1425.0 0.00324817491022313
1426.0 0.0032945276755977863
1427.0000000000002 0.003341666223665476
1428.0 0.0033896148940749486
1429.0 0.003438399018501067
1430.0000000000002 0.0034880449718651505
1431.0 0.003538580226600671
1432.0 0.0035900334107695255
1432.9999999999998 0.0036424343693923643
1434.0 0.0036958142300644596
1435.0 0.003750205472838184
1436.0 0.0038056420045484763
1437.0 0.003862159238201399
1438.0000000000002 0.003919794177846685
1439.0 0.003978585508924483
1440.0 0.004038573695245317
1441.0000000000002 0.004099801082382798
1442.0 0.004162312008693591
1443.0 0.0042261529239618675
1443.9999999999998 0.004291372516903212
1445.0 0.004358021851905732
1446.0 0.004426154515851034
1447.0 0.004495826776039482
1448.0 0.004567097750180217
1449.0000000000002 0.004640029589360428
1450.0 0.0047146876753190224
1451.0 0.004791140833377318
1452.0000000000002 0.004869461562385535
1453.0 0.004949726283419108
1454.0 0.005032015608802569
1454.9999999999998 0.005116414633740892
1456.0 0.005203013252458733
1457.0 0.005291906501849308
1458.0 0.005383194934429538
1459.0 0.005476985024956732
1460.0 0.005573389613201358
1461.0 0.005672528386732017
1462.0 0.0057745284091050095
1463.0000000000002 0.0058795246967611806
1464.0 0.005987660851816652
1465.0 0.006099089755795906
1465.9999999999998 0.00621397433142134
1467.0 0.006332488381535321
1468.0 0.006454817512764866
1469.0 0.006581160155331136
1470.0 0.006711728690290886
1471.0 0.006846750698057402
1472.0 0.006986470342815389
1473.0 0.00713114991200584
1474.0000000000002 0.007281071529595459
1475.0 0.007436539068167134
1476.0 0.007597880286220397
1476.9999999999998 0.007765449222171155
1478.0 0.007939628883085123
1479.0 0.008120834269909647
1480.0 0.00830951578936291
1481.0 0.008506163113063975
1482.0 0.008711309551826465
1483.0 0.008925537028365805
1484.0 0.009149481745640894
1485.0000000000002 0.009383840667849882
1486.0 0.009629378951795468
1487.0 0.009886938497007803
1487.9999999999998 0.01015744781511095
1489.0 0.010441933462225578
1490.0 0.010741533332167099
1491.0 0.011057512171403319
1492.0 0.011391279763913045
1493.0 0.01174441233606168
1494.0 0.012118677867328656
1495.0 0.012516066165790523
1496.0000000000002 0.012938824785905684
1497.0 0.01338950215943707
1498.0 0.01387099968786538
1498.9999999999998 0.01438663504396457
1500.0 0.014940219604975827
1501.0 0.015536153837207047
1502.0 0.016179545682654117
1503.0 0.016876358693709237
1504.0 0.01763359900956109
1505.0 0.018459553611781556
1506.0 0.01936409703846064
1507.0000000000002 0.020359090671179966
1508.0 0.02145890890733339
1509.0 0.022681141902826413
1509.9999999999998 0.02404754809347995
1511.0 0.02558536659963664
1512.0 0.0273291588037951
1513.0 0.02932344595229845
1514.0 0.031626575363317685
1515.0 0.03431653907999131
1516.0 0.03750000095748802
1517.0 0.0413268049293835
1518.0000000000002 0.04601428418230804
1519.0 0.051890074850665234
1520.0 0.059472253603778745
1520.9999999999998 0.06963120637172325
1522.0 0.08395036667601423
1523.0 0.10564414192342221
1524.0 0.14238428258497354
1525.0 0.21810754260618648
1526.0 0.46409244492226426
1527.0 2.4801496898923237
1528.0 0.3648910648102062
1529.0000000000002 0.1935681119315894
1530.0 0.13169504586061342
1531.0 0.09980390990534174
1531.9999999999998 0.08035481541865588
1533.0 0.06725510588575048
1534.0 0.0578315246583577
1535.0 0.050726701452199645
1536.0 0.04517825244812567
1537.0 0.04072498642519842
1538.0 0.037071541575980325
1539.0 0.03402000176831367
1540.0000000000002 0.03143277316597569
1541.0 0.029211230135647862
1542.0 0.027282832387129065
1542.9999999999998 0.025593035924525016
1544.0 0.02410003825203655
1545.0 0.0227712631931287
1546.0 0.02158094858214357
1547.0 0.020508453199629934
1548.0 0.01953704461008816
1549.0 0.01865301574620809
1550.0 0.017845030718060227
1551.0000000000002 0.017103633338111594
1552.0 0.016420873017475607
1553.0 0.01579001658955844
1553.9999999999998 0.015205323883242583
1555.0 0.014661871174613088
1556.0 0.01415541101372136
1557.0 0.013682259971373123
1558.0 0.01323920802591773
1559.0 0.012823444875532077
1560.0 0.012432499599223828
1561.0 0.012064190926207308
1562.0000000000002 0.011716586002365562
1563.0 0.01138796600401014
1564.0 0.011076797311234947
1564.9999999999998 0.01078170721627195
1566.0 0.010501463358956305
1567.0 0.01023495623620215
1568.0 0.009981184264553135
1569.0 0.009739240969505993
1570.0 0.009508303957785931
1571.0 0.009287625389236685
1572.0 0.009076523715582934
1573.0000000000002 0.008874376493607705
1574.0 0.00868061411420742
1575.0 0.008494714312324082
1575.9999999999998 0.008316197348277253
1577.0 0.008144621765190263
1578.0 0.007979580645381412
1579.0 0.007820698296462262
1580.0 0.0076676273126759465
1581.0 0.00752004596144479
1582.0 0.007377655854955429
1583.0 0.0072401798700118675
1584.0000000000002 0.007107360286847502
1585.0 0.006978957119980566
1586.0 0.0068547466183339085
1586.9999999999998 0.006734519915135654
1588.0 0.0066180818103121625
1589.0 0.006505249670567769
1590.0 0.0063958524339512105
1591.0 0.006289729707501764
1592.0 0.006186730948144369
1593.0 0.0060867147178116105
1594.0 0.0059895480053018335
1595.0000000000002 0.005895105607724149
1596.0 0.005803269565579942
1597.0 0.00571392864650058
1597.9999999999998 0.005626977872100024
1599.0 0.005542318084571291
1600.0 0.005459855548479475
1601.0 0.005379501585297509
1602.0 0.005301172236537483
1603.0 0.005224787953859668
1604.0 0.0051502733131778625
1605.0 0.005077556750576496
1606.0000000000002 0.005006570318536748
1607.0 0.0049372494601044445
1608.0 0.004869532800040759
1608.9999999999998 0.004803361950955231
1610.0 0.004738681333779132
1611.0 0.00467543801063659
1612.0 0.0046135815298751414
1613.0 0.00455306378163346
1614.0 0.004493838863416519
1615.0 0.004435862954985135
1616.0 0.004379094201384661
1617.0000000000002 0.004323492603999145
1618.0 0.004269019918683789
1619.0 0.004215639560468338
1619.9999999999998 0.00416331651461949
1621.0 0.004112017253052353
1622.0 0.004061709656322431
1622.9999999999998 0.004012362940252236
1624.0 0.003963947587289962
1625.0 0.0039164352818648355
1626.0 0.0038697988498303526
1627.0 0.0038240122014465625
1628.0000000000002 0.0037790502776892864
1629.0 0.003734888999929594
1630.0 0.003691505222254284
1630.9999999999998 0.0036488766867474346
1632.0 0.0036069819812596373
1633.0 0.003565800499524259
1633.9999999999998 0.00352531240352849
1635.0 0.0034854985880952037
1636.0 0.003446340647127592
1637.0 0.0034078208420370644
1638.0 0.0033699220715676364
1639.0000000000002 0.003332627843498184
1640.0 0.0032959222476317673
1641.0 0.0032597899303003753
1641.9999999999998 0.0032242160702694706
1643.0 0.0031891863557016766
1644.0 0.003154686962528213
1644.9999999999998 0.0031207045336574895
1646.0 0.003087226159518867
1647.0 0.003054239359347172
1648.0 0.0030217320634798673
1649.0 0.002989692596560867
1650.0000000000002 0.002958109661516003
1651.0 0.0029269723242608143
1652.0 0.002896269999298735
1652.9999999999998 0.0028659924357859455
1654.0 0.0028361297044464215
1655.0 0.00280667218498076
1655.9999999999998 0.002777610554101773
1657.0 0.0027489357741524558
1658.0 0.002720639082158956
1659.0 0.002692711979490201
1660.0 0.002665146221857797
1661.0000000000002 0.002637933809913024
1662.0 0.0026110669801118615
1663.0 0.0025845381960841853
1664.0000000000002 0.002558340140336292
1665.0 0.0025324657063487774
1666.0 0.002506907990937615
1666.9999999999998 0.002481660287049727
1668.0 0.002456716076783928
1669.0 0.002432069024746045
1670.0 0.002407712971637221
1671.0 0.0023836419282025844
1672.0000000000002 0.0023598500693008096
1673.0 0.002336331728336271
1674.0 0.0023130813918259244
1675.0000000000002 0.002290093694270605
1676.0 0.002267363413156169
1677.0 0.0022448854641917274
1677.9999999999998 0.002222654896747319
1679.0 0.0022006668894495713
1680.0 0.0021789167459445743
1681.0 0.0021573998908477206
1682.0 0.0021361118658511
1683.0000000000002 0.002115048325950862
1684.0 0.002094205035836054
1685.0 0.0020735778664431976
1686.0000000000002 0.002053162791583415
1687.0 0.0020329558847180344
1688.0 0.0020129533159031956
1688.9999999999998 0.001993151348777969
1690.0 0.001973546337675569
1691.0 0.0019541347248832417
1692.0 0.0019349130379724968
1693.0 0.0019158778872007602
1694.0000000000002 0.001897025963045374
1695.0 0.001878354033838651
1696.0 0.0018598589434207751
1697.0000000000002 0.0018415376089225206
1698.0 0.0018233870186426593
1699.0 0.0018054042299494302
1699.9999999999998 0.0017875863672822945
1701.0 0.0017699306202339827
1702.0 0.0017524342416739478
1703.0 0.0017350945459385684
1704.0 0.0017179089070981798
1705.0000000000002 0.0017008747572786612
1706.0 0.001683989585022643
1707.0 0.00166725093371349
1708.0000000000002 0.0016506564000772661
1709.0 0.0016342036326803951
1710.0 0.00161789033053515
1710.9999999999998 0.0016017142416870525
1712.0 0.0015856731619287232
1713.0 0.0015697649334680992
1714.0 0.001553987443701793
1715.0 0.0015383386239977057
1716.0 0.0015228164485391923
1717.0 0.0015074189331599418
1718.0 0.0014921441342760611
1719.0000000000002 0.0014769901478069404
1720.0 0.001461955108150084
1721.0 0.0014470371871627675
1721.9999999999998 0.0014322345932286323
1723.0 0.0014175455702768265
1724.0 0.0014029683969015744
1725.0 0.0013885013854528056
1726.0 0.0013741428812054114
1727.0 0.001359891261503983
1728.0 0.0013457449349632356
1729.0 0.0013317023406880788
1730.0000000000002 0.0013177619475105485
1731.0 0.0013039222532430358
1732.0 0.0012901817839686097
1732.9999999999998 0.001276539093342087
1734.0 0.0012629927619197357
1735.0 0.0012495413964820192
1736.0 0.0012361836294223622
1737.0 0.001222918118102962
1738.0 0.0012097435442512275
1739.0 0.0011966586133934495
1740.0 0.001183662054272421
1741.0000000000002 0.0011707526182778967
1742.0 0.0011579290789275345
1743.0 0.0011451902313406501
1743.9999999999998 0.0011325348917084013
1745.0 0.001119961896809973
1746.0 0.0011074701035449525
1747.0 0.001095058388416759
1748.0 0.0010827256471257476
1749.0 0.00107047079409196
1750.0 0.0010582927620206338
1751.0 0.0010461905014916423
1752.0000000000002 0.0010341629805434406
1753.0 0.0010222091842518911
1754.0 0.0010103281143775057
1754.9999999999998 0.000998518788940973
1756.0 0.0009867802418809994
1757.0 0.000975111522676879
1758.0 0.0009635116959928799
1759.0 0.000951979841350146
1760.0 0.0009405150527655025
1761.0 0.0009291164384468777
1762.0 0.0009177831204454501
1763.0000000000002 0.000906514234373869
1764.0 0.000895308929074911
1765.0 0.0008841663663368096
1765.9999999999998 0.0008730857205957063
1767.0 0.000862066178660951
1768.0 0.0008511069394190316
1769.0 0.0008402072135786395
1770.0 0.0008293662233989029
1771.0 0.000818583202432859
1772.0 0.0008078573952606019
1773.0 0.0007971880572689855
1774.0000000000002 0.0007865744543757006
1775.0 0.0007760158628197689
1776.0 0.0007655115689061573
1776.9999999999998 0.0007550608688020563
1778.0 0.0007446630682920932
1779.0 0.0007343174825761264
1780.0 0.0007240234360528729
1781.0 0.0007137802620939623
1782.0 0.0007035873028735644
1783.0 0.0006934439091332488
1784.0 0.0006833494400012061
1785.0000000000002 0.0006733032628035798
1786.0 0.0006633047528631164
1787.0 0.0006533532933174397
1787.9999999999998 0.0006434482749417688
1789.0 0.0006335890959681523
1790.0 0.0006237751619064251
1791.0 0.0006140058853679464
1792.0 0.0006042806859111941
1793.0 0.0005945989898591675
1794.0 0.0005849602301356056
1795.0 0.0005753638461190698
1796.0000000000002 0.0005658092834693396
1797.0 0.00055629599397333
1798.0 0.0005468234353986634
1798.9999999999998 0.000537391071337732
1800.0 0.0005279983710495049
1801.0 0.0005186448093328537
1802.0 0.0005093298663604237
1803.0 0.0005000530275499902
1804.0 0.000490813783404868
1805.0 0.00048161162940369226
1806.0 0.0004724460658317903
1807.0000000000002 0.0004633165976610711
1808.0 0.00045422273441647306
1809.0 0.0004451639900326963
1809.9999999999998 0.0004361398827231741
1811.0 0.00042714993486854086
1812.0 0.00041819367285211514
1813.0 0.0004092706269635013
1814.0 0.00040038033125699144
1815.0 0.00039152232341841146
1816.0 0.00038269614465069265
1817.0 0.0003739013395501949
1818.0000000000002 0.0003651374559638494
1819.0 0.00035640404489347105
1820.0 0.0003477006603445873
1820.9999999999998 0.00033902685922149357
1822.0 0.0003303822012040907
1823.0 0.00032176624861315325
1824.0 0.0003131785662994164
1825.0 0.00030461872151868073
1826.0 0.0002960862838106218
1827.0 0.00028758082487864744
1828.0 0.0002791019184572545
1829.0000000000002 0.00027064914020884245
1830.0 0.0002622220675860484
1831.0 0.0002538202797052115
1831.9999999999998 0.00024544335724220275
1833.0 0.00023709088228676434
1834.0 0.0002287624382415838
1835.0 0.0002204576096629926
1836.0 0.00021217598216881754
1837.0 0.0002039171422942693
1838.0 0.00019568067736057198
1839.0 0.00018746617535175204
1840.0000000000002 0.0001792732247809435
1841.0 0.00017110141456247945
1842.0 0.00016295033386549125
1842.9999999999998 0.00015481957199078774
1844.0 0.00014670871822702566
1845.0 0.00013861736171086087
1846.0 0.00013054509129158985
1847.0 0.0001224914953729568
1848.0 0.00011445616178131125
1849.0 0.0001064386776097729
1850.0 9.843862906885724e-5
1851.0000000000002 9.045560132716992e-5
1852.0 8.248917835813145e-5
1853.0 7.453894278126406e-5
1853.9999999999998 6.660447569331382e-5
1855.0 5.868535650472071e-5
1856.0 5.078116276235342e-5
1857.0 4.289146997937709e-5
1858.0 3.5015851453128424e-5
1859.0 2.715387808363166e-5
1860.0 1.9305118184449368e-5
1861.0 1.1469137283291324e-5
1862.0000000000002 3.6454979296168895e-6
1863.0 4.166240509148608e-6
1864.0 1.196652206122353e-5
1864.9999999999998 1.975579436468557e-5
1866.0 2.753450889184957e-5
1867.0 3.530312117380535e-5
1868.0 4.30620910360203e-5
1869.0 5.081188284601912e-5
1870.0 5.8552965760963345e-5
1871.0 6.628581398894734e-5
1872.0 7.401090705343073e-5
1873.0000000000002 8.17287300674067e-5
1874.0 8.943977402371658e-5
1875.0 9.714453609165904e-5
1875.9999999999998 0.00010484351991711901
1877.0 0.00011253723594169738
1878.0 0.00012022620173009665
1878.9999999999998 0.00012791094231438314
1880.0 0.00013559199054256373
1881.0 0.00014326988744383306
1882.0 0.00015094518261122964
1883.0 0.00015861843459268084
1884.0000000000002 0.00016629021131142057
1885.0 0.0001739610904781425
1886.0 0.0001816316600460803
1886.9999999999998 0.00018930251866278636
1888.0 0.000196974276167418
1889.0 0.00020464755406714638
1889.9999999999998 0.0002123229860800824
1891.0 0.00022000121867841733
1892.0 0.00022768291163757667
1893.0 0.0002353687386545708
1894.0 0.00024305938793991736
1895.0000000000002 0.0002507555628849065
1896.0 0.0002584579827367224
1897.0 0.00026616738328441895
1897.9999999999998 0.00027388451762257475
1899.0 0.00028161015690804933
1900.0 0.0002893450911760859
1900.9999999999998 0.00029709013018934364
1902.0 0.00030484610431913075
1903.0 0.00031261386549086837
1904.0 0.0003203942881514772
1905.0 0.0003281882702951933
1906.0000000000002 0.0003359967345509625
1907.0 0.00034382062929927073
1908.0 0.0003516609298771813
1908.9999999999998 0.00035951863981866595
1910.0 0.0003673947921719555
1911.0 0.0003752904508947575
1911.9999999999998 0.0003832067123036868
1913.0 0.00039114470660320635
1914.0 0.00039910559953532755
1915.0 0.00040709059405646513
1916.0 0.00041510093215831663
1917.0000000000002 0.00042313789677335097
1918.0 0.00043120281378092285
1919.0 0.00043929705413589076
1919.9999999999998 0.0004474220361264426
1921.0 0.0004555792277369773
1922.0 0.00046377014918779587
1922.9999999999998 0.00047199637559475877
1924.0 0.00048025953980145746
1925.0 0.0004885613353881561
1926.0 0.000496903519854283
1927.0 0.00050528791800136
1928.0000000000002 0.0005137164255353534
1929.0 0.0005221910128872974
1930.0 0.0005307137292939521
1931.0000000000002 0.0005392867071145819
1932.0 0.0005479121664670292
1933.0 0.0005565924201495513
1933.9999999999998 0.0005653298788824015
1935.0 0.0005741270569366557
1936.0 0.000582986578121752
1937.0 0.0005919111821977513
1938.0 0.0006009037317431605
1939.0000000000002 0.0006099672195003072
1940.0 0.0006191047762676306
1941.0 0.0006283196793427976
1942.0000000000002 0.0006376153616008236
1943.0 0.0006469954212654054
1944.0 0.0006564636323810854
1944.9999999999998 0.0006660239561306924
1946.0 0.0006756805530014479
1947.0 0.0006854377959175888
1948.0 0.0006953002844309976
1949.0 0.0007052728600231674
1950.0000000000002 0.000715360622712631
1951.0 0.0007255689489880972
1952.0 0.0007359035112953747
1953.0000000000002 0.0007463702991497513
1954.0 0.0007569756421097156
1955.0 0.0007677262347558554
1955.9999999999998 0.0007786291638924434
1957.0 0.0007896919382217218
1958.0 0.0008009225207539387
1959.0 0.000812329364226136
1960.0 0.0008239214498894294
1961.0000000000002 0.0008357083300439413
1962.0 0.0008477001747355902
1963.0 0.0008599078230885342
1964.0000000000002 0.0008723428398719771
1965.0 0.0008850175778565776
1966.0 0.0008979452467505737
1966.9999999999998 0.0009111399894366997
1968.0 0.0009246169665516617
1969.0 0.0009383924503805278
1970.0 0.0009524839293541782
1971.0 0.0009669102245381876
1972.0 0.0009816916197958922
1973.0 0.000996850007459847
1974.0 0.0010124090517857392
1975.0000000000002 0.0010283943727330865
1976.0 0.0010448337531150462
1977.0 0.0010617573725831219
1977.9999999999998 0.0010791980727335958
1979.0 0.001097191658106501
1980.0 0.0011157772390262032
1981.0 0.0011349976230993414
1982.0 0.0011548997637650766
1983.0 0.0011755352756834376
1984.0 0.0011969610289985378
1985.0 0.0012192398369128142
1986.0000000000002 0.001242441253984887
1987.0 0.0012666425067900961
1988.0 0.0012919295829991345
1988.9999999999998 0.0013183985114706585
1990.0 0.001346156873417714
1991.0 0.0013753255950720406
1992.0 0.0014060410847264882
1993.0 0.00143845779404749
1994.0 0.0014727513052585632
1995.0 0.001509122074589354
1996.0 0.0015478000007425744
1997.0000000000002 0.0015890500385703672
1998.0 0.0016331791480376388
1999.0 0.0016805449643099916
1999.9999999999998 0.0017315667076744632
