0.0 0.00025712679557024157
1.0 0.00025713537694476275
2.0 0.0002571611247446767
3.0 0.0002572040500118938
4.0 0.00025726417113704014
5.0 0.00025734151391231295
6.0 0.0002574361115535242
7.0 0.0002575480047081213
8.0 0.0002576772415294689
9.0 0.00025782387770677734
10.0 0.00025798797654854303
10.999999999999998 0.0002581696090097924
12.0 0.0002583688538062953
13.000000000000002 0.0002585857974930188
14.0 0.00025882053453015624
14.999999999999998 0.00025907316741321243
16.0 0.0002593438067688356
17.0 0.00025963257149252245
18.0 0.0002599395888451099
19.0 0.00026026499462247603
20.0 0.0002606089333055283
21.0 0.00026097155819604514
21.999999999999996 0.00026135303160293384
23.0 0.00026175352502590387
24.0 0.0002621732193468046
25.0 0.00026261230503194947
26.000000000000004 0.0002630709823512205
27.0 0.00026354946160275224
28.0 0.0002640479633656711
29.0 0.0002645667187551786
29.999999999999996 0.00026510596969048363
31.0 0.00026566596918870856
32.0 0.00026624698166417626
33.0 0.0002668492832391538
34.0 0.00026747316209264384
35.0 0.0002681189188212179
36.0 0.00026878686676174335
37.0 0.00026947733247587285
38.0 0.0002701906560698239
39.0 0.00027092719168627245
40.0 0.0002716873079424183
41.0 0.0002724713884067881
42.0 0.00027327983213097694
43.0 0.0002741130541453782
43.99999999999999 0.00027497148605435827
45.0 0.00027585557659578943
46.0 0.000276765792292876
47.0 0.00027770261808744657
48.0 0.00027866655802429307
49.0 0.00027965813600024797
50.0 0.0002806778964998824
51.0 0.00028172640540765785
52.00000000000001 0.00028280425088027293
53.0 0.0002839120441807274
54.0 0.00028505042066996795
55.0 0.00028622004079463433
56.0 0.00028742159108753395
57.0 0.0002886557853342826
58.0 0.00028992336567199023
59.0 0.0002912251038843068
59.99999999999999 0.00029256180264876515
61.0 0.0002939342969289996
62.0 0.0002953434554098464
63.0 0.00029679018205757687
64.0 0.000298275417729229
65.0 0.0002998001418673071
66.0 0.0003013653743380206
67.0 0.00030297217736654526
68.0 0.0003046216575592492
69.0 0.00030631496805459235
70.0 0.00030805331087155097
71.0 0.00030983793928723597
72.0 0.00031167016045214154
73.0 0.00031355133815924704
74.0 0.00031548289571844306
75.0 0.0003174663191124566
76.0 0.0003195031603221224
77.0 0.00032159504079356784
78.0 0.00032374365524780483
79.0 0.00032595077571981643
80.0 0.0003282182557585897
81.0 0.0003305480350777007
82.0 0.0003329421444108746
83.00000000000001 0.00033540271075478575
84.0 0.00033793196297040765
85.0 0.00034053223776628057
86.0 0.00034320598613572117
87.0 0.000345955780293995
87.99999999999999 0.00034878432100386367
89.0 0.0003516944456082955
90.0 0.00035468913660816
91.0 0.00035777153077982455
92.0 0.00036094492923059875
92.99999999999999 0.0003642128080641783
94.0 0.0003675788299066202
95.0 0.000371046856488965
96.0 0.0003746209621129871
97.0 0.00037830544828895745
98.0 0.00038210485965126106
99.00000000000001 0.0003860240011573981
100.0 0.00039006795677138013
101.0 0.0003942421098707761
102.0 0.00039855216531695494
103.0 0.00040300417369173113
104.00000000000001 0.00040760455766486144
105.0 0.00041236014071822376
106.0 0.00041727817876681725
107.0 0.00042236639475130025
108.0 0.00042763301644737955
108.99999999999999 0.00043308681825555284
110.0 0.00043873716708467007
111.0 0.0004445940728626875
112.0 0.00045066824446758055
113.0 0.00045697115148995526
114.0 0.00046351509259747267
115.00000000000001 0.00047031327162003114
116.0 0.00047737988190251054
117.0 0.00048473020041790347
118.0 0.0004923806927719766
119.0 0.0005003491307074478
119.99999999999999 0.0005086547237480426
121.0 0.000517318267038931
122.0 0.0005263623079089251
123.0 0.0005358113339043543
124.0 0.0005456919852992462
124.99999999999999 0.0005560332965445627
126.0 0.0005668669705571522
127.0 0.0005782276919433211
128.0 0.0005901534854468365
129.0 0.000602686127053131
130.0 0.0006158716180684207
131.0 0.000629760732882695
132.0 0.0006444096545129364
133.0 0.0006598807154271777
134.0 0.000676243264287395
135.0 0.0006935746849127193
136.0 0.0007119616010511962
137.0 0.000731501307673846
138.0 0.0007523034831025706
139.0 0.0007744922506705566
140.0 0.0007982086818274877
141.0 0.0008236138619053068
142.0 0.0008508926858375848
143.0 0.0008802586174061275
144.0 0.0009119597457439053
145.0 0.0009462866368989198
146.0 0.0009835827348263918
147.0 0.0010242585082291071
148.0 0.0010688112691221176
149.0 0.001117853796560558
150.0 0.0011721566309973593
151.0 0.0012327101539255888
152.0 0.0013008068002212565
153.0 0.0013781026638966614
154.0 0.0014664580359023964
155.0 0.001567061574072255
156.0 0.001679029213045533
157.0 0.0018010168569966246
158.0 0.0019363507166569457
159.0 0.002092576983326304
160.0 0.002277519490131952
161.0 0.00249883416392953
162.0 0.0027651387804228547
163.0 0.003086381895044721
164.0 0.0034724722449684265
164.99999999999997 0.003928138736715879
166.00000000000003 0.004439677227797661
167.0 0.00494955076659774
168.0 0.00533287110240448
169.0 0.005435116541873628
170.0 0.005200669677196051
171.0 0.004734818394674937
172.0 0.0041948073124984855
173.0 0.0036830593234270675
174.0 0.003238499632923042
174.99999999999997 0.0028655098498977178
175.99999999999997 0.002555725665617708
177.00000000000003 0.002298093389551196
178.0 0.0020824488923797562
179.0 0.0019004166424262618
180.0 0.0017453740726510805
181.0 0.0016121596665009518
182.0 0.0014967599617309486
183.0 0.001396043843694344
184.0 0.0013075545053053287
185.0 0.001229351698393735
185.99999999999997 0.0011598931232234958
187.00000000000003 0.0010979440947786827
188.0 0.001042505176269577
189.0 0.0009927466985817023
190.0 0.0009479367718070577
191.0 0.0009073493899372861
192.0 0.000870156703313253
193.0 0.0008353718643205955
194.0 0.0008019932070126377
195.0 0.0007694048249835051
196.0 0.0007376844193434118
196.99999999999997 0.000707385864945342
198.00000000000003 0.0006790255201721443
199.0 0.0006528078566774532
200.0 0.0006286680947884365
201.0 0.0006064117249887037
202.0 0.0005858149051069812
203.0 0.0005666703986139528
204.0 0.0005488011300794827
205.0 0.0005320599399135812
206.0 0.0005163250316738574
206.99999999999997 0.0005014949269018898
208.00000000000003 0.0004874841396863227
209.00000000000003 0.0004742197781042109
210.0 0.000461638959679339
211.0 0.00044968686151256417
212.0 0.00043831524355816457
213.0 0.0004274813183995081
214.0 0.0004171468746446339
215.0 0.00040727758691579233
216.0 0.0003978424645919394
217.0 0.0003888134051356899
217.99999999999997 0.00038016482741267267
219.00000000000003 0.00037187336690163423
220.0 0.00036391761958452356
221.0 0.0003562779247988449
222.0 0.000348936179310886
223.0 0.00034187567705279973
224.0 0.0003350809699034135
225.0 0.0003285377462155905
226.0 0.00032223272405375016
227.0 0.0003161535570044564
228.0 0.00031028875078701636
228.99999999999997 0.00030462758899144695
230.00000000000003 0.0002991600668152162
231.0 0.00029387683179538977
232.0 0.00028876913045461957
233.0 0.0002838287603379155
234.0 0.0002790480267450737
235.0 0.00027441970347556353
236.0 0.0002699369973498867
237.0 0.0002655935158788897
238.0 0.00026138323790664123
238.99999999999997 0.00025730048681368145
239.99999999999997 0.0002533399060316523
241.00000000000003 0.0002494964366446014
242.0 0.00024576529688852196
243.0 0.0002421419633187059
244.0 0.00023862215352559376
245.0 0.00023520181019079465
246.0 0.00023187708646307475
247.0 0.00022864433242289562
248.0 0.00022550008258298736
249.0 0.0002224410443768027
249.99999999999997 0.00021946408745347247
251.00000000000003 0.00021656623378071274
252.0 0.00021374464850291094
253.0 0.0002109966313582902
254.0 0.00020831960882750298
255.0 0.00020571112673989253
256.0 0.00020316884341865598
257.0 0.00020069052329320063
258.0 0.0001982740309659485
259.0 0.00019591732563098798
260.0 0.0001936184558976943
261.0 0.00019137555493475695
262.0 0.00018918683592279885
263.0 0.00018705058781527266
264.0 0.00018496517135779922
265.0 0.00018292901534016373
266.0 0.00018094061311491066
267.0 0.00017899851929764127
268.0 0.00017710134666765304
269.0 0.00017524776329125855
270.0 0.00017343648976645722
271.0 0.00017166629665459014
272.0 0.00016993600207546643
273.0 0.00016824446940435828
274.0 0.00016659060513084223
275.0 0.0001649733568279606
276.0 0.0001633917112324604
277.0 0.00016184469243501006
278.0 0.00016033136017160973
279.0 0.00015885080819849872
280.0 0.00015740216277763732
281.0 0.00015598458121002725
282.0 0.00015459725047145634
283.0 0.0001532393859117682
284.0 0.00015191023003322953
285.0 0.0001506090513000591
286.0 0.0001493351430524849
287.0 0.00014808782243966428
288.0 0.0001468664294261875
289.0 0.00014567032584689136
290.0 0.00014449889449381502
291.0 0.00014335153826787868
292.0 0.00014222767936071068
293.0 0.0001411267584744078
294.0 0.0001400482340850691
295.0 0.00013899158174094425
296.0 0.00013795629338904893
297.0 0.00013694187673287186
298.0 0.0001359478546292303
299.0 0.0001349737645024026
300.0 0.00013401915779372994
301.0 0.00013308359942335133
302.0 0.0001321666672971529
303.0 0.00013126795181004182
304.0 0.0001303870553991781
305.0 0.00012952359209170188
306.0 0.00012867718708540476
307.0 0.00012784747635234163
308.0 0.00012703410624414384
309.0 0.0001262367331276591
310.0 0.0001254550230317587
311.0 0.00012468865130631104
312.0 0.00012393730230001327
313.0 0.00012320066905096083
314.0 0.0001224784529850319
315.0 0.00012177036363495572
316.0 0.00012107611836321198
317.0 0.00012039544210292225
318.0 0.00011972806710249078
319.0 0.00011907373268608525
320.0 0.00011843218502154467
321.0 0.00011780317689603155
322.0 0.00011718646750391664
323.0 0.00011658182223985323
324.0 0.0001159890125022832
325.0 0.00011540781550241563
326.0 0.00011483801408184642
327.0 0.00011427939653839208
328.0 0.00011373175645269492
329.0 0.0001131948925336274
329.99999999999994 0.00011266860845403261
331.0 0.00011215271270359249
332.00000000000006 0.00011164701844363023
333.0 0.00011115134336768877
334.0 0.00011066550956670465
335.0 0.00011018934339955975
336.0 0.00010972267536779056
337.0 0.00010926533999564873
338.0 0.00010881717571262872
339.0 0.00010837802474527928
340.0 0.00010794773300536127
340.99999999999994 0.00010752614998619007
342.0 0.00010711312866475131
343.00000000000006 0.00010670852540233017
344.0 0.00010631219985190471
345.0 0.00010592401486653727
346.0 0.00010554383641446201
347.0 0.00010517153349265894
348.0 0.000104806978045128
349.0 0.00010445004488655746
349.99999999999994 0.00010410061162399145
351.0 0.0001037585585843594
351.99999999999994 0.00010342376874235757
353.0 0.00010309612765373008
354.00000000000006 0.00010277552338684866
355.0 0.000102461846458029
356.0 0.00010215498977172957
357.0 0.00010185484855796599
358.0 0.00010156132031516266
359.0 0.00010127430475260802
360.0 0.0001009937037378241
360.99999999999994 0.00010071942124168853
362.0 0.00010045136328712219
363.00000000000006 0.00010018943790123625
364.0 9.993355506551466e-5
365.0 9.968362666977883e-5
366.0 9.943956646636943e-5
367.0 9.920129002786228e-5
368.0 9.896871470289564e-5
369.0 9.874175957506744e-5
370.0 9.852034542416328e-5
371.0 9.830439468654123e-5
371.99999999999994 9.809383141716811e-5
373.0 9.788858125351514e-5
374.00000000000006 9.768857138067557e-5
375.0 9.749373049602859e-5
376.0 9.7303988775235e-5
377.0 9.711927784202333e-5
378.0 9.69395307347608e-5
379.0 9.676468187629822e-5
380.0 9.659466704444166e-5
381.0 9.642942334283843e-5
382.0 9.626888917307265e-5
382.99999999999994 9.611300420742754e-5
384.0 9.596170936224119e-5
385.00000000000006 9.58149467720966e-5
386.0 9.567265976398405e-5
387.0 9.553479283496849e-5
388.0 9.540129162621175e-5
389.0 9.52721029012304e-5
390.0 9.51471745230101e-5
391.0 9.502645543208055e-5
392.0 9.490989562559305e-5
393.0 9.479744613638351e-5
393.99999999999994 9.468905901302429e-5
395.0 9.458468729989735e-5
396.00000000000006 9.448428501852099e-5
397.0 9.438780714868905e-5
398.0 9.429520961041909e-5
399.0 9.420644924646707e-5
400.0 9.412148380506971e-5
401.0 9.404027192350813e-5
402.0 9.396277311120871e-5
403.0 9.388894773454066e-5
404.0 9.38187570006374e-5
404.99999999999994 9.375216294357143e-5
406.0 9.368912840808853e-5
407.00000000000006 9.362961703679572e-5
408.0 9.357359325487785e-5
409.0 9.352102225780498e-5
410.0 9.347186999723642e-5
411.0 9.342610316798371e-5
412.0 9.338368919656467e-5
413.0 9.334459622740911e-5
413.99999999999994 9.330879311229525e-5
415.0 9.327624939751667e-5
416.00000000000006 9.3246935313357e-5
417.0 9.322082176254285e-5
418.00000000000006 9.319788030982843e-5
419.0 9.31780831710112e-5
420.0 9.316140320279426e-5
421.0 9.314781389297879e-5
422.0 9.313728935058533e-5
423.0 9.312980429602476e-5
424.0 9.312533405221424e-5
424.99999999999994 9.312385453544002e-5
426.0 9.312534224608689e-5
427.00000000000006 9.312977426065145e-5
428.0 9.313712822294652e-5
429.0 9.314738233587351e-5
430.0 9.316051535385816e-5
431.0 9.317650657430486e-5
432.0 9.319533583087646e-5
433.0 9.32169834852503e-5
434.0 9.32414304207634e-5
435.0 9.32686580344446e-5
435.99999999999994 9.329864823093601e-5
437.0 9.333138341542326e-5
438.00000000000006 9.336684648712635e-5
439.0 9.340502083310307e-5
440.0 9.344589032188559e-5
441.0 9.348943929768644e-5
442.0 9.353565257432696e-5
443.0 9.358451542950682e-5
444.0 9.363601359952543e-5
445.0 9.369013327357245e-5
446.0 9.374686108846023e-5
446.99999999999994 9.380618412382695e-5
448.0 9.386808989669498e-5
449.00000000000006 9.393256635689714e-5
450.0 9.399960188242375e-5
451.0 9.406918527448631e-5
452.0 9.414130575347663e-5
453.0 9.421595295435982e-5
454.0 9.429311692253794e-5
455.0 9.437278810978502e-5
456.0 9.445495737027927e-5
457.0 9.45396159567137e-5
457.99999999999994 9.462675551672489e-5
459.0 9.471636808894906e-5
460.00000000000006 9.480844609992137e-5
461.0 9.490298236031317e-5
462.0 9.499997006198068e-5
463.0 9.509940277449622e-5
464.0 9.520127444230116e-5
465.0 9.530557938159921e-5
466.0 9.541231227751637e-5
467.0 9.552146818140925e-5
468.0 9.563304250812932e-5
468.99999999999994 9.574703103346898e-5
470.0 9.586342989170344e-5
471.00000000000006 9.598223557323365e-5
472.0 9.610344492227288e-5
473.0 9.622705513469223e-5
474.0 9.63530637558736e-5
475.0 9.648146867877721e-5
476.0 9.661226814196336e-5
477.0 9.674546072782796e-5
477.99999999999994 9.688104536080535e-5
479.0 9.701902130571372e-5
479.99999999999994 9.715938816625887e-5
481.0 9.730214588352471e-5
482.00000000000006 9.74472947345031e-5
483.0 9.759483533083564e-5
484.0 9.774476861765026e-5
485.0 9.789709587221871e-5
486.0 9.805181870311454e-5
487.0 9.820893904896672e-5
488.0 9.836845917784353e-5
488.99999999999994 9.853038168607217e-5
490.0 9.869470949777801e-5
491.00000000000006 9.886144586398404e-5
492.0 9.903059436219515e-5
493.0 9.920215889571705e-5
494.0 9.937614369320465e-5
495.0 9.955255330830974e-5
496.0 9.97313926194333e-5
497.0 9.991266682939616e-5
498.0 0.00010009638146521689
499.0 0.00010028254237819645
499.99999999999994 0.00010047115574377753
501.0 0.00010066222806154151
502.00000000000006 0.00010085576615534404
503.0 0.0001010517771736409
504.0 0.00010125026858956168
505.0 0.00010145124820120946
506.0 0.00010165472413233339
507.0 0.00010186070483226153
508.0 0.00010206919907713753
509.0 0.00010228021596971347
510.0 0.00010249376494061234
510.99999999999994 0.00010270985574879497
512.0 0.00010292849848225813
513.0 0.0001031497035590213
514.0 0.00010337348172807975
515.0 0.00010359984407012123
516.0 0.0001038288019989524
517.0 0.00010406036726209639
518.0 0.00010429455194229862
519.0 0.00010453136845888826
520.0 0.00010477082956846937
521.0 0.00010501294836675273
522.0 0.00010525773828977312
523.0 0.00010550521311556842
524.0 0.00010575538696502493
525.0 0.00010600827430431145
526.0 0.00010626388994599555
527.0 0.00010652224905068744
528.0 0.00010678336712903455
529.0 0.00010704726004320917
530.0 0.00010731394400914651
531.0 0.00010758343559790226
532.0 0.00010785575173801356
533.0 0.00010813090971753226
534.0 0.00010840892718550808
535.0 0.00010868982215480211
536.0 0.00010897361300355326
537.0 0.00010926031847810934
538.0 0.00010954995769424664
539.0 0.00010984255014044009
540.0 0.00011013811567966585
541.0 0.00011043667455161458
542.0 0.00011073824737553287
543.0 0.00011104285515218199
544.0 0.00011135051926671426
545.0 0.00011166126149081674
546.0 0.00011197510398526228
547.0 0.00011229206930302433
548.0 0.00011261218039091614
549.0 0.00011293546059298412
550.0 0.00011326193365262396
551.0 0.00011359162371592455
552.0 0.00011392455533296713
553.0 0.00011426075346252121
554.0 0.0001146002434727811
555.0 0.00011494305114509165
556.0 0.00011528920267664923
557.0 0.0001156387246827844
558.0 0.00011599164420013252
559.0 0.00011634798868908126
560.0 0.00011670778603630854
561.0 0.00011707106455771676
562.0 0.00011743785300138523
563.0 0.00011780818054895004
564.0 0.0001181820768202668
565.0 0.0001185595718738249
566.0 0.00011894069621083988
567.0 0.00011932548077714017
568.0 0.00011971395696537477
569.0 0.00012010615661790375
570.0 0.00012050211202891484
571.0 0.00012090185594661196
572.0 0.00012130542157516352
573.0 0.00012171284257748776
574.0 0.000122124153076443
575.0 0.00012253938765708787
576.0 0.00012295858136860546
577.0 0.00012338176972581238
578.0 0.00012380898871027323
579.0 0.0001242402747720702
580.0 0.0001246756648314237
581.0 0.0001251151962785209
582.0 0.00012555890697604492
583.0 0.00012600683525811597
584.0 0.00012645901993202407
585.0 0.00012691550027773437
586.0 0.00012737631604873344
587.0 0.00012784150747017345
588.0 0.00012831111524090909
589.0 0.00012878518052994358
590.0 0.00012926374497698682
591.0 0.0001297468506906676
592.0 0.0001302345402470019
593.0 0.00013072685668637002
594.0 0.00013122384351203363
595.0 0.00013172554468652488
596.0 0.00013223200462826403
597.0 0.00013274326820847314
598.0 0.00013325938074594586
599.0 0.00013378038800254113
600.0 0.00013430633617752418
601.0 0.0001348372719024859
602.0 0.0001353732422334676
603.0 0.0001359142946450265
604.0 0.00013646047702092786
605.0 0.0001370118376467972
606.0 0.00013756842519982527
607.0 0.00013813028873913688
608.0 0.00013869747769455643
609.0 0.0001392700418545546
610.0 0.0001398480313532533
611.0 0.0001404314966576238
612.0 0.0001410204885506847
613.0 0.0001416150581179018
614.0 0.0001422152567279523
615.0 0.0001428211360158994
616.0 0.00014343274786295465
617.0 0.00014405014437522616
618.0 0.00014467337786259294
619.0 0.0001453025008140903
620.0 0.00014593756587234823
621.0 0.00014657862580798995
622.0 0.00014722573348909795
623.0 0.00014787894185321976
624.0 0.0001485383038729096
625.0 0.00014920387252363013
626.0 0.0001498757007448912
627.0 0.00015055384140538638
628.0 0.0001512383472590782
629.0 0.00015192927090467868
630.0 0.00015262666473931622
631.0 0.00015333058091022278
632.0 0.0001540410712653971
633.0 0.00015475818729879164
634.0 0.00015548198009495944
635.0 0.00015621250026965283
636.0 0.00015694979790660665
637.0 0.0001576939224926345
638.0 0.000158444922846706
639.0 0.00015920284704920215
640.0 0.00015996774236323787
641.0 0.00016073965515484015
642.0 0.00016151863080801572
643.0 0.0001623047136354019
644.0 0.00016309794678541213
645.0 0.00016389837214388919
646.0 0.00016470603023005954
647.0 0.0001655209600905031
648.0 0.00016634319918449643
649.0 0.00016717278326628865
650.0 0.00016800974626112491
651.0 0.0001688541201343871
652.0 0.0001697059347564016
653.0000000000001 0.00017056521776075785
654.0 0.0001714319943949103
655.0 0.0001723062873650006
656.0 0.00017318811667498484
657.0 0.00017407749945552072
658.0 0.00017497444978885454
659.0 0.00017587897852482304
659.9999999999999 0.00017679109308869597
661.0 0.00017771079728084776
662.0 0.00017863809106969584
663.0 0.00017957297037417673
664.0000000000001 0.0001805154268404119
665.0 0.0001814654476056137
666.0 0.00018242301505779488
667.0 0.000183388106580833
668.0 0.00018436069429508622
669.0 0.00018534074478490544
670.0 0.00018632821881927434
670.9999999999999 0.00018732307105990588
672.0 0.00018832524976130318
673.0 0.00018933469646005726
674.0 0.00019035134565456674
675.0000000000001 0.00019137512447385728
676.0 0.00019240595233654728
677.0 0.000193443740600828
678.0 0.00019448839220269034
679.0 0.00019553980128539201
680.0 0.00019659785281867247
681.0 0.00019766242220978523
681.9999999999999 0.00019873337490318042
683.0 0.0001998105659726297
684.0 0.00020089383970627712
685.0 0.0002019830291784115
686.0000000000001 0.00020307795582309303
687.0 0.00020417842898957426
688.0 0.00020528424550242128
688.9999999999999 0.00020639518920889747
690.0 0.0002075110305252282
691.0 0.00020863152597952009
692.0 0.00020975641775215867
692.9999999999999 0.00021088543321544657
694.0 0.00021201828447342907
695.0 0.00021315466790547148
696.0 0.0002142942637107188
697.0000000000001 0.00021543673546100598
698.0 0.00021658172965974376
699.0 0.00021772887531199675
699.9999999999999 0.00021887778350415806
701.0 0.00022002804700137226
702.0 0.00022117923985802816
703.0 0.0002223309170511116
703.9999999999999 0.0002234826141375607
705.0 0.00022463384693093344
706.0 0.00022578411121552697
707.0 0.0002269328824873737
708.0000000000001 0.000228079615733667
709.0 0.00022922374525039517
710.0 0.0002303646845060535
710.9999999999999 0.0002315018260515474
712.0 0.00023263454148036668
713.0 0.00023376218144700644
714.0 0.00023488407574451142
715.0000000000001 0.0002359995334460079
716.0 0.00023710784311379158
717.0 0.00023820827308402556
718.0 0.00023930007182568363
719.0000000000001 0.00024038246838027803
720.0 0.00024145467288904241
721.0 0.00024251587720665077
721.9999999999999 0.00024356525560864553
723.0 0.0002446019655919666
724.0 0.0002456251487773295
725.0 0.00024663393191189965
726.0000000000001 0.00024762742797229404
727.0 0.0002486047373761962
728.0 0.0002495649492993209
729.0 0.0002505071430981107
730.0 0.00025143038983931954
731.0 0.00025233375393696064
732.0 0.0002532162948905697
732.9999999999999 0.00025407706912919175
734.0 0.0002549151319512581
735.0 0.000255729539561614
736.0 0.00025651935119464956
737.0000000000001 0.00025728363132677284
738.0 0.0002580214519616376
739.0 0.0002587318949865041
740.0 0.00025941405459013625
741.0 0.00026006703972897803
742.0 0.0002606899766397803
743.0 0.00026128201137409757
743.9999999999999 0.0002618423123569714
745.0 0.00026237007294665484
746.0 0.00026286451398569994
747.0 0.0002633248863312426
748.0000000000001 0.00026375047334618493
749.0 0.0002641405933398336
750.0 0.0002644946019418839
751.0 0.00026481189439459164
752.0 0.00026509190774975504
753.0 0.00026533412295320956
754.0 0.0002655380668061082
754.9999999999999 0.00026570331378696527
756.0 0.00026582948772280494
757.0 0.0002659162632959733
758.0 0.0002659633673773384
759.0000000000001 0.00026597058017527444
760.0 0.0002659377361895126
761.0 0.00026586472496665446
762.0 0.0002657514916478068
763.0 0.0002655980373048414
764.0 0.00026540441906421986
765.0 0.0002651707500125476
765.9999999999999 0.00026489719889103493
767.0 0.0002645839895728324
768.0 0.0002642314003331501
769.0 0.0002638397629146388
770.0000000000001 0.0002634094613935607
771.0 0.00026294093085724396
772.0 0.0002624346559002146
773.0 0.0002618911689498802
774.0 0.00026131104843489256
775.0 0.0002606949168057746
776.0 0.00026004343842379673
776.9999999999999 0.00025935731733215983
778.0 0.00025863729492191424
779.0 0.00025788414750914243
780.0 0.00025709868383899496
781.0000000000001 0.00025628174253067217
782.0 0.00025543418947870743
783.0 0.00025455691522607344
784.0 0.0002536508323231234
785.0 0.00025271687268661644
786.0 0.0002517559849729372
787.0 0.00025076913197695624
787.9999999999999 0.0002497572880707485
789.0 0.0002487214366905771
790.0 0.0002476625678858493
791.0 0.00024658167593713797
792.0000000000001 0.00024547975705310293
793.0 0.00024435780715195276
794.0 0.00024321681973734672
795.0 0.0002420577838719953
796.0 0.00024088168225209932
797.0 0.00023968948939090694
798.0 0.00023848216991152605
798.9999999999999 0.00023726067694781217
800.0 0.00023602595066215352
801.0 0.00023477891687314278
802.0 0.00023352048579770938
803.0000000000001 0.00023225155090205392
804.0 0.00023097298786474058
805.0 0.00022968565364838312
806.0 0.0002283903856739252
807.0 0.00022708800109734234
808.0 0.00022577929618784745
809.0 0.00022446504579854014
809.9999999999999 0.0002231460029270983
811.0 0.0002218228983670707
812.0 0.00022049644043769184
813.0 0.0002191673147939188
814.0000000000001 0.00021783618430902147
815.0 0.00021650368902632804
816.0 0.00021517044617548012
816.9999999999999 0.00021383705024700106
818.0 0.0002125040731242108
819.0 0.00021117206426438386
820.0 0.00020984155092725623
820.9999999999999 0.0002085130384447633
822.0 0.00020718701053087438
823.0 0.00020586392962334096
824.0 0.00020454423726003678
825.0000000000001 0.00020322835447692084
826.0 0.0002019166822352566
827.0 0.00020060960186476902
827.9999999999999 0.00019930747552779755
829.0 0.00019801064669606368
830.0 0.00019671944064077616
831.0 0.0001954341649297537
832.0000000000001 0.0001941551099344864
833.0 0.00019288254934146187
834.0 0.00019161674066490794
835.0 0.00019035792576411128
836.0000000000001 0.00018910633135517147
837.0 0.0001878621695271748
838.0 0.00018662563824898139
838.9999999999999 0.0001853969218760504
840.0 0.00018417619164840776
841.0 0.0001829636061846948
842.0 0.00018175931196531838
843.0000000000001 0.00018056344381082269
844.0 0.0001793761253480005
845.0 0.00017819746947043337
846.0 0.00017702757878378797
847.0000000000001 0.00017586654604470842
848.0 0.00017471445458835418
849.0 0.00017357137874211755
849.9999999999999 0.00017243738423150276
851.0 0.0001713125285727198
852.0 0.0001701968614530815
853.0 0.00016909042510196111
854.0000000000001 0.00016799325464817607
855.0 0.00016690537846661315
856.0 0.0001658268185131911
857.0 0.0001647575906486477
858.0 0.00016369770495081013
859.0 0.00016264716601516814
860.0 0.00016160597324577777
860.9999999999999 0.00016057412113439619
862.0 0.00015955159952860744
863.0 0.00015853839389086123
864.0 0.00015753448554680217
865.0000000000001 0.00015653985192352497
866.0 0.00015555446677759175
867.0 0.0001545783004150227
868.0 0.00015361131990136088
869.0 0.0001526534892624339
870.0 0.00015170476967816531
871.0 0.00015076511966446535
871.9999999999999 0.00014983449525218735
873.0 0.00014891285015311914
874.0 0.00014800013592214736
875.0 0.0001470963021097681
876.0000000000001 0.00014620129640904303
877.0 0.00014531506479422595
878.0 0.00014443755165460454
879.0 0.00014356869991999545
880.0 0.0001427084511821432
881.0 0.0001418567458084767
882.0 0.0001410135230517194
882.9999999999999 0.00014017872115302274
884.0 0.00013935227743976198
885.0 0.00013853412841967634
886.0 0.00013772420986832336
887.0000000000001 0.00013692245691350577
888.0 0.0001361288041148211
889.0 0.00013534318553809485
890.0 0.00013456553482736676
891.0 0.0001337957852712118
892.0 0.00013303386986684458
893.0 0.0001322797213794552
893.9999999999999 0.0001315332723994634
895.0 0.00013079445539501493
896.0 0.00013006320276279479
897.0 0.00012933944687494725
898.0000000000001 0.00012862312012284648
899.0 0.00012791415495971416
900.0 0.0001272124839388034
901.0 0.00012651803975011352
902.0 0.000125830755255165
903.0 0.00012515056351818928
904.0 0.00012447739783667727
904.9999999999999 0.00012381119176818866
906.0 0.000123151879157164
907.0 0.00012249939415807207
908.0 0.00012185367125826332
909.0000000000001 0.00012121464529796197
910.0 0.00012058225148982992
911.0 0.00011995642543533357
912.0 0.00011933710314225293
913.0 0.00011872422103734321
914.0 0.00011811771598122508
915.0 0.00011751752527957164
915.9999999999999 0.00011692358669435277
917.0 0.00011633583845332774
918.0 0.00011575421925860697
919.0 0.00011517866829456879
920.0000000000001 0.00011460912523449985
921.0 0.00011404553024640925
922.0 0.00011348782399765604
923.0 0.00011293594765937953
924.0 0.00011238984290972544
925.0 0.00011184945193641832
926.0 0.00011131471743855767
926.9999999999999 0.00011078558262816397
928.0 0.00011026199123053184
929.0 0.0001097438874842726
930.0 0.00010923121614086562
931.0000000000001 0.00010872392246379615
932.0 0.00010822195222649407
933.0 0.00010772525171075454
934.0 0.00010723376770435489
935.0 0.00010674744749757277
936.0 0.00010626623888073128
937.0 0.00010579009014007692
937.9999999999999 0.00010531895005363438
939.0 0.00010485276788745293
940.0 0.00010439149339057617
941.0 0.00010393507679028565
942.0000000000001 0.00010348346878679828
943.0 0.00010303662054808794
944.0 0.00010259448370400805
944.9999999999999 0.00010215701034057787
946.0 0.00010172415299380598
947.0 0.00010129586464338564
948.0 0.000100872098706437
948.9999999999999 0.00010045280903074521
950.0 0.00010003794988799262
951.0 9.962747596690356e-5
952.0 9.922134236645054e-5
953.0000000000001 9.881950458830262e-5
954.0 9.84219185298751e-5
955.0 9.802854047706153e-5
955.9999999999999 9.763932709647587e-5
957.0 9.725423542844037e-5
958.0 9.687322287915031e-5
959.0 9.649624721293181e-5
959.9999999999999 9.612326654502723e-5
961.0 9.575423933352569e-5
962.0 9.538912437185052e-5
963.0 9.502788078089495e-5
964.0000000000001 9.467046800138183e-5
965.0 9.431684578596634e-5
966.0 9.396697419169238e-5
966.9999999999999 9.36208135719875e-5
968.0 9.327832456904383e-5
969.0 9.293946810618493e-5
970.0 9.260420537998099e-5
971.0000000000001 9.227249785274713e-5
972.0 9.194430724485168e-5
973.0 9.161959552707407e-5
974.0 9.129832491337784e-5
975.0000000000001 9.098045785307563e-5
976.0 9.066595702368109e-5
977.0 9.035478532348008e-5
977.9999999999999 9.004690586427497e-5
979.0 8.97422819643539e-5
980.0 8.944087714134065e-5
981.0 8.914265510506364e-5
982.0000000000001 8.884757975087205e-5
983.0 8.85556151528227e-5
984.0 8.826672555704902e-5
985.0 8.79808753750051e-5
986.0 8.769802917737925e-5
987.0 8.74181516874043e-5
988.0 8.714120777513068e-5
988.9999999999999 8.686716245105606e-5
990.0 8.659598086046657e-5
991.0 8.632762827752822e-5
992.0 8.606207009994237e-5
993.0000000000001 8.579927184330246e-5
994.0 8.55391991361166e-5
995.0 8.528181771446912e-5
996.0 8.50270934173481e-5
997.0 8.477499218180262e-5
998.0 8.452548003854325e-5
999.0 8.427852310751807e-5
999.9999999999999 8.403408759385672e-5
1001.0 8.379213978388331e-5
1002.0 8.35526460415176e-5
1003.0 8.33155728046966e-5
1004.0000000000001 8.30808865820428e-5
1005.0 8.28485539499725e-5
1006.0 8.261854154976586e-5
1007.0 8.23908160848989e-5
1008.0 8.216534431894766e-5
1009.0 8.194209307313038e-5
1010.0 8.172102922469849e-5
1010.9999999999999 8.150211970524383e-5
1012.0 8.128533149924362e-5
1013.0 8.10706316430581e-5
1014.0 8.085798722405618e-5
1015.0000000000001 8.064736538000479e-5
1016.0 8.043873329871682e-5
1017.0 8.023205821805477e-5
1018.0 8.00273074261207e-5
1019.0 7.982444826174757e-5
1020.0 7.962344811521393e-5
1021.0 7.942427442941931e-5
1021.9999999999999 7.92268947009608e-5
1023.0 7.903127648202613e-5
1024.0 7.883738738204305e-5
1025.0 7.864519506984463e-5
1026.0 7.845466727628523e-5
1027.0 7.826577179670522e-5
1028.0 7.807847649413413e-5
1029.0 7.789274930236903e-5
1030.0 7.77085582296839e-5
1031.0 7.752587136251067e-5
1032.0 7.734465686961767e-5
1033.0 7.716488300637583e-5
1034.0 7.698651811945532e-5
1035.0 7.680953065161289e-5
1036.0 7.663388914694193e-5
1037.0 7.64595622561533e-5
1038.0 7.628651874223196e-5
1039.0 7.611472748634293e-5
1040.0 7.594415749393695e-5
1041.0 7.577477790102112e-5
1042.0 7.560655798078635e-5
1043.0 7.543946715035831e-5
1044.0 7.527347497779782e-5
1045.0 7.510855118922157e-5
1046.0 7.494466567621948e-5
1047.0 7.4781788503363e-5
1048.0 7.461988991597e-5
1049.0 7.445894034793721e-5
1050.0 7.429891042976303e-5
1051.0 7.413977099678102e-5
1052.0 7.398149309737415e-5
1053.0 7.382404800138422e-5
1054.0 7.366740720868177e-5
1055.0 7.351154245775402e-5
1056.0 7.335642573430083e-5
1057.0 7.320202928009232e-5
1058.0 7.304832560174947e-5
1059.0 7.289528747946989e-5
1060.0 7.274288797602855e-5
1061.0 7.259110044556637e-5
1062.0 7.243989854245535e-5
1063.0 7.228925623018214e-5
1064.0 7.213914779015107e-5
1065.0 7.198954783041792e-5
1066.0 7.184043129442453e-5
1067.0 7.169177346962597e-5
1068.0 7.154354999595454e-5
1069.0 7.139573687436601e-5
1070.0 7.124831047504862e-5
1071.0 7.110124754557255e-5
1072.0 7.095452521902512e-5
1073.0 7.08081210217008e-5
1074.0 7.066201288087765e-5
1075.0 7.051617913226864e-5
1076.0 7.037059852725802e-5
1077.0 7.022525023998193e-5
1078.0 7.008011387409709e-5
1079.0 6.993516946940371e-5
1080.0 6.979039750808906e-5
1081.0 6.964577892077979e-5
1082.0 6.950129509230057e-5
1083.0 6.935692786711347e-5
1084.0 6.921265955447072e-5
1085.0 6.906847293326988e-5
1086.0 6.892435125649518e-5
1087.0 6.878027825549272e-5
1088.0 6.863623814372747e-5
1089.0 6.849221562028726e-5
1090.0 6.834819587302859e-5
1091.0 6.820416458132009e-5
1092.0 6.806010791846401e-5
1093.0 6.791601255365827e-5
1094.0 6.777186565376223e-5
1095.0 6.762765488444425e-5
1096.0 6.748336841108917e-5
1097.0 6.733899489934735e-5
1098.0 6.719452351516066e-5
1099.0 6.70499439245501e-5
1100.0 6.690524629288845e-5
1101.0 6.676042128387948e-5
1102.0 6.66154600581145e-5
1103.0 6.647035427117628e-5
1104.0 6.63250960715158e-5
1105.0 6.617967809781257e-5
1106.0 6.603409347601619e-5
1107.0 6.588833581601645e-5
1108.0 6.574239920799231e-5
1109.0 6.559627821827338e-5
1110.0 6.544996788502617e-5
1111.0 6.530346371344254e-5
1112.0 6.51567616707202e-5
1113.0 6.500985818058928e-5
1114.0 6.48627501176877e-5
1115.0 6.471543480141656e-5
1116.0 6.456790998971247e-5
1117.0 6.442017387237813e-5
1118.0 6.427222506421355e-5
1119.0 6.412406259783846e-5
1120.0 6.39756859163238e-5
1121.0 6.382709486549011e-5
1122.0 6.367828968606941e-5
1123.0 6.352927100559173e-5
1124.0 6.338003983008229e-5
1125.0 6.323059753553355e-5
1126.0 6.308094585930939e-5
1127.0 6.293108689124093e-5
1128.0 6.278102306461612e-5
1129.0 6.263075714711721e-5
1130.0 6.248029223154885e-5
1131.0 6.232963172637689e-5
1132.0 6.217877934634953e-5
1133.0 6.202773910290603e-5
1134.0 6.187651529452726e-5
1135.0 6.172511249705575e-5
1136.0 6.157353555396823e-5
1137.0 6.14217895665139e-5
1138.0 6.126987988401706e-5
1139.0 6.111781209398146e-5
1140.0 6.096559201228591e-5
1141.0 6.081322567339803e-5
1142.0 6.066071932060056e-5
1143.0 6.050807939620249e-5
1144.0 6.035531253187457e-5
1145.0 6.020242553895843e-5
1146.0 6.0049425398941334e-5
1147.0 5.9896319253869405e-5
1148.0 5.97431143970459e-5
1149.0 5.958981826356594e-5
1150.0 5.943643842114925e-5
1151.0 5.928298256106275e-5
1152.0 5.912945848907304e-5
1153.0 5.8975874116569034e-5
1154.0 5.882223745186221e-5
1155.0 5.8668556591538614e-5
1156.0 5.851483971205167e-5
1157.0 5.836109506136838e-5
1158.0 5.8207330950908856e-5
1159.0 5.805355574745011e-5
1160.0 5.789977786536364e-5
1161.0 5.774600575900616e-5
1162.0 5.7592247915209324e-5
1163.0 5.743851284596066e-5
1164.0 5.728480908133534e-5
1165.0 5.713114516257033e-5
1166.0 5.697752963525748e-5
1167.0 5.682397104291149e-5
1168.0 5.667047792047987e-5
1169.0 5.6517058788225306e-5
1170.0 5.6363722145778664e-5
1171.0 5.621047646631794e-5
1172.0 5.6057330190955235e-5
1173.0 5.59042917233747e-5
1174.0 5.575136942463192e-5
1175.0 5.5598571608103276e-5
1176.0 5.5445906534662253e-5
1177.0 5.529338240811665e-5
1178.0 5.514100737070939e-5
1179.0 5.4988789498858456e-5
1180.0 5.483673679911897e-5
1181.0 5.468485720434476e-5
1182.0 5.453315856986114e-5
1183.0 5.4381648670114564e-5
1184.0 5.4230335195182375e-5
1185.0 5.4079225747714604e-5
1186.0 5.392832783986607e-5
1187.0 5.377764889056534e-5
1188.0 5.3627196222777684e-5
1189.0 5.3476977061051425e-5
1190.0 5.332699852917348e-5
1191.0 5.317726764801748e-5
1192.0 5.302779133349175e-5
1193.0 5.28785763947524e-5
1194.0 5.27296295323524e-5
1195.0 5.258095733676823e-5
1196.0 5.243256628695278e-5
1197.0 5.2284462748942093e-5
1198.0 5.2136652974870135e-5
1199.0 5.198914310165552e-5
1200.0 5.1841939150385695e-5
1201.0 5.169504702531923e-5
1202.0 5.1548472513257744e-5
1203.0 5.1402221283026286e-5
1204.0 5.125629888498632e-5
1205.0 5.111071075068449e-5
1206.0 5.0965462192624645e-5
1207.0 5.0820558404090896e-5
1208.0 5.0676004459169884e-5
1209.0 5.0531805312738615e-5
1210.0 5.038796580053875e-5
1211.0 5.024449063954346e-5
1212.0 5.010138442813751e-5
1213.0 4.995865164647957e-5
1214.0 4.9816296657060515e-5
1215.0 4.9674323705135775e-5
1216.0 4.953273691927868e-5
1217.0 4.939154031216821e-5
1218.0 4.925073778116003e-5
1219.0 4.9110333109134706e-5
1220.0 4.89703299653199e-5
1221.0 4.8830731906178654e-5
1222.0 4.869154237627575e-5
1223.0 4.8552764709329034e-5
1224.0 4.841440212920854e-5
1225.0 4.827645775095406e-5
1226.0 4.813893458193603e-5
1227.0 4.8001835522960047e-5
1228.0 4.786516336946232e-5
1229.0 4.772892081266605e-5
1230.0 4.759311044086226e-5
1231.0 4.7457734740662134e-5
1232.0 4.732279609820634e-5
1233.0 4.718829680057183e-5
1234.0 4.705423903704799e-5
1235.0 4.6920624900500416e-5
1236.0 4.6787456388692176e-5
1237.0 4.6654735405711145e-5
1238.0 4.6522463763314934e-5
1239.0 4.6390643182354674e-5
1240.0 4.6259275294232166e-5
1241.0 4.612836164218268e-5
1242.0 4.5997903682855896e-5
1243.0 4.586790278764225e-5
1244.0 4.573836024416681e-5
1245.0 4.560927725771353e-5
1246.0 4.548065495259966e-5
1247.0 4.535249437375539e-5
1248.0 4.522479648798247e-5
1249.0 4.509756218555936e-5
1250.0 4.4970792281558445e-5
1251.0 4.484448751731358e-5
1252.0 4.471864856187769e-5
1253.0 4.4593276013368924e-5
1254.0 4.4468370400424974e-5
1255.0 4.434393218361888e-5
1256.0 4.421996175682943e-5
1257.0 4.409645944860397e-5
1258.0 4.397342552359597e-5
1259.0 4.385086018388939e-5
1260.0 4.3728763570320625e-5
1261.0 4.36071357638988e-5
1262.0 4.3485976787073746e-5
1263.0 4.336528660509688e-5
1264.0 4.3245065127292045e-5
1265.0 4.3125312208323875e-5
1266.0 4.300602764957362e-5
1267.0 4.288721120028656e-5
1268.0 4.276886255888247e-5
1269.0 4.2650981374192644e-5
1270.0 4.2533567246645754e-5
1271.0 4.241661972950296e-5
1272.0 4.230013833000149e-5
1273.0 4.218412251059706e-5
1274.0 4.206857169003987e-5
1275.0 4.1953485244560885e-5
1276.0 4.1838862508981494e-5
1277.0 4.172470277786241e-5
1278.0 4.161100530649012e-5
1279.0 4.149776931207369e-5
1280.0 4.138499397467892e-5
1281.0 4.127267843841821e-5
1282.0 4.1160821812311764e-5
1283.0 4.104942317143499e-5
1284.0 4.093848155778596e-5
1285.0 4.082799598138328e-5
1286.0 4.0717965421127126e-5
1287.0 4.0608388825759e-5
1288.0 4.049926511484345e-5
1289.0 4.039059317960202e-5
1290.0 4.0282371883863654e-5
1291.0 4.01746000648724e-5
1292.0 4.006727653420895e-5
1293.0 3.9960400078632174e-5
1294.0 3.985396946087562e-5
1295.0 3.9747983420429506e-5
1296.0 3.9642440674465076e-5
1297.0 3.953733991842952e-5
1298.0 3.943267982698344e-5
1299.0 3.932845905462869e-5
1300.0 3.92246762365181e-5
1301.0 3.9121329989131086e-5
1302.0 3.901841891100629e-5
1303.0 3.891594158340471e-5
1304.0 3.8813896571016216e-5
1305.0 3.871228242260115e-5
1306.0000000000002 3.8611097671640897e-5
1307.0 3.851034083696731e-5
1308.0 3.841001042338467e-5
1308.9999999999998 3.831010492230557e-5
1310.0 3.8210622812285043e-5
1311.0 3.8111562559659793e-5
1312.0 3.801292261906303e-5
1313.0 3.791470143399719e-5
1314.0 3.781689743741866e-5
1315.0 3.771950905220652e-5
1316.0 3.762253469169185e-5
1317.0000000000002 3.7525972760165513e-5
1318.0 3.742982165340054e-5
1319.0 3.733407975911346e-5
1319.9999999999998 3.723874545739797e-5
1321.0 3.714381712122125e-5
1322.0 3.704929311689684e-5
1323.0 3.695517180442907e-5
1324.0 3.6861451538046406e-5
1325.0 3.676813066655336e-5
1326.0 3.667520753372115e-5
1327.0 3.658268047875331e-5
1328.0000000000002 3.649054783660547e-5
1329.0 3.639880793834192e-5
1330.0 3.630745911161159e-5
1330.9999999999998 3.621649968087336e-5
1332.0 3.612592796780202e-5
1333.0 3.603574229164979e-5
1334.0 3.594594096951188e-5
1335.0 3.585652231671068e-5
1336.0 3.5767484647058296e-5
1337.0 3.5678826273170584e-5
1338.0 3.5590545506768314e-5
1339.0000000000002 3.550264065897642e-5
1340.0 3.54151100405535e-5
1341.0 3.532795196222399e-5
1341.9999999999998 3.524116473491886e-5
1343.0 3.5154746669957386e-5
1344.0 3.506869607944079e-5
1345.0 3.498301127637093e-5
1346.0 3.4897690574905055e-5
1347.0 3.4812732290649355e-5
1348.0 3.472813474079579e-5
1349.0 3.4643896244384656e-5
1350.0000000000002 3.456001512249267e-5
1351.0 3.4476489698437237e-5
1352.0 3.43933182979776e-5
1352.9999999999998 3.4310499249499355e-5
1354.0 3.422803088418389e-5
1355.0 3.414591153620287e-5
1356.0 3.40641395428797e-5
1357.0 3.3982713244874804e-5
1358.0 3.390163098630941e-5
1359.0 3.3820891114943315e-5
1360.0 3.374049198233275e-5
1361.0000000000002 3.366043194396126e-5
1362.0 3.3580709359376814e-5
1363.0 3.350132259234108e-5
1363.9999999999998 3.342227001093135e-5
1365.0 3.33435499877191e-5
1366.0 3.326516089984371e-5
1366.9999999999998 3.318710112913204e-5
1368.0 3.310936906223987e-5
1369.0 3.3031963090737934e-5
1370.0 3.295488161123266e-5
1371.0 3.287812302545661e-5
1372.0000000000002 3.280168574034784e-5
1373.0 3.272556816817259e-5
1374.0 3.264976872661999e-5
1374.9999999999998 3.2574285838848674e-5
1376.0 3.249911793358265e-5
1377.0 3.2424263445228794e-5
1377.9999999999998 3.2349720813910016e-5
1379.0 3.22754884855408e-5
1380.0 3.220156491190826e-5
1381.0 3.212794855073615e-5
1382.0 3.2054637865773284e-5
1383.0000000000002 3.198163132677483e-5
1384.0 3.1908927409665245e-5
1385.0 3.183652459648397e-5
1385.9999999999998 3.176442137555167e-5
1387.0 3.169261624142228e-5
1388.0 3.1621107694965495e-5
1388.9999999999998 3.154989424344497e-5
1390.0 3.1478974400488857e-5
1391.0 3.140834668620721e-5
1392.0 3.1338009627143237e-5
1393.0 3.126796175640147e-5
1394.0000000000002 3.119820161360817e-5
1395.0 3.1128727744954425e-5
1396.0 3.105953870327799e-5
1396.9999999999998 3.09906330480119e-5
1398.0 3.0922009345258406e-5
1399.0 3.0853666167800906e-5
1399.9999999999998 3.0785602095118796e-5
1401.0 3.071781571340438e-5
1402.0 3.065030561560104e-5
1403.0 3.058307040138573e-5
1404.0 3.0516108677207825e-5
1405.0000000000002 3.0449419056290803e-5
1406.0 3.0383000158654797e-5
1407.0 3.0316850611101594e-5
1407.9999999999998 3.0250969047241678e-5
1409.0 3.018535410750463e-5
1410.0 3.0120004439122385e-5
1410.9999999999998 3.0054918696156344e-5
1412.0 2.999009553947274e-5
1413.0 2.9925533636776714e-5
1414.0 2.9861231662586918e-5
1415.0 2.9797188298238634e-5
1416.0000000000002 2.9733402231894844e-5
1417.0 2.9669872158509035e-5
1418.0 2.9606596779871516e-5
1419.0000000000002 2.954357480455143e-5
1420.0 2.9480804947932117e-5
1421.0 2.941828593217541e-5
1421.9999999999998 2.9356016486218232e-5
1423.0 2.929399534578211e-5
1424.0 2.9232221253319493e-5
1425.0 2.9170692958061324e-5
1426.0 2.9109409215949695e-5
1427.0000000000002 2.9048368789665886e-5
1428.0 2.8987570448587583e-5
1429.0 2.8927012968789016e-5
1430.0000000000002 2.8866695133028116e-5
1431.0 2.880661573070679e-5
1432.0 2.874677355789321e-5
1432.9999999999998 2.868716741726846e-5
1434.0 2.8627796118134018e-5
1435.0 2.856865847637699e-5
1436.0 2.8509753314457588e-5
1437.0 2.845107946138825e-5
1438.0000000000002 2.839263575270602e-5
1439.0 2.833442103047435e-5
1440.0 2.8276434143231e-5
1441.0000000000002 2.8218673945997066e-5
1442.0 2.8161139300223944e-5
1443.0 2.8103829073795865e-5
1443.9999999999998 2.804674214099647e-5
1445.0 2.798987738248404e-5
1446.0 2.7933233685268153e-5
1447.0 2.7876809942685873e-5
1448.0 2.782060505438847e-5
1449.0000000000002 2.776461792629167e-5
1450.0 2.770884747057123e-5
1451.0 2.765329260563635e-5
1452.0000000000002 2.7597952256087053e-5
1453.0 2.7542825352704802e-5
1454.0 2.7487910832429946e-5
1454.9999999999998 2.7433207638297736e-5
1456.0 2.737871471947339e-5
1457.0 2.7324431031170355e-5
1458.0 2.727035553464106e-5
1459.0 2.7216487197165384e-5
1460.0 2.7162824991998177e-5
1461.0 2.7109367898363013e-5
1462.0 2.7056114901394456e-5
1463.0000000000002 2.700306499214214e-5
1464.0 2.6950217167526713e-5
1465.0 2.6897570430308e-5
1465.9999999999998 2.6845123789078365e-5
1467.0 2.679287625819662e-5
1468.0 2.6740826857780153e-5
1469.0 2.668897461369044e-5
1470.0 2.6637318557472355e-5
1471.0 2.6585857726346403e-5
1472.0 2.6534591163184665e-5
1473.0 2.6483517916456606e-5
1474.0000000000002 2.6432637040211618e-5
1475.0 2.638194759406438e-5
1476.0 2.633144864314894e-5
1476.9999999999998 2.6281139258083666e-5
1478.0 2.6231018514954794e-5
1479.0 2.6181085495296998e-5
1480.0 2.6131339286022977e-5
1481.0 2.608177897943455e-5
1482.0 2.6032403673183348e-5
1483.0 2.5983212470219514e-5
1484.0 2.5934204478800075e-5
1485.0000000000002 2.5885378812425594e-5
1486.0 2.5836734589810643e-5
1487.0 2.578827093488984e-5
1487.9999999999998 2.573998697674615e-5
1489.0 2.5691881849613767e-5
1490.0 2.5643954692819562e-5
1491.0 2.5596204650777434e-5
1492.0 2.554863087294523e-5
1493.0 2.5501232513805907e-5
1494.0 2.5454008732819918e-5
1495.0 2.5406958694420732e-5
1496.0000000000002 2.5360081567963224e-5
1497.0 2.531337652771155e-5
1498.0 2.526684275279093e-5
1498.9999999999998 2.5220479427184942e-5
1500.0 2.517428573966708e-5
1501.0 2.5128260883826675e-5
1502.0 2.5082404057983617e-5
1503.0 2.503671446520344e-5
1504.0 2.4991191313232534e-5
1505.0 2.4945833814498938e-5
1506.0 2.490064118606786e-5
1507.0000000000002 2.485561264962407e-5
1508.0 2.4810747431426912e-5
1509.0 2.4766044762294812e-5
1509.9999999999998 2.4721503877575307e-5
1511.0 2.4677124017124923e-5
1512.0 2.4632904425254846e-5
1513.0 2.4588844350727803e-5
1514.0 2.454494304673381e-5
1515.0 2.4501199770829133e-5
1516.0 2.4457613784950518e-5
1517.0 2.441418435535848e-5
1518.0000000000002 2.4370910752621857e-5
1519.0 2.432779225158798e-5
1520.0 2.4284828131358342e-5
1520.9999999999998 2.4242017675262972e-5
1522.0 2.41993601708162e-5
1523.0 2.4156854909716685e-5
1524.0 2.411450118780138e-5
1525.0 2.407229830503289e-5
1526.0 2.403024556545371e-5
1527.0 2.3988342277186843e-5
1528.0 2.3946587752372634e-5
1529.0000000000002 2.3904981307193287e-5
1530.0 2.386352226179244e-5
1531.0 2.3822209940297155e-5
1531.9999999999998 2.3781043670751187e-5
1533.0 2.374002278512176e-5
1534.0 2.3699146619251263e-5
1535.0 2.3658414512859163e-5
1536.0 2.361782580948349e-5
1537.0 2.3577379856475553e-5
1538.0 2.3537076004977033e-5
1539.0 2.34969136098809e-5
1540.0000000000002 2.345689202983018e-5
1541.0 2.341701062717074e-5
1542.0 2.3377268767925935e-5
1542.9999999999998 2.3337665821799957e-5
1544.0 2.3298201162130667e-5
1545.0 2.325887416585433e-5
1546.0 2.3219684213523254e-5
1547.0 2.318063068924052e-5
1548.0 2.314171298065602e-5
1549.0 2.3102930478949e-5
1550.0 2.3064282578786086e-5
1551.0000000000002 2.3025768678306005e-5
1552.0 2.298738817911472e-5
1553.0 2.2949140486226303e-5
1553.9999999999998 2.291102500807419e-5
1555.0 2.2873041156465052e-5
1556.0 2.2835188346581957e-5
1557.0 2.2797465996930133e-5
1558.0 2.2759873529335102e-5
1559.0 2.272241036892169e-5
1560.0 2.268507594407917e-5
1561.0 2.264786968646232e-5
1562.0000000000002 2.2610791030929685e-5
1563.0 2.2573839415573924e-5
1564.0 2.253701428165305e-5
1564.9999999999998 2.250031507360021e-5
1566.0 2.246374123898868e-5
1567.0 2.2427292228518562e-5
1568.0 2.2390967495984187e-5
1569.0 2.2354766498270863e-5
1570.0 2.231868869530776e-5
1571.0 2.2282733550087465e-5
1572.0 2.224690052860301e-5
1573.0000000000002 2.2211189099852172e-5
1574.0 2.2175598735814726e-5
1575.0 2.2140128911427358e-5
1575.9999999999998 2.2104779104571362e-5
1577.0 2.2069548796035544e-5
1578.0 2.203443746952262e-5
1579.0 2.199944461161294e-5
1580.0 2.1964569711737965e-5
1581.0 2.192981226218553e-5
1582.0 2.189517175806207e-5
1583.0 2.186064769727146e-5
1584.0000000000002 2.1826239580515045e-5
1585.0 2.1791946911252972e-5
1586.0 2.1757769195692928e-5
1586.9999999999998 2.1723705942780725e-5
1588.0 2.168975666416333e-5
1589.0 2.165592087418572e-5
1590.0 2.1622198089868965e-5
1591.0 2.158858783089555e-5
1592.0 2.1555089619575442e-5
1593.0 2.1521702980851474e-5
1594.0 2.1488427442266327e-5
1595.0000000000002 2.1455262533950045e-5
1596.0 2.142220778859902e-5
1597.0 2.138926274146658e-5
1597.9999999999998 2.1356426930338165e-5
1599.0 2.1323699895517812e-5
1600.0 2.129108117980727e-5
1601.0 2.125857032850133e-5
1602.0 2.1226166889352262e-5
1603.0 2.1193870412564912e-5
1604.0 2.116168045078465e-5
1605.0 2.1129596559073645e-5
1606.0000000000002 2.109761829488791e-5
1607.0 2.1065745218079268e-5
1608.0 2.1033976890863975e-5
1608.9999999999998 2.1002312877814592e-5
1610.0 2.0970752745837102e-5
1611.0 2.0939296064166385e-5
1612.0 2.0907942404340585e-5
1613.0 2.0876691340189846e-5
1614.0 2.084554244781783e-5
1615.0 2.0814495305596387e-5
1616.0 2.0783549494135056e-5
1617.0000000000002 2.0752704596274945e-5
1618.0 2.0721960197075656e-5
1619.0 2.0691315883800192e-5
1619.9999999999998 2.0660771245890173e-5
1621.0 2.063032587496701e-5
1622.0 2.0599979364796733e-5
1622.9999999999998 2.0569731311301178e-5
1624.0 2.0539581312523523e-5
1625.0 2.050952896862464e-5
1626.0 2.0479573881854464e-5
1627.0 2.044971565656619e-5
1628.0000000000002 2.0419953899171023e-5
1629.0 2.0390288218139723e-5
1630.0 2.0360718223993657e-5
1630.9999999999998 2.033124352928014e-5
1632.0 2.0301863748564962e-5
1633.0 2.0272578498415124e-5
1633.9999999999998 2.0243387397387538e-5
1635.0 2.0214290066019608e-5
1636.0 2.0185286126810264e-5
1637.0 2.0156375204211272e-5
1638.0 2.0127556924607274e-5
1639.0000000000002 2.009883091631375e-5
1640.0 2.007019680955158e-5
1641.0 2.0041654236444577e-5
1641.9999999999998 2.0013202831002112e-5
1643.0 1.9984842229108586e-5
1644.0 1.9956572068509707e-5
1644.9999999999998 1.9928391988796172e-5
1646.0 1.9900301631401956e-5
1647.0 1.9872300639584126e-5
1648.0 1.984438865840651e-5
1649.0 1.9816565334741556e-5
1650.0000000000002 1.9788830317246475e-5
1651.0 1.9761183256352248e-5
1652.0 1.9733623804258485e-5
1652.9999999999998 1.9706151614916396e-5
1654.0 1.9678766344024087e-5
1655.0 1.9651467648999144e-5
1655.9999999999998 1.9624255188988868e-5
1657.0 1.959712862483629e-5
1658.0 1.957008761909205e-5
1659.0 1.9543131835983417e-5
1660.0 1.9516260941415923e-5
1661.0000000000002 1.948947460295247e-5
1662.0 1.9462772489813393e-5
1663.0 1.9436154272853168e-5
1664.0000000000002 1.9409619624565083e-5
1665.0 1.938316821904835e-5
1666.0 1.9356799732029063e-5
1666.9999999999998 1.9330513840810663e-5
1668.0 1.9304310224298507e-5
1669.0 1.9278188562967128e-5
1670.0 1.925214853886064e-5
1671.0 1.9226189835581345e-5
1672.0000000000002 1.9200312138271738e-5
1673.0 1.917451513361258e-5
1674.0 1.9148798509814043e-5
1675.0000000000002 1.9123161956593952e-5
1676.0 1.909760516518281e-5
1677.0 1.907212782830782e-5
1677.9999999999998 1.904672964017221e-5
1679.0 1.902141029646675e-5
1680.0 1.899616949434112e-5
1681.0 1.8971006932407978e-5
1682.0 1.894592231072216e-5
1683.0000000000002 1.8920915330779368e-5
1684.0 1.889598569550034e-5
1685.0 1.887113310923151e-5
1686.0000000000002 1.8846357277722546e-5
1687.0 1.882165790812863e-5
1688.0 1.8797034708992702e-5
1688.9999999999998 1.8772487390243517e-5
1690.0 1.8748015663182076e-5
1691.0 1.8723619240472247e-5
1692.0 1.869929783613463e-5
1693.0 1.8675051165538294e-5
1694.0000000000002 1.865087894538783e-5
1695.0 1.8626780893720934e-5
1696.0 1.8602756729891137e-5
1697.0000000000002 1.8578806174564497e-5
1698.0 1.855492894971447e-5
1699.0 1.8531124778609756e-5
1699.9999999999998 1.8507393385800196e-5
1701.0 1.848373449711706e-5
1702.0 1.8460147839663108e-5
1703.0 1.843663314180588e-5
1704.0 1.8413190133156277e-5
1705.0000000000002 1.83898185445828e-5
1706.0 1.836651810818064e-5
1707.0 1.8343288557282788e-5
1708.0000000000002 1.8320129626441455e-5
1709.0 1.8297041051417617e-5
1710.0 1.8274022569186057e-5
1710.9999999999998 1.825107391791386e-5
1712.0 1.8228194836961556e-5
1713.0 1.8205385066870845e-5
1714.0 1.818264434935723e-5
1715.0 1.815997242730771e-5
1716.0 1.8137369044765565e-5
1717.0 1.8114833946926966e-5
1718.0 1.809236688013492e-5
1719.0000000000002 1.8069967591867905e-5
1720.0 1.8047635830739542e-5
1721.0 1.8025371346480883e-5
1721.9999999999998 1.8003173889939642e-5
1723.0 1.7981043213077183e-5
1724.0 1.7958979068952627e-5
1725.0 1.793698121172103e-5
1726.0 1.791504939662323e-5
1727.0 1.789318337998222e-5
1728.0 1.7871382919196343e-5
1729.0 1.7849647772730988e-5
1730.0000000000002 1.782797770010496e-5
1731.0 1.7806372461899385e-5
1732.0 1.778483181973697e-5
1732.9999999999998 1.776335553628057e-5
1734.0 1.7741943375230474e-5
1735.0 1.7720595101308428e-5
1736.0 1.7699310480258895e-5
1737.0 1.7678089278840843e-5
1738.0 1.765693126481931e-5
1739.0 1.7635836206958965e-5
1740.0 1.7614803875021322e-5
1741.0000000000002 1.7593834039758318e-5
1742.0 1.757292647289742e-5
1743.0 1.755208094714638e-5
1743.9999999999998 1.7531297236182758e-5
1745.0 1.7510575114644723e-5
1746.0 1.7489914358132704e-5
1747.0 1.746931474319121e-5
1748.0 1.7448776047317784e-5
1749.0 1.7428298048943117e-5
1750.0 1.7407880527434713e-5
1751.0 1.7387523263085522e-5
1752.0000000000002 1.736722603711512e-5
1753.0 1.7346988631651072e-5
1754.0 1.7326810829739647e-5
1754.9999999999998 1.7306692415320975e-5
1756.0 1.7286633173246283e-5
1757.0 1.7266632889251657e-5
1758.0 1.724669134996056e-5
1759.0 1.7226808342883997e-5
1760.0 1.7206983656402812e-5
1761.0 1.7187217079774996e-5
1762.0 1.7167508403116806e-5
1763.0000000000002 1.7147857417411776e-5
1764.0 1.7128263914494875e-5
1765.0 1.7108727687047748e-5
1765.9999999999998 1.7089248528602485e-5
1767.0 1.7069826233522215e-5
1768.0 1.705046059701234e-5
1769.0 1.7031151415096996e-5
1770.0 1.7011898484631947e-5
1771.0 1.6992701603287274e-5
1772.0 1.697356056954347e-5
1773.0 1.6954475182694737e-5
1774.0000000000002 1.6935445242834775e-5
1775.0 1.6916470550857046e-5
1776.0 1.6897550908443228e-5
1776.9999999999998 1.6878686118069694e-5
1778.0 1.6859875982993173e-5
1779.0 1.6841120307246455e-5
1780.0 1.682241889564034e-5
1781.0 1.6803771553752056e-5
1782.0 1.6785178087924208e-5
1783.0 1.6766638305254096e-5
1784.0 1.674815201360115e-5
1785.0000000000002 1.6729719021571085e-5
1786.0 1.6711339138512357e-5
1787.0 1.669301217452014e-5
1787.9999999999998 1.6674737940420667e-5
1789.0 1.6656516247777533e-5
1790.0 1.6638346908874367e-5
1791.0 1.6620229736725005e-5
1792.0 1.6602164545058674e-5
1793.0 1.658415114831554e-5
1794.0 1.656618936165231e-5
1795.0 1.6548279000925107e-5
1796.0000000000002 1.6530419882695866e-5
1797.0 1.651261182421814e-5
1798.0 1.6494854643442752e-5
1798.9999999999998 1.6477148159008413e-5
1800.0 1.6459492190233634e-5
1801.0 1.644188655712401e-5
1802.0 1.6424331080354495e-5
1803.0 1.6406825581277883e-5
1804.0 1.6389369881909825e-5
1805.0 1.6371963804931243e-5
1806.0 1.6354607173685146e-5
1807.0000000000002 1.6337299812166575e-5
1808.0 1.632004154502765e-5
1809.0 1.6302832197562483e-5
1809.9999999999998 1.6285671595715303e-5
1811.0 1.6268559566065064e-5
1812.0 1.6251495935829645e-5
1813.0 1.6234480532858985e-5
1814.0 1.6217513185634247e-5
1815.0 1.6200593723258313e-5
1816.0 1.618372197545546e-5
1817.0 1.616689777257023e-5
1818.0000000000002 1.615012094556042e-5
1819.0 1.6133391325991596e-5
1820.0 1.611670874603767e-5
1820.9999999999998 1.6100073038478628e-5
1822.0 1.6083484036688066e-5
1823.0 1.606694157463957e-5
1824.0 1.605044548689686e-5
1825.0 1.603399560861653e-5
1826.0 1.6017591775536288e-5
1827.0 1.600123382397717e-5
1828.0 1.5984921590841226e-5
1829.0000000000002 1.596865491360158e-5
1830.0 1.5952433630305924e-5
1831.0 1.5936257579570562e-5
1831.9999999999998 1.5920126600574615e-5
1833.0 1.590404053306255e-5
1834.0 1.5887999217336225e-5
1835.0 1.5872002494249625e-5
1836.0 1.585605020521347e-5
1837.0 1.5840142192184802e-5
1838.0 1.5824278297667314e-5
1839.0 1.5808458364707096e-5
1840.0000000000002 1.579268223688909e-5
1841.0 1.5776949758335223e-5
1842.0 1.5761260773700977e-5
1842.9999999999998 1.5745615128170903e-5
1844.0 1.573001266745798e-5
1845.0 1.5714453237797593e-5
1846.0 1.569893668594916e-5
1847.0 1.568346285918695e-5
1848.0 1.5668031605301926e-5
1849.0 1.5652642772598685e-5
1850.0 1.5637296209888973e-5
1851.0000000000002 1.5621991766490688e-5
1852.0 1.5606729292228678e-5
1853.0 1.5591508637423555e-5
1853.9999999999998 1.557632965289961e-5
1855.0 1.5561192189970063e-5
1856.0 1.5546096100445723e-5
1857.0 1.5531041236623485e-5
1858.0 1.551602745128994e-5
1859.0 1.5501054597712452e-5
1860.0 1.5486122529643543e-5
1861.0 1.547123110131083e-5
1862.0000000000002 1.545638016741961e-5
1863.0 1.5441569583149963e-5
1864.0 1.5426799204150644e-5
1864.9999999999998 1.5412068886539062e-5
1866.0 1.539737848689906e-5
1867.0 1.5382727862275967e-5
1868.0 1.5368116870177916e-5
1869.0 1.5353545368570156e-5
1870.0 1.5339013215870953e-5
1871.0 1.5324520270955513e-5
1872.0 1.5310066393147867e-5
1873.0000000000002 1.5295651442218096e-5
1874.0 1.528127527838543e-5
1875.0 1.526693776231054e-5
1875.9999999999998 1.5252638755094291e-5
1877.0 1.5238378118277842e-5
1878.0 1.5224155713837337e-5
1878.9999999999998 1.5209971404182998e-5
1880.0 1.5195825052157114e-5
1881.0 1.5181716521028729e-5
1882.0 1.5167645674498362e-5
1883.0 1.515361237668575e-5
1884.0000000000002 1.5139616492137462e-5
1885.0 1.512565788581823e-5
1886.0 1.5111736423110126e-5
1886.9999999999998 1.5097851969813023e-5
1888.0 1.5084004392139686e-5
1889.0 1.5070193556712778e-5
1889.9999999999998 1.5056419330566887e-5
1891.0 1.5042681581140906e-5
1892.0 1.5028980176281034e-5
1893.0 1.501531498423629e-5
1894.0 1.5001685873655445e-5
1895.0000000000002 1.4988092713587168e-5
1896.0 1.4974535373476714e-5
1897.0 1.4961013723163146e-5
1897.9999999999998 1.4947527632880773e-5
1899.0 1.4934076973251674e-5
1900.0 1.4920661615289484e-5
1900.9999999999998 1.490728143039387e-5
1902.0 1.4893936290347334e-5
1903.0 1.4880626067319589e-5
1904.0 1.4867350633858369e-5
1905.0 1.4854109862891275e-5
1906.0000000000002 1.4840903627723952e-5
1907.0 1.4827731802036118e-5
1908.0 1.4814594259882757e-5
1908.9999999999998 1.4801490875691334e-5
1910.0 1.4788421524256761e-5
1911.0 1.4775386080744799e-5
1911.9999999999998 1.4762384420684801e-5
1913.0 1.4749416419973291e-5
1914.0 1.473648195486962e-5
1915.0 1.4723580901993403e-5
1916.0 1.4710713138322791e-5
1917.0000000000002 1.4697878541195671e-5
1918.0 1.468507698830593e-5
1919.0 1.4672308357700362e-5
1919.9999999999998 1.4659572527780015e-5
1921.0 1.4646869377295313e-5
1922.0 1.4634198785348655e-5
1922.9999999999998 1.4621560631388106e-5
1924.0 1.4608954795208467e-5
1925.0 1.4596381156949169e-5
1926.0 1.4583839597094525e-5
1927.0 1.4571329996468175e-5
1928.0000000000002 1.4558852236233839e-5
1929.0 1.4546406197895047e-5
1930.0 1.4533991763290564e-5
1931.0000000000002 1.4521608814597511e-5
1932.0 1.4509257234322985e-5
1933.0 1.4496936905309353e-5
1933.9999999999998 1.4484647710728753e-5
1935.0 1.4472389534083686e-5
1936.0 1.4460162259204281e-5
1937.0 1.4447965770246255e-5
1938.0 1.4435799951693492e-5
1939.0000000000002 1.4423664688351132e-5
1940.0 1.4411559865347425e-5
1941.0 1.439948536813218e-5
1942.0000000000002 1.4387441082474395e-5
1943.0 1.4375426894462048e-5
1944.0 1.4363442690500475e-5
1944.9999999999998 1.4351488357309514e-5
1946.0 1.4339563781924994e-5
1947.0 1.4327668851694294e-5
1948.0 1.4315803454277606e-5
1949.0 1.4303967477646026e-5
1950.0000000000002 1.4292160810078705e-5
1951.0 1.4280383340165253e-5
1952.0 1.4268634956799729e-5
1953.0000000000002 1.4256915549183058e-5
1954.0 1.4245225006819624e-5
1955.0 1.4233563219519353e-5
1955.9999999999998 1.4221930077392046e-5
1957.0 1.4210325470848014e-5
1958.0 1.4198749290599893e-5
1959.0 1.4187201427656498e-5
1960.0 1.4175681773325633e-5
1961.0000000000002 1.4164190219209825e-5
1962.0 1.4152726657208607e-5
1963.0 1.4141290979515155e-5
1964.0000000000002 1.4129883078614038e-5
1965.0 1.4118502847284156e-5
1966.0 1.4107150178593706e-5
1966.9999999999998 1.4095824965901803e-5
1968.0 1.4084527102855322e-5
1969.0 1.4073256483389517e-5
1970.0 1.4062013001725817e-5
1971.0 1.405079655237221e-5
1972.0 1.4039607030121407e-5
1973.0 1.4028444330048434e-5
1974.0 1.4017308347513257e-5
1975.0000000000002 1.4006198978155927e-5
1976.0 1.3995116117897167e-5
1977.0 1.3984059662938801e-5
1977.9999999999998 1.3973029509761791e-5
1979.0 1.3962025555122701e-5
1980.0 1.3951047696059295e-5
1981.0 1.3940095829881149e-5
1982.0 1.3929169854176102e-5
1983.0 1.3918269666805631e-5
1984.0 1.3907395165904045e-5
1985.0 1.3896546249879558e-5
1986.0000000000002 1.3885722817411907e-5
1987.0 1.3874924767450796e-5
1988.0 1.3864151999216886e-5
1988.9999999999998 1.3853404412200985e-5
1990.0 1.3842681906161207e-5
1991.0 1.383198438112348e-5
1992.0 1.3821311737381946e-5
1993.0 1.3810663875495304e-5
1994.0 1.3800040696288163e-5
1995.0 1.3789442100850164e-5
1996.0 1.3778867990535114e-5
1997.0000000000002 1.3768318266958279e-5
1998.0 1.3757792831998999e-5
1999.0 1.374729158779795e-5
1999.9999999999998 1.3736814436755723e-5
