0.0 0.00024530920930794004
1.0 0.0002453131195182083
2.0 0.00024532485089787044
3.0 0.0002453444057020274
4.0 0.0002453717876785346
5.0 0.0002454070020827739
6.0 0.0002454500556834167
7.0 0.0002455009567469655
8.0 0.00024555971505971403
9.0 0.0002456263419233583
10.0 0.0002457008501694279
10.999999999999998 0.0002457832541477597
12.0 0.0002458735697508398
13.000000000000002 0.0002459718144212829
14.0 0.00024607800714397
14.999999999999998 0.00024619216847129345
16.0 0.0002463143205246866
17.0 0.0002464444870147332
18.0 0.0002465826932343986
19.0 0.00024672896609102276
20.0 0.0002468833341146044
21.0 0.0002470458274610065
21.999999999999996 0.00024721647793730104
23.0 0.0002473953190149153
24.0 0.0002475823858474721
25.0 0.00024777771528599766
26.000000000000004 0.0002479813458968888
27.0 0.0002481933179816856
28.0 0.00024841367359635774
29.0 0.00024864245657783856
29.999999999999996 0.00024887971255873405
31.0 0.00024912548899592594
32.0 0.0002493798351936552
33.0 0.0002496428023235779
34.0 0.00024991444345651094
35.0 0.0002501948135957926
36.0 0.0002504839696768681
37.0 0.0002507819706465212
38.0 0.00025108887744385933
39.0 0.0002514047530629982
40.0 0.00025172966257509696
41.0 0.0002520636731614268
42.0 0.00025240685416054627
43.0 0.000252759277088722
43.99999999999999 0.00025312101569257113
45.0 0.00025349214597718907
46.0 0.0002538727462608252
47.0 0.0002542628972077028
48.0 0.00025466268187073084
49.0 0.0002550721857505612
50.0 0.00025549149682936167
51.0 0.00025592070562306457
52.00000000000001 0.00025635990524897843
53.0 0.0002568091914454686
54.0 0.0002572686626564627
55.0 0.00025773842008372955
56.0 0.0002582185677237611
57.0 0.0002587092124621008
58.0 0.000259210464101309
59.0 0.00025972243545933785
59.99999999999999 0.00026024524241320224
61.0 0.00026077900397748646
62.0 0.00026132384237154415
63.0 0.00026187988310431544
64.0 0.00026244725504711967
65.0 0.0002630260905048136
66.0 0.0002636165253081442
67.0 0.0002642186989007896
68.0 0.0002648327544236189
69.0 0.00026545883879965
70.0 0.00026609710285144353
71.0 0.00026674770137539343
72.0 0.0002674107932529908
73.0 0.00026808654156556123
74.0 0.0002687751136826208
75.0 0.00026947668139325393
76.0 0.00027019142102702604
77.0 0.00027091951355182503
78.0 0.0002716611447173646
79.0 0.00027241650519768993
80.0 0.00027318579069120506
81.0 0.0002739692020937773
82.0 0.00027476694562666526
83.00000000000001 0.0002755792329944867
84.0 0.0002764062815406076
85.0 0.00027724831440713283
86.0 0.00027810556069869186
87.0 0.00027897825567884787
87.99999999999999 0.0002798666409151244
89.0 0.000280770964494619
90.0 0.00028169148122522296
91.0 0.0002826284527980655
92.0 0.0002835821480448315
92.99999999999999 0.0002845528431358811
94.0 0.00028554082179346697
95.0 0.0002865463755582552
96.0 0.00028756980400895555
97.0 0.0002886114150261322
98.0 0.00028967152506266075
99.00000000000001 0.00029075045941760996
100.0 0.00029184855251223506
101.0 0.00029296614820911016
102.0 0.00029410360009568927
103.0 0.00029526127183003364
104.00000000000001 0.0002964395374828289
105.0 0.0002976387818567037
106.0 0.0002988594008767312
107.0 0.00030010180198267183
108.0 0.00030136640448630417
108.99999999999999 0.00030265364001846954
110.0 0.0003039639529580689
111.0 0.0003052978008607683
112.0 0.00030665565495467586
113.0 0.0003080380006229605
114.0 0.0003094453378980102
115.00000000000001 0.0003108781820307836
116.0 0.00031233706402397155
117.0 0.0003138225312218767
118.0 0.0003153351479194232
119.0 0.0003168754960130864
119.99999999999999 0.00031844417566211927
121.0 0.0003200418059791994
122.0 0.00032166902576712315
123.0 0.0003233264943016817
124.0 0.00032501489210670333
124.99999999999999 0.000326734921825605
126.0 0.0003284873090724958
127.0 0.0003302728033710893
128.0 0.0003320921791507062
129.0 0.0003339462367098495
130.0 0.00033583580332816667
131.0 0.0003377617343826942
132.0 0.0003397249145034534
133.0 0.00034172625884425326
134.0 0.0003437667143732143
135.0 0.00034584726122721985
136.0 0.0003479689141909366
137.0 0.00035013272418515554
138.0 0.0003523397798834845
139.0 0.00035459120937748493
140.0 0.0003568881819888069
141.0 0.0003592319101247953
142.0 0.00036162365124325126
143.0 0.0003640647099790136
144.0 0.0003665564402924199
145.0 0.00036910024788164655
146.0 0.00037169759257150796
147.0 0.00037434999096806553
148.0 0.0003770590191975558
149.0 0.00037982631584490036
150.0 0.00038265358502972995
151.0 0.00038554259972467254
152.0 0.00038849520519641556
153.0 0.0003915133227541914
154.0 0.0003945989536239859
155.0 0.0003977541831658249
156.0 0.00040098118527281273
157.0 0.0004042822271122517
158.0 0.0004076596741635659
159.0 0.0004111159955486087
160.0 0.00041465376976662193
161.0 0.00041827569074800433
162.0 0.0004219845743804753
163.0 0.0004257833654837619
164.0 0.00042967514515409623
164.99999999999997 0.00043366313879329027
166.00000000000003 0.00043775072455117523
167.0 0.0004419414425044728
168.0 0.0004462390043437261
169.0 0.0004506473039486763
170.0 0.00045517042862544066
171.0 0.0004598126711821833
172.0 0.0004645785430347494
173.0 0.00046947278817362377
174.0 0.00047450039837319526
174.99999999999997 0.0004796666294385703
175.99999999999997 0.00048497701888322445
177.00000000000003 0.0004904374050330927
178.0 0.0004960539475497775
179.0 0.0005018331498920425
180.0 0.0005077818834720055
181.0 0.0005139074140500926
182.0 0.0005202174302149906
183.0 0.0005267200746314378
184.0 0.000533423977882725
185.0 0.0005403382954140859
185.99999999999997 0.0005474727480040823
187.00000000000003 0.0005548376658400542
188.0 0.0005624440369740559
189.0 0.0005703035602393305
190.0 0.0005784287035318691
191.0 0.0005868327678984898
192.0 0.0005955299578804588
193.0 0.0006045354594497016
194.0 0.0006138655258076203
195.0 0.0006235375725770546
196.0 0.0006335702830034358
196.99999999999997 0.0006439837251448737
198.00000000000003 0.0006547994819834287
199.0 0.0006660407964042534
200.0 0.0006777327333226748
201.0 0.0006899023608224788
202.0 0.000702578953484847
203.0 0.0007157942206955264
204.0 0.0007295825637682854
205.0 0.0007439813663242948
206.0 0.0007590313226424022
206.99999999999997 0.0007747768104076479
208.00000000000003 0.0007912663142723001
209.00000000000003 0.0008085529092651642
210.0 0.000826694813235603
211.0 0.0008457560207727138
212.0 0.0008658070322839383
213.0 0.0008869256955699801
214.0 0.0009091981802654193
215.0 0.0009327201099661855
216.0 0.0009575978826639099
217.0 0.000983950216330366
217.99999999999997 0.0010119099650266288
219.00000000000003 0.0010416262621841183
220.0 0.0010732670607791989
221.0 0.001107022156677648
222.0 0.0011431068053477436
223.0 0.0011817660683894858
224.0 0.0012232800653227292
225.0 0.0012679703512487805
226.0 0.0013162077068655748
227.0 0.0013684217073420617
228.0 0.0014251125457959263
228.99999999999997 0.001486865733214133
230.00000000000003 0.0015543704865328082
231.0 0.0016284428715632364
232.0 0.0017100551092201182
233.0 0.0018003728919654737
234.0 0.0019008031320374833
235.0 0.0020130552762321658
236.0 0.002139220126042208
237.0 0.0022818708707256965
238.0 0.002444191275641821
238.99999999999997 0.002630134498639277
239.99999999999997 0.002844609856041267
241.00000000000003 0.0030936769739004187
242.0 0.0033846806960600028
243.0 0.0037261487723770923
244.0 0.004127019455914816
245.0 0.004594228566231864
246.0 0.005126739374689432
247.0 0.0057032164408385416
248.0 0.0062628877161604755
249.0 0.006692846243486569
249.99999999999997 0.006858632154203891
251.00000000000003 0.006693244695783079
252.0 0.00625727010207366
253.0 0.005685079209025846
254.0 0.005093347690806564
255.0 0.0045460763881192325
256.0 0.00406608188537977
257.0 0.0036546991401817026
258.0 0.0033047753581961167
259.0 0.003007011388819046
260.0 0.0027525280091117476
261.0 0.0025336857127282045
262.0 0.0023441922302818983
263.0 0.002178959122637432
264.0 0.0020338965151249426
265.0 0.0019057163263903163
266.0 0.001791765444549664
267.0 0.001689891434165473
268.0 0.0015983369510709994
269.0 0.0015156575534778227
270.0 0.0014406578964809582
271.0 0.0013723421356838848
272.0 0.001309875234017666
273.0 0.001252552621525276
274.0 0.0011997762703405519
275.0 0.0011510357110515262
276.0 0.0011058928757108272
277.0 0.0010639699201934775
278.0 0.0010249393798290008
279.0 0.0009885161630054649
280.0 0.0009544510023300065
281.0 0.0009225250666937256
282.0 0.0008925455057103745
283.0 0.0008643417453145253
284.0 0.000837762393155981
285.0 0.0008126726401407903
286.0 0.0007889520701066848
287.0 0.0007664928041318923
288.0 0.0007451979226913495
289.0 0.0007249801184439958
290.0 0.0007057605413014722
291.0 0.0006874678053104106
292.0 0.0006700371311901166
293.0 0.0006534096036738706
294.0 0.0006375315263553531
295.0 0.0006223538593896381
296.0 0.000607831727928244
297.0 0.0005939239912066662
298.0 0.0005805928639361669
299.0 0.0005678035824873882
300.0 0.0005555241100780198
301.0 0.0005437248755409516
302.0 0.0005323785416440502
303.0 0.0005214597987039483
304.0 0.0005109451808589317
305.0 0.0005008129016371739
306.0 0.0004910427068781999
307.0 0.0004816157428570523
308.0 0.00047251443759204544
309.0 0.00046372239411703053
310.0 0.00045522429417399056
311.0 0.00044700581116194707
312.0 0.00043905353142107074
313.0 0.0004313548828450046
314.0 0.0004238980700441996
315.0 0.00041667201547065946
316.0 0.0004096663057209334
317.0 0.0004028711426584806
318.0 0.00039627729870407726
319.0 0.000389876076015197
320.0 0.00038365926909459774
321.0 0.0003776191305015196
322.0 0.00037174833941574
323.0 0.00036603997271791123
324.0 0.00036048747840983203
325.0 0.00035508465111585565
326.0 0.00034982560950702174
327.0 0.0003447047754783214
328.0 0.00033971685484524255
329.0 0.00033485681961558755
329.99999999999994 0.0003301198914293176
331.0 0.0003255015263122869
332.00000000000006 0.0003209974005025659
333.0 0.00031660339729279354
334.0 0.00031231559480570726
335.0 0.000308130254621225
336.0 0.0003040438111883124
337.0 0.00030005286196564044
338.0 0.0002961541582195109
339.0 0.00029234459646823997
340.0 0.00028862121043998355
340.99999999999994 0.00028498116358884523
342.0 0.00028142174210781006
343.00000000000006 0.0002779403483580652
344.0 0.00027453449473192106
345.0 0.000271201797889686
346.0 0.0002679399733812005
347.0 0.000264746830559128
348.0 0.00026162026781873464
349.0 0.0002585582681470801
349.99999999999994 0.0002555588948948198
351.0 0.0002526202878312549
351.99999999999994 0.00024974065940632455
353.0 0.0002469182912594408
354.00000000000006 0.0002441515308916662
355.0 0.0002414387885459498
356.0 0.00023877853427613
357.0 0.0002361692951507755
358.0 0.00023360965263281624
359.0 0.0002310982400880031
360.0 0.0002286337404507566
360.99999999999994 0.000226214883986097
362.0 0.00022384044618701322
363.00000000000006 0.00022150924579318108
364.0 0.00021922014288995552
365.0 0.00021697203712345474
366.0 0.00021476386599604942
367.0 0.00021259460326676852
368.0 0.00021046325740915333
369.0 0.00020836887015731695
370.0 0.0002063105151358262
371.0 0.0002042872965386367
371.99999999999994 0.0002022983478806388
373.0 0.0002003428308098918
374.00000000000006 0.00019841993398331785
375.0 0.0001965288719822133
376.0 0.0001946688842836177
377.0 0.00019283923429660947
378.0 0.00019103920842011553
379.0 0.00018926811515548427
380.0 0.00018752528426049542
381.0 0.00018581006593965175
382.0 0.00018412183007301326
382.99999999999994 0.00018245996547797342
384.0 0.00018082387920519607
385.00000000000006 0.00017921299586355296
386.0 0.000177626756971183
387.0 0.00017606462035587745
388.0 0.00017452605954740262
389.0 0.00017301056322548803
390.0 0.00017151763467604083
391.0 0.0001700467912731674
392.0 0.00016859756398790118
393.0 0.00016716949691072228
393.99999999999994 0.00016576214679969042
395.0 0.00016437508264111376
396.00000000000006 0.0001630078852349132
397.0 0.00016166014679149673
398.0 0.00016033147054740372
399.0 0.00015902147039730904
400.0 0.00015772977053792977
401.0 0.00015645600512980424
402.0 0.00015519981796562608
403.0 0.0001539608621618918
404.0 0.00015273879984867622
404.99999999999994 0.00015153330189167626
406.0 0.00015034404759877752
407.00000000000006 0.00014917072446363512
408.0 0.00014801302789542426
409.0 0.00014687066098279924
410.0 0.0001457433342453665
411.0 0.0001446307654028656
412.0 0.00014353267916253243
413.0 0.00014244880699302738
413.99999999999994 0.0001413788869291345
415.0 0.00014032266336410008
416.00000000000006 0.00013927988686476573
417.0 0.00013825031398365215
418.00000000000006 0.00013723370708442135
419.0 0.00013622983416571317
420.0 0.00013523846869722343
421.0 0.00013425938946226584
422.0 0.00013329238040164597
423.0 0.00013233723046309558
424.0 0.0001313937334600921
424.99999999999994 0.0001304616879335084
426.0 0.00012954089701301303
427.00000000000006 0.00012863116829281603
428.0 0.00012773231370423094
429.0 0.00012684414939245542
430.0 0.00012596649560591582
431.0 0.00012509917657325313
432.0 0.00012424202040469694
433.0 0.00012339485897637305
434.0 0.0001225575278387859
435.0 0.0001217298661047616
435.99999999999994 0.00012091171636517659
437.0 0.00012010292458963287
438.00000000000006 0.0001193033400387446
439.0 0.00011851281517666928
440.0 0.00011773120558660473
441.0 0.00011695836988989992
442.0 0.00011619416966745669
443.0 0.0001154384693795595
444.0 0.00011469113629780445
445.0 0.0001139520404282605
446.0 0.00011322105444102107
446.99999999999994 0.00011249805360904786
448.0 0.0001117829157346682
449.00000000000006 0.00011107552109005551
450.0 0.0001103757523567845
451.0 0.00010968349456204616
452.0 0.00010899863502367754
453.0 0.00010832106329331045
454.0 0.00010765067110010186
455.0 0.00010698735229873165
456.0 0.0001063310028184124
457.0 0.00010568152061096316
457.99999999999994 0.00010503880560575853
459.0 0.00010440275965644254
460.00000000000006 0.00010377328650211619
461.0 0.00010315029171607099
462.0 0.00010253368266987667
463.0 0.00010192336848252098
464.0 0.00010131925998734155
465.0 0.00010072126968708472
466.0 0.00010012931171785502
467.0 9.954330181119036e-5
468.0 9.896315725611558e-5
468.99999999999994 9.838879686447345e-5
470.0 9.782014093762941e-5
471.00000000000006 9.725711122973196e-5
472.0 9.669963091777522e-5
473.0 9.614762456812665e-5
474.0 9.560101810727375e-5
475.0 9.505973878896367e-5
476.0 9.452371516639398e-5
477.0 9.399287706493135e-5
477.99999999999994 9.346715555036124e-5
479.0 9.29464829065288e-5
479.99999999999994 9.243079260563192e-5
481.0 9.19200192822486e-5
482.00000000000006 9.141409871132735e-5
483.0 9.091296778114307e-5
484.0 9.04165644688873e-5
485.0 8.992482782096303e-5
486.0 8.943769792652386e-5
487.0 8.895511589827877e-5
488.0 8.847702384829529e-5
488.99999999999994 8.800336487082479e-5
490.0 8.753408301762072e-5
491.00000000000006 8.70691232817417e-5
492.0 8.660843157504814e-5
493.0 8.615195471134691e-5
494.0 8.569964038740387e-5
495.0 8.525143716506547e-5
496.0 8.480729445291438e-5
497.0 8.436716248954001e-5
498.0 8.393099232760463e-5
499.0 8.349873581620795e-5
499.99999999999994 8.307034558560363e-5
501.0 8.264577503200535e-5
502.00000000000006 8.22249783017917e-5
503.0 8.180791027654287e-5
504.0 8.13945265594251e-5
505.0 8.098478346059106e-5
506.0 8.05786379823523e-5
507.0 8.017604780846486e-5
508.0 7.977697128705537e-5
509.0 7.938136742164948e-5
510.0 7.898919585602755e-5
510.99999999999994 7.860041686253303e-5
512.0 7.821499133092049e-5
513.0 7.78328807561132e-5
514.0 7.74540472258729e-5
515.0 7.707845341133582e-5
516.0 7.670606255400589e-5
517.0 7.633683845741944e-5
518.0 7.597074547515691e-5
519.0 7.560774849984116e-5
520.0 7.524781295580912e-5
521.0 7.489090478681927e-5
522.0 7.453699044792924e-5
523.0 7.418603689493459e-5
524.0 7.383801157717998e-5
525.0 7.349288242647107e-5
526.0 7.315061784921259e-5
527.0 7.281118671855902e-5
528.0 7.247455836488102e-5
529.0 7.214070256858203e-5
530.0 7.180958955071474e-5
531.0 7.14811899669807e-5
532.0 7.115547489884714e-5
533.0 7.083241584551414e-5
534.0 7.051198471851005e-5
535.0 7.019415383238422e-5
536.0 6.98788958993365e-5
537.0 6.956618402055025e-5
538.0 6.925599168178267e-5
539.0 6.894829274453344e-5
540.0 6.864306144032169e-5
541.0 6.834027236535492e-5
542.0 6.80399004726382e-5
543.0 6.774192106720203e-5
544.0 6.744630979916368e-5
545.0 6.715304265891e-5
546.0 6.686209597079115e-5
547.0 6.657344638682414e-5
548.0 6.628707088290771e-5
549.0 6.600294675195728e-5
550.0 6.572105159941542e-5
551.0 6.54413633372203e-5
552.0 6.516386018073691e-5
553.0 6.488852064055758e-5
554.0 6.461532352085967e-5
555.0 6.434424791306844e-5
556.0 6.40752731909324e-5
557.0 6.380837900691423e-5
558.0 6.354354528680071e-5
559.0 6.328075222564991e-5
560.0 6.301998028391506e-5
561.0 6.276121018267434e-5
562.0 6.250442289910087e-5
563.0 6.22495996640022e-5
564.0 6.199672195538993e-5
565.0 6.174577149703512e-5
566.0 6.149673025282432e-5
567.0 6.124958042377184e-5
568.0 6.100430444449535e-5
569.0 6.0760884979024085e-5
570.0 6.051930491752113e-5
571.0 6.0279547372868674e-5
572.0 6.004159567733146e-5
573.0 5.980543337864296e-5
574.0 5.9571044237412727e-5
575.0 5.9338412223562055e-5
576.0 5.9107521512875014e-5
577.0 5.887835648430471e-5
578.0 5.865090171681746e-5
579.0 5.842514198654206e-5
580.0 5.8201062263088816e-5
581.0 5.7978647707797105e-5
582.0 5.775788366948273e-5
583.0 5.753875568330988e-5
584.0 5.732124946659549e-5
585.0 5.710535091701246e-5
586.0 5.689104610927449e-5
587.0 5.667832129369325e-5
588.0 5.646716289166962e-5
589.0 5.625755749528325e-5
590.0 5.604949186383935e-5
591.0 5.584295292127587e-5
592.0 5.5637927753927545e-5
593.0 5.543440360870398e-5
594.0 5.5232367890147114e-5
595.0 5.503180815863566e-5
596.0 5.4832712128133995e-5
597.0 5.463506766341623e-5
598.0 5.443886277883447e-5
599.0 5.424408563561514e-5
600.0 5.4050724540298214e-5
601.0 5.385876794192777e-5
602.0 5.366820443110685e-5
603.0 5.347902273680724e-5
604.0 5.3291211725881106e-5
605.0 5.310476039990879e-5
606.0 5.291965789424417e-5
607.0 5.2735893475428506e-5
608.0 5.2553456540158464e-5
609.0 5.237233661288094e-5
610.0 5.219252334474773e-5
611.0 5.201400651095725e-5
612.0 5.183677601038541e-5
613.0 5.1660821862439354e-5
614.0 5.148613420675702e-5
615.0 5.131270330084654e-5
616.0 5.114051951872177e-5
617.0 5.096957334972164e-5
618.0 5.079985539632135e-5
619.0 5.063135637310576e-5
620.0 5.0464067105479156e-5
621.0 5.029797852756589e-5
622.0 5.013308168168938e-5
623.0 4.996936771600888e-5
624.0 4.980682788408899e-5
625.0 4.964545354271202e-5
626.0 4.9485236151610756e-5
627.0 4.93261672707657e-5
628.0 4.9168238560572536e-5
629.0 4.9011441779556346e-5
630.0 4.88557687835581e-5
631.0 4.8701211524632384e-5
632.0 4.8547762049435356e-5
633.0 4.8395412498576766e-5
634.0 4.8244155105107605e-5
635.0 4.809398219336059e-5
636.0 4.794488617809007e-5
637.0 4.779685956314355e-5
638.0 4.764989494073475e-5
639.0 4.750398498979005e-5
640.0 4.7359122475377454e-5
641.0 4.721530024758145e-5
642.0 4.70725112404518e-5
643.0 4.693074847096874e-5
644.0 4.679000503815975e-5
645.0 4.665027412188232e-5
646.0 4.651154898245757e-5
647.0 4.6373822959034074e-5
648.0 4.623708946921255e-5
649.0 4.61013420077921e-5
650.0 4.5966574146003886e-5
651.0 4.583277953079462e-5
652.0 4.5699951883891985e-5
653.0000000000001 4.556808500064473e-5
654.0 4.5437172749621864e-5
655.0 4.5307209071723115e-5
656.0 4.517818797900845e-5
657.0 4.5050103554467116e-5
658.0 4.492294995093367e-5
659.0 4.47967213900849e-5
659.9999999999999 4.4671412162155655e-5
661.0 4.454701662495448e-5
662.0 4.442352920315841e-5
663.0 4.430094438780815e-5
664.0000000000001 4.417925673507143e-5
665.0 4.405846086625114e-5
666.0 4.393855146635755e-5
667.0 4.3819523284202274e-5
668.0 4.370137113117452e-5
669.0 4.358408988088077e-5
670.0 4.346767446831434e-5
670.9999999999999 4.33521198894015e-5
672.0 4.323742120029723e-5
673.0 4.312357351690079e-5
674.0 4.3010572014001056e-5
675.0000000000001 4.2898411924952456e-5
676.0 4.278708854105093e-5
677.0 4.2676597210805564e-5
678.0 4.256693333961587e-5
679.0 4.2458092389029165e-5
680.0 4.2350069876392934e-5
681.0 4.2242861374136806e-5
681.9999999999999 4.21364625093827e-5
683.0 4.203086896342755e-5
684.0 4.192607647108571e-5
685.0 4.1822080820681284e-5
686.0000000000001 4.171887785270549e-5
687.0 4.16164634603518e-5
688.0 4.151483358824852e-5
688.9999999999999 4.1413984232411905e-5
690.0 4.131391143973962e-5
691.0 4.121461130754419e-5
692.0 4.111607998304432e-5
692.9999999999999 4.1018313663086585e-5
694.0 4.0921308593604294e-5
695.0 4.0825061069291506e-5
696.0 4.0729567433192484e-5
697.0000000000001 4.0634824076320906e-5
698.0 4.054082743726142e-5
699.0 4.044757400178977e-5
699.9999999999999 4.035506030250451e-5
701.0 4.0263282918400246e-5
702.0 4.0172238474781136e-5
703.0 4.008192364263844e-5
703.9999999999999 3.9992335138266306e-5
705.0 3.990346972328489e-5
706.0 3.9815324204018386e-5
707.0 3.9727895431267356e-5
708.0000000000001 3.9641180299960836e-5
709.0 3.955517574902885e-5
710.0 3.9469878760905525e-5
710.9999999999999 3.938528636124665e-5
712.0 3.9301395618838174e-5
713.0 3.921820364517973e-5
714.0 3.913570759423795e-5
715.0000000000001 3.9053904662176544e-5
716.0 3.897279208722932e-5
717.0 3.8892367149303615e-5
718.0 3.881262716973527e-5
719.0000000000001 3.873356951122739e-5
720.0 3.8655191577508586e-5
721.0 3.857749081310464e-5
721.9999999999999 3.850046470311202e-5
723.0 3.8424110773200254e-5
724.0 3.834842658916482e-5
725.0 3.8273409756748224e-5
726.0000000000001 3.819905792169177e-5
727.0 3.812536876936205e-5
728.0 3.805234002463573e-5
729.0 3.797996945170796e-5
730.0 3.790825485399348e-5
731.0 3.7837194073952727e-5
732.0 3.7766784992969814e-5
732.9999999999999 3.769702553120884e-5
734.0 3.762791364748886e-5
735.0 3.7559447339002e-5
736.0 3.749162464161052e-5
737.0000000000001 3.742444362929002e-5
738.0 3.735790241431501e-5
739.0 3.7291999147058484e-5
740.0 3.722673201584739e-5
741.0 3.716209924718492e-5
742.0 3.709809910516107e-5
743.0 3.7034729891906495e-5
743.9999999999999 3.6971989947217464e-5
745.0 3.6909877648623646e-5
746.0 3.6848391411359375e-5
747.0 3.678752968820264e-5
748.0000000000001 3.6727290969642826e-5
749.0 3.666767378367576e-5
750.0 3.660867669594508e-5
751.0 3.655029830960098e-5
752.0 3.649253726537651e-5
753.0 3.643539224163118e-5
754.0 3.63788619542529e-5
754.9999999999999 3.632294515679095e-5
756.0 3.626764064046873e-5
757.0 3.621294723410035e-5
758.0 3.615886380438291e-5
759.0000000000001 3.610538925575457e-5
760.0 3.605252253042649e-5
761.0 3.600026260871654e-5
762.0 3.594860850880519e-5
763.0 3.589755928707892e-5
764.0 3.584711403803491e-5
765.0 3.579727189452487e-5
765.9999999999999 3.574803202781147e-5
767.0 3.5699393647722456e-5
768.0 3.565135600267354e-5
769.0 3.560391838001567e-5
770.0000000000001 3.5557080105908775e-5
771.0 3.5510840545758536e-5
772.0 3.546519910414223e-5
773.0 3.5420155225138586e-5
774.0 3.5375708392484855e-5
775.0 3.5331858129688853e-5
776.0 3.528860400029638e-5
776.9999999999999 3.5245945608123514e-5
778.0 3.5203882597438976e-5
779.0 3.516241465316074e-5
780.0 3.512154150117252e-5
781.0000000000001 3.508126290846245e-5
782.0 3.504157868353172e-5
783.0 3.500248867652667e-5
784.0 3.496399277957291e-5
785.0 3.4926090927041244e-5
786.0 3.4888783095860844e-5
787.0 3.4852069305813744e-5
787.9999999999999 3.48159496198534e-5
789.0 3.4780424144402653e-5
790.0 3.474549302973622e-5
791.0 3.471115647026075e-5
792.0000000000001 3.467741470494141e-5
793.0 3.4644268017573815e-5
794.0 3.4611716737222074e-5
795.0 3.457976123859093e-5
796.0 3.454840194236598e-5
797.0 3.451763931564014e-5
798.0 3.448747387237492e-5
798.9999999999999 3.4457906173690866e-5
800.0 3.44289368283882e-5
801.0 3.440056649334865e-5
802.0 3.437279587399217e-5
803.0000000000001 3.434562572466375e-5
804.0 3.43190568491255e-5
805.0 3.429309010104385e-5
806.0 3.426772638441502e-5
807.0 3.4242966654010785e-5
808.0 3.421881191590803e-5
809.0 3.419526322797144e-5
809.9999999999999 3.4172321700261107e-5
811.0 3.414998849560947e-5
812.0 3.4128264830060675e-5
813.0 3.410715197337555e-5
814.0000000000001 3.408665124950777e-5
815.0 3.406676403712763e-5
816.0 3.404749177008341e-5
816.9999999999999 3.4028835937883056e-5
818.0 3.4010798086208124e-5
819.0 3.3993379817354954e-5
820.0 3.397658279074213e-5
820.9999999999999 3.3960408723327766e-5
822.0 3.3944859390099386e-5
823.0 3.392993662447232e-5
824.0 3.391564231876817e-5
825.0000000000001 3.390197842456276e-5
826.0 3.388894695312444e-5
827.0 3.387654997572642e-5
827.9999999999999 3.386478962402461e-5
829.0 3.3853668090365036e-5
830.0 3.384318762807344e-5
831.0 3.38333505516684e-5
832.0000000000001 3.382415923709482e-5
833.0 3.3815616121894904e-5
834.0 3.3807723705311e-5
835.0 3.380048454837819e-5
836.0000000000001 3.379390127388453e-5
837.0 3.378797656638836e-5
838.0 3.3782713172047225e-5
838.9999999999999 3.3778113898452465e-5
840.0 3.377418161435304e-5
841.0 3.377091924929546e-5
842.0 3.376832979316881e-5
843.0000000000001 3.3766416295656016e-5
844.0 3.3765181865553886e-5
845.0 3.376462967002317e-5
846.0 3.376476293362735e-5
847.0000000000001 3.376558493730563e-5
848.0 3.376709901718172e-5
849.0 3.376930856316269e-5
849.9999999999999 3.377221701743671e-5
851.0 3.3775827872723995e-5
852.0 3.378014467036571e-5
853.0 3.3785170998171775e-5
854.0000000000001 3.379091048806024e-5
855.0 3.37973668134463e-5
856.0 3.380454368635154e-5
857.0 3.381244485424963e-5
858.0 3.3821074096612886e-5
859.0 3.383043522112289e-5
860.0 3.38405320595577e-5
860.9999999999999 3.385136846330605e-5
862.0 3.38629482984978e-5
863.0 3.387527544072787e-5
864.0 3.3888353769334605e-5
865.0000000000001 3.3902187161223336e-5
866.0 3.3916779484211246e-5
867.0 3.3932134589825836e-5
868.0 3.3948256305583915e-5
869.0 3.396514842666922e-5
870.0 3.398281470700381e-5
871.0 3.400125884971832e-5
871.9999999999999 3.4020484496847694e-5
873.0 3.40404952184266e-5
874.0 3.4061294500740924e-5
875.0 3.4082885733867995e-5
876.0000000000001 3.4105272198335384e-5
877.0 3.412845705098802e-5
878.0 3.4152443309878214e-5
879.0 3.4177233838309455e-5
880.0 3.420283132784075e-5
881.0 3.422923828032704e-5
882.0 3.42564569888918e-5
882.9999999999999 3.428448951785132e-5
884.0 3.431333768153646e-5
885.0 3.4343003021929515e-5
886.0 3.4373486785209924e-5
887.0000000000001 3.4404789897071645e-5
888.0 3.443691293681977e-5
889.0 3.446985611031348e-5
890.0 3.45036192216001e-5
891.0 3.453820164342114e-5
892.0 3.4573602286394304e-5
893.0 3.4609819567088444e-5
893.9999999999999 3.4646851374808394e-5
895.0 3.4684695037336545e-5
896.0 3.472334728550541e-5
897.0 3.476280421674826e-5
898.0000000000001 3.4803061257754456e-5
899.0 3.4844113126116026e-5
900.0 3.488595379138653e-5
901.0 3.492857643536947e-5
902.0 3.4971973411987836e-5
903.0 3.501613620687873e-5
904.0 3.5061055396801684e-5
904.9999999999999 3.510672060930421e-5
906.0 3.515312048255798e-5
907.0 3.52002426260465e-5
908.0 3.524807358204935e-5
909.0000000000001 3.5296598788509684e-5
910.0 3.534580254348208e-5
911.0 3.539566797178689e-5
912.0 3.544617699388782e-5
913.0 3.549731029810479e-5
914.0 3.554904731582568e-5
915.0 3.560136620104732e-5
915.9999999999999 3.565424381415972e-5
917.0 3.570765571091317e-5
918.0 3.5761576137069685e-5
919.0 3.581597802915627e-5
920.0000000000001 3.587083302215719e-5
921.0 3.592611146462499e-5
922.0 3.598178244195112e-5
923.0 3.603781380811733e-5
924.0 3.609417222674906e-5
925.0 3.61508232219087e-5
926.0 3.620773123913065e-5
926.9999999999999 3.6264859717060214e-5
928.0 3.6322171170185226e-5
929.0 3.637962728289388e-5
930.0 3.643718901498192e-5
931.0000000000001 3.649481671873432e-5
932.0 3.655247026778233e-5
933.0 3.6610109197068465e-5
934.0 3.666769285408123e-5
935.0 3.672518056081727e-5
936.0 3.6782531785551515e-5
937.0 3.6839706324100226e-5
937.9999999999999 3.689666448937728e-5
939.0 3.695336730798438e-5
940.0 3.700977672303221e-5
941.0 3.70658558012694e-5
942.0000000000001 3.7121568943298445e-5
943.0 3.7176882094892665e-5
944.0 3.7231762957828015e-5
944.9999999999999 3.728618119805805e-5
946.0 3.7340108649473355e-5
947.0 3.739351951097246e-5
948.0 3.7446390534873876e-5
948.9999999999999 3.7498701204620944e-5
950.0 3.755043389979815e-5
951.0 3.7601574046368594e-5
952.0 3.765211025046973e-5
953.0000000000001 3.7702034414203284e-5
954.0 3.775134183158453e-5
955.0 3.7800031263688264e-5
955.9999999999999 3.7848104991935706e-5
957.0 3.7895568848449365e-5
958.0 3.794243222337344e-5
959.0 3.798870804869733e-5
959.9999999999999 3.803441275849573e-5
961.0 3.807956622641817e-5
962.0 3.812419168054077e-5
963.0 3.8168315596949125e-5
964.0000000000001 3.8211967572820385e-5
965.0 3.825518018080857e-5
966.0 3.829798880598227e-5
966.9999999999999 3.8340431467519206e-5
968.0 3.8382548626694285e-5
969.0 3.8424382983544384e-5
970.0 3.84659792642148e-5
971.0000000000001 3.8507384001208234e-5
972.0 3.8548645308688346e-5
973.0 3.858981265513028e-5
974.0 3.8630936635167484e-5
975.0000000000001 3.867206874307981e-5
976.0 3.8713261149334207e-5
977.0 3.87545664824149e-5
977.9999999999999 3.879603761723562e-5
979.0 3.883772747169413e-5
980.0 3.887968881276786e-5
981.0 3.892197407311686e-5
982.0000000000001 3.896463517900973e-5
983.0 3.90077233905887e-5
984.0 3.905128915467875e-5
985.0 3.909538197084863e-5
986.0 3.914005027051223e-5
987.0 3.9185341309648796e-5
988.0 3.923130107437371e-5
988.9999999999999 3.9277974199902874e-5
990.0 3.9325403901899855e-5
991.0 3.93736319202158e-5
992.0 3.942269847422516e-5
993.0000000000001 3.9472642229430495e-5
994.0 3.952350027437308e-5
995.0 3.95753081075354e-5
996.0 3.962809963319787e-5
997.0 3.968190716566984e-5
998.0 3.973676144118269e-5
999.0 3.9792691636659634e-5
999.9999999999999 3.984972539457421e-5
1001.0 3.990788885335307e-5
1002.0 3.996720668239069e-5
1003.0 4.002770212134498e-5
1004.0000000000001 4.008939702284859e-5
1005.0 4.0152311897934384e-5
1006.0 4.021646596409363e-5
1007.0 4.0281877194914616e-5
1008.0 4.034856237110133e-5
1009.0 4.041653713256471e-5
1010.0 4.048581603080505e-5
1010.9999999999999 4.0556412581487844e-5
1012.0 4.0628339317022686e-5
1013.0 4.070160783847018e-5
1014.0 4.07762288667666e-5
1015.0000000000001 4.085221229313811e-5
1016.0 4.092956722832572e-5
1017.0 4.100830205046827e-5
1018.0 4.10884244516195e-5
1019.0 4.1169941482691516e-5
1020.0 4.125285959693993e-5
1021.0 4.1337184691380944e-5
1021.9999999999999 4.1422922147023134e-5
1023.0 4.1510076866581806e-5
1024.0 4.1598653311124936e-5
1025.0 4.168865553451111e-5
1026.0 4.178008721584711e-5
1027.0 4.187295169071364e-5
1028.0 4.19672519799291e-5
1029.0 4.2062990817250327e-5
1030.0 4.2160170674583004e-5
1031.0 4.2258793786277446e-5
1032.0 4.235886217119553e-5
1033.0 4.246037765354287e-5
1034.0 4.256334188192706e-5
1035.0 4.2667756347053025e-5
1036.0 4.277362239784033e-5
1037.0 4.288094125635289e-5
1038.0 4.2989714031126995e-5
1039.0 4.3099941729319e-5
1040.0 4.321162526774472e-5
1041.0 4.332476548239042e-5
1042.0 4.343936313716707e-5
1043.0 4.355541893112403e-5
1044.0 4.3672933505114624e-5
1045.0 4.3791907446991954e-5
1046.0 4.391234129607995e-5
1047.0 4.4034235546705064e-5
1048.0 4.415759065070275e-5
1049.0 4.428240701922068e-5
1050.0 4.440868502356682e-5
1051.0 4.453642499544281e-5
1052.0 4.466562722619499e-5
1053.0 4.479629196556401e-5
1054.0 4.4928419419636365e-5
1055.0 4.506200974780183e-5
1056.0 4.519706305999046e-5
1057.0 4.533357941191331e-5
1058.0 4.547155880101544e-5
1059.0 4.561100116094811e-5
1060.0 4.5751906355729905e-5
1061.0 4.5894274173734034e-5
1062.0 4.6038104320109634e-5
1063.0 4.618339641015513e-5
1064.0 4.633014996049801e-5
1065.0 4.6478364381231634e-5
1066.0 4.6628038966548895e-5
1067.0 4.677917288529975e-5
1068.0 4.6931765170973696e-5
1069.0 4.708581471123129e-5
1070.0 4.72413202368125e-5
1071.0 4.7398280310146496e-5
1072.0 4.755669331330276e-5
1073.0 4.7716557435532075e-5
1074.0 4.7877870660241355e-5
1075.0 4.8040630751942255e-5
1076.0 4.820483524161383e-5
1077.0 4.837048141324109e-5
1078.0 4.853756628799463e-5
1079.0 4.8706086609557644e-5
1080.0 4.887603882790064e-5
1081.0 4.9047419082910545e-5
1082.0 4.92202231878895e-5
1083.0 4.9394446611453625e-5
1084.0 4.9570084460605734e-5
1085.0 4.9747131461509074e-5
1086.0 4.9925581941104484e-5
1087.0 5.010542980746507e-5
1088.0 5.028666852992482e-5
1089.0 5.0469291118675445e-5
1090.0 5.065329010367623e-5
1091.0 5.0838657513221336e-5
1092.0 5.102538485181793e-5
1093.0 5.1213463077717074e-5
1094.0 5.140288257975144e-5
1095.0 5.159363315361696e-5
1096.0 5.17857039779318e-5
1097.0 5.197908358924331e-5
1098.0 5.2173759857024575e-5
1099.0 5.2369719957750914e-5
1100.0 5.256695034878671e-5
1101.0 5.2765436741512916e-5
1102.0 5.296516407394421e-5
1103.0 5.3166116483195186e-5
1104.0 5.3368277276978993e-5
1105.0 5.357162890483763e-5
1106.0 5.377615292929553e-5
1107.0 5.398182999559426e-5
1108.0 5.418863980217995e-5
1109.0 5.439656107011764e-5
1110.0 5.4605571511791623e-5
1111.0 5.481564780040204e-5
1112.0 5.5026765537766064e-5
1113.0 5.523889922306536e-5
1114.0 5.545202222009604e-5
1115.0 5.5666106725813366e-5
1116.0 5.588112373701174e-5
1117.0 5.6097043017971735e-5
1118.0 5.631383306802976e-5
1119.0 5.653146108860039e-5
1120.0 5.674989295015464e-5
1121.0 5.696909316011741e-5
1122.0 5.718902482991257e-5
1123.0 5.740964964267235e-5
1124.0 5.763092782152022e-5
1125.0 5.785281809764319e-5
1126.0 5.807527767904632e-5
1127.0 5.829826221989604e-5
1128.0 5.85217257905766e-5
1129.0 5.874562084812945e-5
1130.0 5.8969898207661756e-5
1131.0 5.9194507015076505e-5
1132.0 5.941939472006357e-5
1133.0 5.964450705083581e-5
1134.0 5.986978799008187e-5
1135.0 6.009517975189445e-5
1136.0 6.0320622760774974e-5
1137.0 6.054605563230305e-5
1138.0 6.077141515471846e-5
1139.0 6.099663627369205e-5
1140.0 6.122165207866967e-5
1141.0 6.144639379091385e-5
1142.0 6.167079075505731e-5
1143.0 6.189477043237777e-5
1144.0 6.211825839716943e-5
1145.0 6.234117833614795e-5
1146.0 6.256345205047548e-5
1147.0 6.278499946152872e-5
1148.0 6.300573861973205e-5
1149.0 6.322558571738462e-5
1150.0 6.344445510465052e-5
1151.0 6.366225931023455e-5
1152.0 6.387890906520212e-5
1153.0 6.409431333229379e-5
1154.0 6.430837933833484e-5
1155.0 6.452101261244616e-5
1156.0 6.473211702801833e-5
1157.0 6.49415948501879e-5
1158.0 6.514934678778399e-5
1159.0 6.535527205118865e-5
1160.0 6.55592684146799e-5
1161.0 6.576123228430903e-5
1162.0 6.596105877151698e-5
1163.0 6.615864177208579e-5
1164.0 6.635387405047862e-5
1165.0 6.654664733012665e-5
1166.0 6.673685238900114e-5
1167.0 6.69243791610547e-5
1168.0 6.710911684333863e-5
1169.0 6.729095400851121e-5
1170.0 6.746977872280431e-5
1171.0 6.764547866976991e-5
1172.0 6.781794127895438e-5
1173.0 6.798705386010847e-5
1174.0 6.815270374199653e-5
1175.0 6.831477841632671e-5
1176.0 6.847316568639045e-5
1177.0 6.862775381941641e-5
1178.0 6.877843170380126e-5
1179.0 6.892508900961826e-5
1180.0 6.906761635259426e-5
1181.0 6.920590546096169e-5
1182.0 6.933984934570555e-5
1183.0 6.946934247194857e-5
1184.0 6.959428093323468e-5
1185.0 6.971456262618845e-5
1186.0 6.983008742677685e-5
1187.0 6.994075736622293e-5
1188.0 7.004647680725309e-5
1189.0 7.014715261932412e-5
1190.0 7.024269435240914e-5
1191.0 7.033301440916645e-5
1192.0 7.04180282143131e-5
1193.0 7.049765438104448e-5
1194.0 7.057181487394523e-5
1195.0 7.064043516716473e-5
1196.0 7.070344439814524e-5
1197.0 7.076077551569819e-5
1198.0 7.081236542192828e-5
1199.0 7.085815510800202e-5
1200.0 7.089808978196737e-5
1201.0 7.093211898970744e-5
1202.0 7.096019672732544e-5
1203.0 7.098228154476467e-5
1204.0 7.099833664061439e-5
1205.0 7.100832994729706e-5
1206.0 7.101223420626832e-5
1207.0 7.10100270332048e-5
1208.0 7.100169097238897e-5
1209.0 7.098721354077839e-5
1210.0 7.096658726075946e-5
1211.0 7.093980968176939e-5
1212.0 7.090688339104616e-5
1213.0 7.086781601271034e-5
1214.0 7.082262019580558e-5
1215.0 7.077131359096207e-5
1216.0 7.07139188160451e-5
1217.0 7.065046341053877e-5
1218.0 7.058097977934577e-5
1219.0 7.050550512589242e-5
1220.0 7.042408137478884e-5
1221.0 7.03367550847243e-5
1222.0 7.024357735143729e-5
1223.0 7.014460370179241e-5
1224.0 7.0039893978643e-5
1225.0 6.99295122176692e-5
1226.0 6.981352651621477e-5
1227.0 6.969200889490267e-5
1228.0 6.956503515238727e-5
1229.0 6.943268471381806e-5
1230.0 6.929504047401294e-5
1231.0 6.915218863517376e-5
1232.0 6.900421854038101e-5
1233.0 6.885122250327791e-5
1234.0 6.86932956345403e-5
1235.0 6.853053566561328e-5
1236.0 6.836304277045234e-5
1237.0 6.819091938603118e-5
1238.0 6.801427003175252e-5
1239.0 6.783320112879192e-5
1240.0 6.76478208197219e-5
1241.0 6.745823878859573e-5
1242.0 6.726456608295585e-5
1243.0 6.706691493711172e-5
1244.0 6.686539859811453e-5
1245.0 6.666013115414871e-5
1246.0 6.645122736603669e-5
1247.0 6.623880250282168e-5
1248.0 6.60229721802268e-5
1249.0 6.580385220431498e-5
1250.0 6.558155841898912e-5
1251.0 6.535620655845632e-5
1252.0 6.512791210479401e-5
1253.0 6.489679015043999e-5
1254.0 6.466295526628702e-5
1255.0 6.442652137535852e-5
1256.0 6.418760163180832e-5
1257.0 6.394630830598937e-5
1258.0 6.370275267512968e-5
1259.0 6.345704492012751e-5
1260.0 6.320929402772553e-5
1261.0 6.295960769918406e-5
1262.0 6.270809226441185e-5
1263.0 6.245485260200474e-5
1264.0 6.219999206501226e-5
1265.0 6.194361241230792e-5
1266.0 6.168581374604326e-5
1267.0 6.142669445369455e-5
1268.0 6.116635115629304e-5
1269.0 6.090487866151776e-5
1270.0 6.0642369921759e-5
1271.0 6.0378915997426595e-5
1272.0 6.011460602466381e-5
1273.0 5.9849527188349815e-5
1274.0 5.958376469850359e-5
1275.0 5.9317401771947554e-5
1276.0 5.9050519617535935e-5
1277.0 5.878319742552446e-5
1278.0 5.851551236025915e-5
1279.0 5.8247539557213104e-5
1280.0 5.797935212230207e-5
1281.0 5.771102113563516e-5
1282.0 5.744261565709366e-5
1283.0 5.717420273555543e-5
1284.0 5.6905847420263286e-5
1285.0 5.66376127753059e-5
1286.0 5.6369559895550436e-5
1287.0 5.610174792531733e-5
1288.0 5.583423407915578e-5
1289.0 5.556707366391605e-5
1290.0 5.530032010298098e-5
1291.0 5.5034024961755206e-5
1292.0 5.476823797466179e-5
1293.0 5.450300707361582e-5
1294.0 5.4238378417194415e-5
1295.0 5.397439642098702e-5
1296.0 5.3711103789416936e-5
1297.0 5.344854154701938e-5
1298.0 5.318674907203712e-5
1299.0 5.292576412915651e-5
1300.0 5.2665622903629954e-5
1301.0 5.2406360035394584e-5
1302.0 5.2148008653604874e-5
1303.0 5.1890600411210095e-5
1304.0 5.163416552007445e-5
1305.0 5.13787327856125e-5
1306.0000000000002 5.112432964195732e-5
1307.0 5.087098218660896e-5
1308.0 5.061871521532085e-5
1308.9999999999998 5.036755225678617e-5
1310.0 5.0117515606721864e-5
1311.0 4.9868626362175e-5
1312.0 4.9620904455214244e-5
1313.0 4.9374368686260055e-5
1314.0 4.9129036757505626e-5
1315.0 4.8884925305166034e-5
1316.0 4.864204993177432e-5
1317.0000000000002 4.8400425238016855e-5
1318.0 4.816006485390655e-5
1319.0 4.792098146957945e-5
1319.9999999999998 4.768318686529126e-5
1321.0 4.744669194124191e-5
1322.0 4.7211506746684544e-5
1323.0 4.697764050826803e-5
1324.0 4.67451016582281e-5
1325.0 4.6513897861595884e-5
1326.0 4.6284036042822446e-5
1327.0 4.605552241243525e-5
1328.0000000000002 4.5828362492071416e-5
1329.0 4.560256113962124e-5
1330.0 4.5378122573886e-5
1330.9999999999998 4.515505039797665e-5
1332.0 4.493334762255295e-5
1333.0 4.4713016688656123e-5
1334.0 4.4494059489417276e-5
1335.0 4.427647739165965e-5
1336.0 4.4060271256643214e-5
1337.0 4.384544146024918e-5
1338.0 4.363198791278764e-5
1339.0000000000002 4.341991007819928e-5
1340.0 4.320920699232136e-5
1341.0 4.299987728132519e-5
1341.9999999999998 4.2791919179023786e-5
1343.0 4.258533054362461e-5
1344.0 4.238010887473645e-5
1345.0 4.217625132888277e-5
1346.0 4.197375473498805e-5
1347.0 4.177261560970621e-5
1348.0 4.157283017154351e-5
1349.0 4.137439435504402e-5
1350.0000000000002 4.117730382446528e-5
1351.0 4.0981553986662905e-5
1352.0 4.0787140004108134e-5
1352.9999999999998 4.0594056806924295e-5
1354.0 4.040229910480332e-5
1355.0 4.021186139854337e-5
1356.0 4.002273799104085e-5
1357.0 3.9834922998059966e-5
1358.0 3.964841035840067e-5
1359.0 3.9463193843949686e-5
1360.0 3.927926706927334e-5
1361.0000000000002 3.909662350085724e-5
1362.0 3.891525646598833e-5
1363.0 3.8735159161356425e-5
1363.9999999999998 3.8556324661312504e-5
1365.0 3.837874592598786e-5
1366.0 3.820241580875426e-5
1366.9999999999998 3.8027327063634083e-5
1368.0 3.785347235262675e-5
1369.0 3.7680844252238226e-5
1370.0 3.7509435260319e-5
1371.0 3.733923780219475e-5
1372.0000000000002 3.717024423676837e-5
1373.0 3.70024468623847e-5
1374.0 3.6835837922501765e-5
1374.9999999999998 3.6670409610870836e-5
1376.0 3.6506154076803134e-5
1377.0 3.6343063430181755e-5
1377.9999999999998 3.618112974610637e-5
1379.0 3.602034506943789e-5
1380.0 3.586070141917209e-5
1381.0 3.5702190792655835e-5
1382.0 3.554480516960163e-5
1383.0000000000002 3.5388536515704084e-5
1384.0 3.523337678662418e-5
1385.0 3.507931793111766e-5
1385.9999999999998 3.49263518947698e-5
1387.0 3.4774470622901526e-5
1388.0 3.4623666063644056e-5
1388.9999999999998 3.447393017107232e-5
1390.0 3.4325254907694454e-5
1391.0 3.417763224735924e-5
1392.0 3.403105417749694e-5
1393.0 3.388551270184298e-5
1394.0000000000002 3.374099984252787e-5
1395.0 3.359750764216656e-5
1396.0 3.3455028166269106e-5
1396.9999999999998 3.3313553504847964e-5
1398.0 3.3173075774455506e-5
1399.0 3.3033587119995945e-5
1399.9999999999998 3.289507971624602e-5
1401.0 3.275754576959027e-5
1402.0 3.262097751949689e-5
1403.0 3.248536723985275e-5
1404.0 3.235070724040022e-5
1405.0000000000002 3.221698986797652e-5
1406.0 3.208420750771137e-5
1407.0 3.195235258410798e-5
1407.9999999999998 3.182141756213558e-5
1409.0 3.169139494825622e-5
1410.0 3.1562277291246124e-5
1410.9999999999998 3.1434057183181236e-5
1412.0 3.1306727260143e-5
1413.0 3.1180280203071516e-5
1414.0 3.105470873839979e-5
1415.0 3.0930005638700875e-5
1416.0000000000002 3.080616372336459e-5
1417.0 3.068317585900812e-5
1418.0 3.0561034960163935e-5
1419.0000000000002 3.0439733989600477e-5
1420.0 3.031926595886206e-5
1421.0 3.0199623928553374e-5
1421.9999999999998 3.0080801008739968e-5
1423.0 2.9962790359286385e-5
1424.0 2.9845585190014152e-5
1425.0 2.972917876113473e-5
1426.0 2.9613564383269258e-5
1427.0000000000002 2.9498735417793026e-5
1428.0 2.938468527685862e-5
1429.0 2.9271407423581375e-5
1430.0000000000002 2.9158895372161634e-5
1431.0 2.9047142687859234e-5
1432.0 2.893614298718598e-5
1432.9999999999998 2.882588993777839e-5
1434.0 2.871637725855519e-5
1435.0 2.8607598719554677e-5
1436.0 2.849954814199436e-5
1437.0 2.8392219398165934e-5
1438.0000000000002 2.828560641137202e-5
1439.0 2.8179703155864036e-5
1440.0 2.8074503656668095e-5
1441.0000000000002 2.7970001989558588e-5
1442.0 2.7866192280796358e-5
1443.0 2.7763068707068604e-5
1443.9999999999998 2.7660625495319835e-5
1445.0 2.7558856922498817e-5
1446.0 2.745775731543963e-5
1447.0 2.7357321050630768e-5
1448.0 2.7257542554032758e-5
1449.0000000000002 2.715841630078174e-5
1450.0 2.7059936815025863e-5
1451.0 2.6962098669688285e-5
1452.0000000000002 2.6864896486139723e-5
1453.0 2.6768324934027007e-5
1454.0 2.667237873098165e-5
1454.9999999999998 2.657705264225952e-5
1456.0 2.6482341480650453e-5
1457.0 2.6388240106024712e-5
1458.0 2.6294743425063347e-5
1459.0 2.6201846391086604e-5
1460.0 2.6109544003576185e-5
1461.0 2.6017831308041758e-5
1462.0 2.5926703395539567e-5
1463.0000000000002 2.583615540249535e-5
1464.0 2.5746182510327097e-5
1465.0 2.5656779945130907e-5
1465.9999999999998 2.5567942977406342e-5
1467.0 2.547966692161971e-5
1468.0 2.5391947135932344e-5
1469.0 2.5304779021949386e-5
1470.0 2.5218158024243266e-5
1471.0 2.5132079630114415e-5
1472.0 2.5046539369267772e-5
1473.0 2.4961532813383478e-5
1474.0000000000002 2.4877055575837426e-5
1475.0 2.479310331138387e-5
1476.0 2.4709671715797737e-5
1476.9999999999998 2.4626756525482018e-5
1478.0 2.4544353517187133e-5
1479.0 2.4462458507696743e-5
1480.0 2.4381067353355744e-5
1481.0 2.4300175949882784e-5
1482.0 2.421978023194732e-5
1483.0 2.413987617281874e-5
1484.0 2.4060459784100573e-5
1485.0000000000002 2.3981527115326488e-5
1486.0 2.3903074253583196e-5
1487.0 2.3825097323311438e-5
1487.9999999999998 2.3747592485833065e-5
1489.0 2.3670555939101045e-5
1490.0 2.3593983917304937e-5
1491.0 2.351787269057701e-5
1492.0 2.344221856465067e-5
1493.0 2.3367017880535873e-5
1494.0 2.32922670141703e-5
1495.0 2.3217962376113376e-5
1496.0000000000002 2.3144100411207104e-5
1497.0 2.3070677598275403e-5
1498.0 2.2997690449756776e-5
1498.9999999999998 2.2925135511445277e-5
1500.0 2.2853009362067765e-5
1501.0 2.2781308613145514e-5
1502.0 2.2710029908469904e-5
1503.0 2.2639169923969882e-5
1504.0 2.2568725367255798e-5
1505.0 2.2498692977411508e-5
1506.0 2.242906952464771e-5
1507.0000000000002 2.2359851810023572e-5
1508.0 2.2291036665092868e-5
1509.0 2.222262095163581e-5
1509.9999999999998 2.2154601561379335e-5
1511.0 2.208697541569451e-5
1512.0 2.2019739465248105e-5
1513.0 2.1952890689777036e-5
1514.0 2.1886426097803058e-5
1515.0 2.1820342726258643e-5
1516.0 2.1754637640315242e-5
1517.0 2.168930793302994e-5
1518.0000000000002 2.162435072508531e-5
1519.0 2.1559763164505313e-5
1520.0 2.149554242639743e-5
1520.9999999999998 2.1431685712686968e-5
1522.0 2.1368190251777256e-5
1523.0 2.1305053298379595e-5
1524.0 2.1242272133171813e-5
1525.0 2.11798440625974e-5
1526.0 2.1117766418532586e-5
1527.0 2.105603655810597e-5
1528.0 2.0994651863335895e-5
1529.0000000000002 2.093360974104061e-5
1530.0 2.0872907622397066e-5
1531.0 2.0812542962850208e-5
1531.9999999999998 2.0752513241747886e-5
1533.0 2.069281596217382e-5
1534.0 2.0633448650665153e-5
1535.0 2.05744088570215e-5
1536.0 2.0515694153985316e-5
1537.0 2.045730213706546e-5
1538.0 2.039923042431077e-5
1539.0 2.0341476656020854e-5
1540.0000000000002 2.0284038494605548e-5
1541.0 2.022691362428052e-5
1542.0 2.0170099750842865e-5
1542.9999999999998 2.0113594601526675e-5
1544.0 2.0057395924721554e-5
1545.0 2.000150148971806e-5
1546.0 1.9945909086610765e-5
1547.0 1.989061652596183e-5
1548.0 1.9835621638662105e-5
1549.0 1.9780922275716552e-5
1550.0 1.9726516307999952e-5
1551.0000000000002 1.967240162606881e-5
1552.0 1.961857614000033e-5
1553.0 1.9565037779110057e-5
1553.9999999999998 1.9511784491828998e-5
1555.0 1.945881424545725e-5
1556.0 1.940612502602137e-5
1557.0 1.9353714838011175e-5
1558.0 1.930158170423621e-5
1559.0 1.9249723665641254e-5
1560.0 1.919813878107893e-5
1561.0 1.9146825127203033e-5
1562.0000000000002 1.909578079815614e-5
1563.0 1.9045003905541013e-5
1564.0 1.899449257811052e-5
1564.9999999999998 1.894424496167999e-5
1566.0 1.8894259218898786e-5
1567.0 1.8844533529119587e-5
1568.0 1.879506608816927e-5
1569.0 1.8745855108249648e-5
1570.0 1.8696898817676244e-5
1571.0 1.864819546084264e-5
1572.0 1.8599743297923533e-5
1573.0000000000002 1.8551540604775093e-5
1574.0 1.8503585672790944e-5
1575.0 1.8455876808696746e-5
1575.9999999999998 1.840841233443401e-5
1577.0 1.8361190586951368e-5
1578.0 1.8314209918116104e-5
1579.0 1.826746869452421e-5
1580.0 1.8220965297311737e-5
1581.0 1.8174698122100753e-5
1582.0 1.8128665578767295e-5
1583.0 1.8082866091314962e-5
1584.0000000000002 1.8037298097763806e-5
1585.0 1.799196004996425e-5
1586.0 1.79468504134601e-5
1586.9999999999998 1.790196766739752e-5
1588.0 1.7857310304305992e-5
1589.0 1.7812876830019343e-5
1590.0 1.7768665763525937e-5
1591.0 1.772467563684419e-5
1592.0 1.7680904994839014e-5
1593.0 1.7637352395157506e-5
1594.0 1.759401640806038e-5
1595.0000000000002 1.7550895616292114e-5
1596.0 1.7507988614963826e-5
1597.0 1.7465294011427884e-5
1597.9999999999998 1.7422810425151128e-5
1599.0 1.7380536487580705e-5
1600.0 1.733847084202521e-5
1601.0 1.7296612143560547e-5
1602.0 1.725495905885805e-5
1603.0 1.7213510266106674e-5
1604.0 1.7172264454883835e-5
1605.0 1.7131220326053587e-5
1606.0000000000002 1.7090376591602504e-5
1607.0 1.7049731974587475e-5
1608.0 1.700928520898631e-5
1608.9999999999998 1.6969035039596163e-5
1610.0 1.6928980221911765e-5
1611.0 1.6889119522045534e-5
1612.0 1.684945171658805e-5
1613.0 1.6809975592515472e-5
1614.0 1.677068994707386e-5
1615.0 1.6731593587706064e-5
1616.0 1.6692685331895606e-5
1617.0000000000002 1.6653964007100767e-5
1618.0 1.661542845065113e-5
1619.0 1.6577077509648067e-5
1619.9999999999998 1.6538910040831104e-5
1621.0 1.6500924910536778e-5
1622.0 1.6463120994529254e-5
1622.9999999999998 1.6425497177985884e-5
1624.0 1.638805235534416e-5
1625.0 1.635078543022134e-5
1626.0 1.6313695315307007e-5
1627.0 1.627678093232379e-5
1628.0000000000002 1.6240041211869296e-5
1629.0 1.620347509335239e-5
1630.0 1.6167081524920115e-5
1630.9999999999998 1.6130859463343386e-5
1632.0 1.6094807873945728e-5
1633.0 1.605892573049668e-5
1633.9999999999998 1.602321201513846e-5
1635.0 1.5987665718312732e-5
1636.0 1.595228583864886e-5
1637.0 1.591707138291052e-5
1638.0 1.5882021365874657e-5
1639.0000000000002 1.5847134810291547e-5
1640.0 1.5812410746760396e-5
1641.0 1.577784821368697e-5
1641.9999999999998 1.574344625717971e-5
1643.0 1.5709203930984534e-5
1644.0 1.5675120296397824e-5
1644.9999999999998 1.564119442218393e-5
1646.0 1.560742538452095e-5
1647.0 1.5573812266903977e-5
1648.0 1.554035416006621e-5
1649.0 1.5507050161929155e-5
1650.0000000000002 1.5473899377509586e-5
1651.0 1.5440900918841568e-5
1652.0 1.540805390491726e-5
1652.9999999999998 1.5375357461616772e-5
1654.0 1.5342810721638534e-5
1655.0 1.5310412824398402e-5
1655.9999999999998 1.5278162916010393e-5
1657.0 1.5246060149158538e-5
1658.0 1.521410368309784e-5
1659.0 1.5182292683524294e-5
1660.0 1.5150626322549331e-5
1661.0000000000002 1.511910377860017e-5
1662.0 1.5087724236387285e-5
1663.0 1.5056486886809264e-5
1664.0000000000002 1.5025390926925318e-5
1665.0 1.499443555983442e-5
1666.0 1.496361999469027e-5
1666.9999999999998 1.493294344655e-5
1668.0 1.4902405136385581e-5
1669.0 1.4872004290978972e-5
1670.0 1.4841740142885703e-5
1671.0 1.4811611930363917e-5
1672.0000000000002 1.4781618897304355e-5
1673.0 1.4751760293186777e-5
1674.0 1.4722035373029627e-5
1675.0000000000002 1.4692443397293592e-5
1676.0 1.4662983631871409e-5
1677.0 1.463365534800676e-5
1677.9999999999998 1.4604457822217585e-5
1679.0 1.457539033629093e-5
1680.0 1.454645217717805e-5
1681.0 1.4517642636977145e-5
1682.0 1.4488961012844094e-5
1683.0000000000002 1.4460406606970108e-5
1684.0 1.4431978726503376e-5
1685.0 1.440367668352344e-5
1686.0000000000002 1.4375499794957008e-5
1687.0 1.4347447382549938e-5
1688.0 1.4319518772806107e-5
1688.9999999999998 1.4291713296941331e-5
1690.0 1.4264030290826961e-5
1691.0 1.4236469094940145e-5
1692.0 1.4209029054315444e-5
1693.0 1.4181709518507783e-5
1694.0000000000002 1.4154509841523985e-5
1695.0 1.4127429381791189e-5
1696.0 1.410046750209361e-5
1697.0000000000002 1.4073623569532575e-5
1698.0 1.4046896955488416e-5
1699.0 1.402028703557161e-5
1699.9999999999998 1.3993793189554671e-5
1701.0 1.396741480135137e-5
1702.0 1.3941151258968071e-5
1703.0 1.391500195446208e-5
1704.0 1.3888966283865422e-5
1705.0000000000002 1.3863043647196132e-5
1706.0 1.3837233448354851e-5
1707.0 1.3811535095139002e-5
1708.0000000000002 1.3785947999160152e-5
1709.0 1.3760471575804297e-5
1710.0 1.373510524422599e-5
1710.9999999999998 1.370984842726174e-5
1712.0 1.3684700551413798e-5
1713.0 1.3659661046812195e-5
1714.0 1.3634729347151213e-5
1715.0 1.3609904889683185e-5
1716.0 1.3585187115152153e-5
1717.0 1.3560575467760901e-5
1718.0 1.3536069395142458e-5
1719.0000000000002 1.351166834830673e-5
1720.0 1.3487371781627182e-5
1721.0 1.3463179152766605e-5
1721.9999999999998 1.3439089922669806e-5
1723.0 1.3415103555516163e-5
1724.0 1.33912195186863e-5
1725.0 1.3367437282721673e-5
1726.0 1.3343756321287632e-5
1727.0 1.3320176111139372e-5
1728.0 1.3296696132100062e-5
1729.0 1.3273315867007476e-5
1730.0000000000002 1.3250034801676435e-5
1731.0 1.3226852424892427e-5
1732.0 1.320376822834927e-5
1732.9999999999998 1.318078170662627e-5
1734.0 1.3157892357167805e-5
1735.0 1.3135099680221646e-5
1736.0 1.3112403178828704e-5
1737.0 1.3089802358792226e-5
1738.0 1.3067296728628746e-5
1739.0 1.3044885799546435e-5
1740.0 1.3022569085419615e-5
1741.0000000000002 1.3000346102755289e-5
1742.0 1.2978216370645876e-5
1743.0 1.2956179410757647e-5
1743.9999999999998 1.293423474730341e-5
1745.0 1.2912381906986671e-5
1746.0 1.2890620419011146e-5
1747.0 1.2868949815004807e-5
1748.0 1.2847369629035588e-5
1749.0 1.2825879397551564e-5
1750.0 1.2804478659364725e-5
1751.0 1.2783166955622819e-5
1752.0000000000002 1.2761943829788415e-5
1753.0 1.2740808827582203e-5
1754.0 1.2719761496998132e-5
1754.9999999999998 1.2698801388228897e-5
1756.0 1.2677928053688691e-5
1757.0 1.2657141047947943e-5
1758.0 1.2636439927712839e-5
1759.0 1.261582425182442e-5
1760.0 1.2595293581196522e-5
1761.0 1.2574847478821434e-5
1762.0 1.2554485509712334e-5
1763.0000000000002 1.2534207240914981e-5
1764.0 1.2514012241452612e-5
1765.0 1.2493900082301352e-5
1765.9999999999998 1.2473870336397342e-5
1767.0 1.2453922578565316e-5
1768.0 1.2434056385538282e-5
1769.0 1.2414271335891794e-5
1770.0 1.2394567010059917e-5
1771.0 1.2374942990284434e-5
1772.0 1.2355398860587156e-5
1773.0 1.233593420677776e-5
1774.0000000000002 1.231654861639586e-5
1775.0 1.2297241678708886e-5
1776.0 1.2278012984666597e-5
1776.9999999999998 1.2258862126914299e-5
1778.0 1.2239788699736787e-5
1779.0 1.2220792299039544e-5
1780.0 1.2201872522352128e-5
1781.0 1.21830289687735e-5
1782.0 1.2164261238970266e-5
1783.0 1.2145568935135714e-5
1784.0 1.2126951660996389e-5
1785.0000000000002 1.2108409021763985e-5
1786.0 1.2089940624116034e-5
1787.0 1.207154607619885e-5
1787.9999999999998 1.205322498756834e-5
1789.0 1.2034976969205881e-5
1790.0 1.2016801633458598e-5
1791.0 1.1998698594058938e-5
1792.0 1.1980667466074648e-5
1793.0 1.1962707865886804e-5
1794.0 1.1944819411199168e-5
1795.0 1.1927001720975589e-5
1796.0000000000002 1.1909254415458934e-5
1797.0 1.189157711611173e-5
1798.0 1.1873969445635513e-5
1798.9999999999998 1.1856431027921195e-5
1800.0 1.1838961488033189e-5
1801.0 1.182156045220881e-5
1802.0 1.1804227547810608e-5
1803.0 1.1786962403331369e-5
1804.0 1.1769764648351563e-5
1805.0 1.1752633913536218e-5
1806.0 1.1735569830610568e-5
1807.0000000000002 1.1718572032339308e-5
1808.0 1.1701640152514948e-5
1809.0 1.1684773825917647e-5
1809.9999999999998 1.1667972688325508e-5
1811.0 1.1651236376467095e-5
1812.0 1.1634564528022284e-5
1813.0 1.1617956781597576e-5
1814.0 1.1601412776709262e-5
1815.0 1.1584932153758561e-5
1816.0 1.1568514554015556e-5
1817.0 1.1552159619611628e-5
1818.0000000000002 1.1535866993510974e-5
1819.0 1.1519636319487969e-5
1820.0 1.1503467242121306e-5
1820.9999999999998 1.1487359406777797e-5
1822.0 1.1471312459578611e-5
1823.0 1.1455326047395267e-5
1824.0 1.1439399817834205e-5
1825.0 1.1423533419215654e-5
1826.0 1.140772650055164e-5
1827.0 1.1391978711538549e-5
1828.0 1.1376289702542606e-5
1829.0000000000002 1.1360659124567058e-5
1830.0 1.1345086629257345e-5
1831.0 1.1329571868876383e-5
1831.9999999999998 1.131411449628172e-5
1833.0 1.1298714164930368e-5
1834.0 1.12833705288449e-5
1835.0 1.126808324260025e-5
1836.0 1.125285196132602e-5
1837.0 1.123767634067517e-5
1838.0 1.122255603681934e-5
1839.0 1.12074907064304e-5
1840.0000000000002 1.1192480006670759e-5
1841.0 1.1177523595178682e-5
1842.0 1.1162621130059425e-5
1842.9999999999998 1.1147772269865519e-5
1844.0 1.1132976673594458e-5
1845.0 1.1118234000666314e-5
1846.0 1.1103543910927225e-5
1847.0 1.1088906064620445e-5
1848.0 1.1074320122390067e-5
1849.0 1.1059785745268675e-5
1850.0 1.1045302594659567e-5
1851.0000000000002 1.1030870332332915e-5
1852.0 1.1016488620426291e-5
1853.0 1.1002157121411189e-5
1853.9999999999998 1.0987875498119658e-5
1855.0 1.0973643413697268e-5
1856.0 1.0959460531633361e-5
1857.0 1.094532651572417e-5
1858.0 1.0931241030092917e-5
1859.0 1.0917203739156313e-5
1860.0 1.0903214307644915e-5
1861.0 1.0889272400578458e-5
1862.0000000000002 1.087537768327354e-5
1863.0 1.0861529821337697e-5
1864.0 1.084772848066148e-5
1864.9999999999998 1.0833973327416133e-5
1866.0 1.082026402805837e-5
1867.0 1.0806600249317096e-5
1868.0 1.0792981658207119e-5
1869.0 1.0779407922015358e-5
1870.0 1.0765878708298239e-5
1871.0 1.0752393684900048e-5
1872.0 1.0738952519939056e-5
1873.0000000000002 1.0725554881803913e-5
1874.0 1.0712200439176092e-5
1875.0 1.0698888861015033e-5
1875.9999999999998 1.0685619816564806e-5
1877.0 1.0672392975366238e-5
1878.0 1.0659208007247976e-5
1878.9999999999998 1.0646064582343157e-5
1880.0 1.0632962371091098e-5
1881.0 1.0619901044233718e-5
1882.0 1.0606880272847005e-5
1883.0 1.0593899728314377e-5
1884.0000000000002 1.0580959082367907e-5
1885.0 1.0568058007074331e-5
1886.0 1.0555196174851872e-5
1886.9999999999998 1.0542373258483061e-5
1888.0 1.0529588931123705e-5
1889.0 1.051684286630662e-5
1889.9999999999998 1.0504134737966674e-5
1891.0 1.049146422043543e-5
1892.0 1.047883098847536e-5
1893.0 1.0466234717277179e-5
1894.0 1.0453675082480031e-5
1895.0000000000002 1.0441151760184521e-5
1896.0 1.042866442697082e-5
1897.0 1.0416212759911973e-5
1897.9999999999998 1.0403796436594343e-5
1899.0 1.0391415135127354e-5
1900.0 1.0379068534170443e-5
1900.9999999999998 1.0366756312947784e-5
1902.0 1.0354478151259383e-5
1903.0 1.0342233729518458e-5
1904.0 1.0330022728757716e-5
1905.0 1.0317844830648487e-5
1906.0000000000002 1.0305699717533267e-5
1907.0 1.0293587072437065e-5
1908.0 1.028150657910035e-5
1908.9999999999998 1.0269457921993418e-5
1910.0 1.0257440786340372e-5
1911.0 1.0245454858150532e-5
1911.9999999999998 1.023349982422933e-5
1913.0 1.022157537222113e-5
1914.0 1.0209681190622391e-5
1915.0 1.0197816968811905e-5
1916.0 1.0185982397071691e-5
1917.0000000000002 1.0174177166624386e-5
1918.0 1.0162400969653968e-5
1919.0 1.0150653499333968e-5
1919.9999999999998 1.0138934449856324e-5
1921.0 1.0127243516458517e-5
1922.0 1.011558039546138e-5
1922.9999999999998 1.0103944784282678e-5
1924.0 1.009233638148204e-5
1925.0 1.0080754886781335e-5
1926.0 1.0069200001105675e-5
1927.0 1.0057671426600186e-5
1928.0000000000002 1.0046168866671121e-5
1929.0 1.003469202601665e-5
1930.0 1.0023240610652976e-5
1931.0000000000002 1.0011814327958604e-5
1932.0 1.0000412886685756e-5
1933.0 9.989035997014248e-6
1933.9999999999998 9.977683370571078e-6
1935.0 9.966354720469719e-6
1936.0 9.95504976133999e-6
1937.0 9.943768209356574e-6
1938.0 9.932509782286879e-6
1939.0000000000002 9.9212741995105e-6
1940.0 9.910061182053684e-6
1941.0 9.898870452631209e-6
1942.0000000000002 9.887701735671296e-6
1943.0 9.876554757356274e-6
1944.0 9.86542924565422e-6
1944.9999999999998 9.854324930345455e-6
1946.0 9.84324154306828e-6
1947.0 9.8321788173403e-6
1948.0 9.821136488599287e-6
1949.0 9.810114294237084e-6
1950.0000000000002 9.799111973627906e-6
1951.0 9.78812926816758e-6
1952.0 9.777165921298361e-6
1953.0000000000002 9.766221678550319e-6
1954.0 9.755296287562324e-6
1955.0 9.74438949813389e-6
1955.9999999999998 9.733501062235167e-6
1957.0 9.722630734049482e-6
1958.0 9.711778270008893e-6
1959.0 9.700943428817006e-6
1960.0 9.690125971484756e-6
1961.0000000000002 9.679325661355555e-6
1962.0 9.668542264145609e-6
1963.0 9.657775547966089e-6
1964.0000000000002 9.647025283346576e-6
1965.0 9.636291243281449e-6
1966.0 9.625573203242324e-6
1966.9999999999998 9.614870941214857e-6
1968.0 9.604184237719776e-6
1969.0 9.593512875847136e-6
1970.0 9.582856641276258e-6
1971.0 9.572215322307768e-6
1972.0 9.561588709886328e-6
1973.0 9.550976597621008e-6
1974.0 9.540378781818753e-6
1975.0000000000002 9.529795061499082e-6
1976.0 9.519225238419963e-6
1977.0 9.508669117106196e-6
1977.9999999999998 9.498126504864233e-6
1979.0 9.487597211800467e-6
1980.0 9.477081050856858e-6
1981.0 9.466577837807143e-6
1982.0 9.456087391299454e-6
1983.0 9.44560953285853e-6
1984.0 9.435144086907745e-6
1985.0 9.424690880790282e-6
1986.0000000000002 9.414249744779184e-6
1987.0 9.403820512093083e-6
1988.0 9.39340301891598e-6
1988.9999999999998 9.382997104405723e-6
1990.0 9.37260261070591e-6
1991.0 9.362219382962727e-6
1992.0 9.351847269335828e-6
1993.0 9.341486120999267e-6
1994.0 9.331135792163857e-6
1995.0 9.320796140077472e-6
1996.0 9.310467025039798e-6
1997.0000000000002 9.300148310397355e-6
1998.0 9.28983986256333e-6
1999.0 9.279541551015246e-6
1999.9999999999998 9.269253248296191e-6
