0.0 4.9524502727865036e-5
1.0 4.952637834586999e-5
2.0 4.953200612066474e-5
3.0 4.9541388819177015e-5
4.0 4.9554531051466114e-5
5.0 4.957143928230004e-5
6.0 4.959212183898132e-5
7.0 4.961658891545214e-5
8.0 4.964485259023039e-5
9.0 4.967692683835073e-5
10.0 4.9712827551066086e-5
10.999999999999998 4.975257254918655e-5
12.0 4.979618161054459e-5
13.000000000000002 4.984367649449426e-5
14.0 4.9895080961697615e-5
14.999999999999998 4.9950420811177375e-5
16.0 5.000972390676819e-5
17.0 5.0073020216743135e-5
18.0 5.014034184382582e-5
19.0 5.021172307276925e-5
20.0 5.028720041161774e-5
21.0 5.0366812634853166e-5
21.999999999999996 5.0450600835749514e-5
23.0 5.05386084790131e-5
24.0 5.0630881456923465e-5
25.0 5.072746814953032e-5
26.000000000000004 5.082841948656852e-5
27.0 5.093378901670186e-5
28.0 5.104363297771361e-5
29.0 5.115801037494369e-5
29.999999999999996 5.12769830577813e-5
31.0 5.140061580865695e-5
32.0 5.152897643005434e-5
33.0 5.16621358394158e-5
34.0 5.1800168170820875e-5
35.0 5.194315088265324e-5
36.0 5.209116486002175e-5
37.0 5.224429455038884e-5
38.0 5.2402628070306223e-5
39.0 5.256625734842554e-5
40.0 5.27352782608298e-5
41.0 5.290979077696003e-5
42.0 5.308989911918431e-5
43.0 5.3275711920149155e-5
43.99999999999999 5.346734240195554e-5
45.0 5.366490855282482e-5
46.0 5.386853332657964e-5
47.0 5.407834484235339e-5
48.0 5.4294476599426854e-5
49.0 5.45170677105768e-5
50.0 5.4746263137540465e-5
51.0 5.498221394766276e-5
52.00000000000001 5.522507758927347e-5
53.0 5.547501816648047e-5
54.0 5.573220675080274e-5
55.0 5.5996821703226055e-5
56.0 5.6269049003089536e-5
57.0 5.654908262324131e-5
58.0 5.683712489797421e-5
59.0 5.7133386942805275e-5
59.99999999999999 5.743808907597043e-5
61.0 5.7751461279894276e-5
62.0 5.807374368600864e-5
63.0 5.840518709685744e-5
64.0 5.874605353559901e-5
65.0 5.909661683019886e-5
66.0 5.945716324013283e-5
67.0 5.982799212702666e-5
68.0 6.0209416661465434e-5
69.0 6.060176458104555e-5
70.0 6.100537900986695e-5
71.0 6.142061931568647e-5
72.0 6.184786204190405e-5
73.0 6.228750190424689e-5
74.0 6.273995284375801e-5
75.0 6.320564917775031e-5
76.0 6.368504682371519e-5
77.0 6.41786246016621e-5
78.0 6.46868856560377e-5
79.0 6.521035897939342e-5
80.0 6.574960102989619e-5
81.0 6.630519751018522e-5
82.0 6.68777652597563e-5
83.00000000000001 6.746795430720219e-5
84.0 6.807645009018836e-5
85.0 6.870397584767947e-5
86.0 6.935129521777364e-5
87.0 7.001921506062558e-5
87.99999999999999 7.070858849192932e-5
89.0 7.142031821540287e-5
90.0 7.215536013367065e-5
91.0 7.291472725079625e-5
92.0 7.36994939796793e-5
92.99999999999999 7.451080080378131e-5
94.0 7.534985937337311e-5
95.0 7.621795810982343e-5
96.0 7.711646831547452e-5
97.0 7.804685089200351e-5
98.0 7.9010663730055e-5
99.00000000000001 8.000956982813964e-5
100.0 8.104534624222405e-5
101.0 8.211989398150486e-5
102.0 8.323524892099425e-5
103.0 8.439359392247366e-5
104.00000000000001 8.559727226991205e-5
105.0 8.684880257881303e-5
106.0 8.815089544124695e-5
107.0 8.950647198428299e-5
108.0 9.091868458672918e-5
108.99999999999999 9.239094014098335e-5
110.0 9.392692614444975e-5
111.0 9.553064004565659e-5
112.0 9.720642238111837e-5
113.0 9.895899421795323e-5
114.0 0.00010079349958107022
115.00000000000001 0.00010271555372520731
116.0 0.00010473129807840381
117.0 0.00010684746307660201
118.0 0.00010907144016860297
119.0 0.00011141136462725917
119.99999999999999 0.00011387621105063925
121.0 0.00011647590389555291
122.0 0.00011922144588581685
123.0 0.00012212506772891338
124.0 0.00012520040329814082
124.99999999999999 0.00012846269557855673
126.0 0.0001319290396662089
127.0 0.0001356186709311797
128.0 0.0001395533083334348
129.0 0.00014375756533393518
130.0 0.00014825944465458537
131.0 0.00015309093704056324
132.0 0.00015828875027174013
133.0 0.00016389520245474267
134.0 0.00016995932367056468
135.0 0.00017653822423490472
136.0 0.00018369880690635926
137.0 0.00019151992608177796
138.0 0.00020009513381029944
139.0 0.00020953620268691916
140.0 0.00021997768787700877
141.0 0.0002315828921377051
142.0 0.0002445517450667837
143.0 0.0002591313198787124
144.0 0.0002756300179355629
145.0 0.00029443689591357995
146.0 0.0003160482373939735
147.0 0.0003411043270352773
148.0 0.0003704404181609904
149.0 0.0004051567341091918
150.0 0.00044671156197700684
151.0 0.0004970342909571426
152.0 0.0005586266503536631
153.0 0.0006345260006672505
154.0 0.0007277237833696965
155.0 0.0008389182679635382
156.0 0.0009603594426215641
157.0 0.001065328950698433
158.0 0.001108235053788732
159.0 0.0010622078230569695
160.0 0.0009533937536984144
161.0 0.000828012137931084
162.0 0.0007134995379064795
163.0 0.0006177753826274659
164.0 0.0005400202762644293
164.99999999999997 0.0004770695771194768
166.00000000000003 0.0004257418209716605
167.0 0.0003834310910949211
168.0 0.00034813592354482044
169.0 0.00031834859052064604
170.0 0.0002929347321287995
171.0 0.0002710352181302667
172.0 0.0002519928031454782
173.0 0.00023529896091273002
174.0 0.00022055565744123493
174.99999999999997 0.00020744780867989668
175.99999999999997 0.00019572329625918504
177.00000000000003 0.00018517833099782153
178.0 0.00017564662138771193
179.0 0.00016699127129610197
180.0 0.00015909865518986394
181.0 0.00015187373997505976
182.0 0.00014523647674331304
183.0 0.00013911899109278575
184.0 0.00013346337608606177
185.0 0.00012821994379101154
185.99999999999997 0.00012334582901184503
187.00000000000003 0.00011880386607291505
188.0 0.00011456167864988094
189.0 0.00011059093748297902
190.0 0.00010686675104020078
191.0 0.00010336716238242511
192.0 0.0001000727314529121
193.0 9.6966186273141e-5
194.0 9.403213036432986e-5
195.0 9.125679602966865e-5
196.0 8.862783547528667e-5
196.99999999999997 8.613414306930147e-5
198.00000000000003 8.37657035913052e-5
199.0 8.151346211011571e-5
200.0 7.936921197291153e-5
201.0 7.732549808891923e-5
202.0 7.537553308593937e-5
203.0 7.351312443146265e-5
204.0 7.173261086203359e-5
205.0 7.002880676282427e-5
206.0 6.83969533905057e-5
206.99999999999997 6.683267594190173e-5
208.00000000000003 6.533194571422276e-5
209.00000000000003 6.38910466181655e-5
210.0 6.250654552132913e-5
211.0 6.117526587866023e-5
212.0 5.9894264265593904e-5
213.0 5.8660809425809565e-5
214.0 5.7472363539734226e-5
215.0 5.632656544284542e-5
216.0 5.52212155520188e-5
217.0 5.41542623087069e-5
217.99999999999997 5.3123789967572876e-5
219.00000000000003 5.212800756933373e-5
220.0 5.1165238963325814e-5
221.0 5.0233913785063105e-5
222.0 4.933255925907336e-5
223.0 4.845979275841769e-5
224.0 4.7614315025228026e-5
225.0 4.679490400703606e-5
226.0 4.6000409220478704e-5
227.0 4.522974660323744e-5
228.0 4.448189381153737e-5
228.99999999999997 4.375588590082012e-5
230.00000000000003 4.30508113691499e-5
231.0 4.236580852922973e-5
232.0 4.170006215896848e-5
233.0 4.1052800428137256e-5
234.0 4.0423292068119665e-5
235.0 3.9810843749454636e-5
236.0 3.921479767294193e-5
237.0 3.863452933148893e-5
238.0 3.806944544656314e-5
238.99999999999997 3.751898205473692e-5
239.99999999999997 3.698260273134636e-5
241.00000000000003 3.64597969421316e-5
242.0 3.5950078515519064e-5
243.0 3.545298421856174e-5
244.0 3.496807243480876e-5
245.0 3.4494921927359126e-5
246.0 3.403313069438565e-5
247.0 3.358231489411147e-5
248.0 3.31421078439859e-5
249.0 3.2712159087261046e-5
249.99999999999997 3.229213351714638e-5
251.00000000000003 3.18817105577094e-5
252.0 3.1480583402262545e-5
253.0 3.108845828768562e-5
254.0 3.0705053829193766e-5
255.0 3.033010038477053e-5
256.0 2.9963339461666937e-5
257.0 2.9604523159566347e-5
258.0 2.9253413648424625e-5
259.0 2.8909782673402628e-5
260.0 2.857341109231764e-5
261.0 2.824408843811627e-5
262.0 2.7921612506502643e-5
263.0 2.7605788968205282e-5
264.0 2.7296431003273447e-5
265.0 2.699335895288319e-5
266.0 2.669639999516396e-5
267.0 2.6405387835136153e-5
268.0 2.612016241097512e-5
269.0 2.584056962167242e-5
270.0 2.5566461061940575e-5
271.0 2.5297693775199946e-5
272.0 2.503413002087928e-5
273.0 2.477563704929779e-5
274.0 2.45220868917486e-5
275.0 2.4273356160438364e-5
276.0 2.402932585760947e-5
277.0 2.3789881195088746e-5
278.0 2.355491142279118e-5
279.0 2.3324309664652348e-5
280.0 2.3097972765056677e-5
281.0 2.2875801138832174e-5
282.0 2.2657698631551722e-5
283.0 2.244357238490388e-5
284.0 2.2233332710559707e-5
285.0 2.2026892965153913e-5
286.0 2.182416943674436e-5
287.0 2.1625081232225665e-5
288.0 2.1429550171528253e-5
289.0 2.123750068720206e-5
290.0 2.1048859725753593e-5
291.0 2.0863556656331368e-5
292.0 2.0681523181815817e-5
293.0 2.0502693253191874e-5
294.0 2.0327002988708826e-5
295.0 2.0154390595936245e-5
296.0 1.998479629676145e-5
297.0 1.9818162255010438e-5
298.0 1.9654432508330107e-5
299.0 1.9493552901367232e-5
300.0 1.9335471022621183e-5
301.0 1.918013614181771e-5
302.0 1.9027499152671503e-5
303.0 1.887751251401936e-5
304.0 1.8730130197171656e-5
305.0 1.8585307631341e-5
306.0 1.8443001652897037e-5
307.0 1.8303170457073838e-5
308.0 1.8165773549121225e-5
309.0 1.8030771698758845e-5
310.0 1.7898126895692136e-5
311.0 1.77678023059153e-5
312.0 1.7639762230296565e-5
313.0 1.7513972063962618e-5
314.0 1.7390398256366248e-5
315.0 1.726900827369095e-5
316.0 1.7149770560993808e-5
317.0 1.7032654506762375e-5
318.0 1.691763040699333e-5
319.0 1.6804669431312975e-5
320.0 1.6693743589619835e-5
321.0 1.6584825699315205e-5
322.0 1.6477889353851995e-5
323.0 1.6372908891594306e-5
324.0 1.6269859365813153e-5
325.0 1.616871651504092e-5
326.0 1.6069456734323683e-5
327.0 1.5972057047293527e-5
328.0 1.5876495078162434e-5
329.0 1.578274902591809e-5
329.99999999999994 1.5690797637096435e-5
331.0 1.5600620180625374e-5
332.00000000000006 1.551219642282414e-5
333.0 1.5425506602949375e-5
334.0 1.5340531409394084e-5
335.0 1.5257251956380301e-5
336.0 1.5175649761257224e-5
337.0 1.509570672235277e-5
338.0 1.5017405097340457e-5
339.0 1.4940727482688008e-5
340.0 1.4865656792725652e-5
340.99999999999994 1.4792176239895516e-5
342.0 1.472026931583521e-5
343.00000000000006 1.46499197724524e-5
344.0 1.458111160389747e-5
345.0 1.4513829029007566e-5
346.0 1.4448056474802216e-5
347.0 1.4383778559852587e-5
348.0 1.432098007871425e-5
349.0 1.4259645987312879e-5
349.99999999999994 1.4199761388192434e-5
351.0 1.4141311517062804e-5
351.99999999999994 1.4084281729599044e-5
353.0 1.4028657489363647e-5
354.00000000000006 1.3974424355820013e-5
355.0 1.3921567973308465e-5
356.0 1.3870074060993287e-5
357.0 1.3819928402890443e-5
358.0 1.3771116839027615e-5
359.0 1.3723625257028558e-5
360.0 1.3677439584717484e-5
360.99999999999994 1.3632545782935491e-5
362.0 1.3588929839258629e-5
363.00000000000006 1.3546577762661482e-5
364.0 1.3505475578303115e-5
365.0 1.3465609323377658e-5
366.0 1.3426965043326972e-5
367.0 1.3389528789073218e-5
368.0 1.3353286614367425e-5
369.0 1.3318224574019808e-5
370.0 1.328432872282413e-5
371.0 1.325158511479735e-5
371.99999999999994 1.3219979803043563e-5
373.0 1.3189498840189962e-5
374.00000000000006 1.3160128279395388e-5
375.0 1.3131854175611614e-5
376.0 1.3104662587413923e-5
377.0 1.3078539579431397e-5
378.0 1.305347122491393e-5
379.0 1.3029443608770216e-5
380.0 1.300644283100348e-5
381.0 1.2984455010428078e-5
382.0 1.2963466288684106e-5
382.99999999999994 1.2943462834508059e-5
384.0 1.2924430848258868e-5
385.00000000000006 1.290635656662307e-5
386.0 1.2889226267441728e-5
387.0 1.2873026274978436e-5
388.0 1.2857742964858329e-5
389.0 1.2843362769504072e-5
390.0 1.2829872183435404e-5
391.0 1.2817257768665883e-5
392.0 1.2805506160175102e-5
393.0 1.2794604071305233e-5
393.99999999999994 1.2784538299204473e-5
395.0 1.2775295730178304e-5
396.00000000000006 1.2766863345020255e-5
397.0 1.2759228224255007e-5
398.0 1.2752377553258391e-5
399.0 1.2746298627318484e-5
400.0 1.2740978856526222e-5
401.0 1.2736405770543312e-5
402.0 1.2732567023200985e-5
403.0 1.2729450396979084e-5
404.0 1.2727043807228338e-5
404.99999999999994 1.2725335306341675e-5
406.0 1.2724313087569957e-5
407.00000000000006 1.272396548879558e-5
408.0 1.2724280995982337e-5
409.0 1.2725248246515318e-5
410.0 1.272685603225549e-5
411.0 1.2729093302416187e-5
412.0 1.2731949166238137e-5
413.0 1.2735412895412597e-5
413.99999999999994 1.273947392632403e-5
415.0 1.2744121862046331e-5
416.00000000000006 1.2749346474155818e-5
417.0 1.2755137704309904e-5
418.00000000000006 1.2761485665632133e-5
419.0 1.2768380643882144e-5
420.0 1.2775813098415648e-5
421.0 1.2783773662969383e-5
422.0 1.2792253146225279e-5
423.0 1.280124253219695e-5
424.0 1.2810732980421788e-5
424.99999999999994 1.2820715825980608e-5
426.0 1.2831182579332505e-5
427.00000000000006 1.2842124925975165e-5
428.0 1.2853534725929404e-5
429.0 1.2865404013099969e-5
430.0 1.287772499439066e-5
431.0 1.2890490048794187e-5
432.0 1.2903691726184943e-5
433.0 1.2917322746100927e-5
434.0 1.2931375996245608e-5
435.0 1.2945844531029294e-5
435.99999999999994 1.296072156977889e-5
437.0 1.2976000494981722e-5
438.00000000000006 1.2991674850307955e-5
439.0 1.3007738338566011e-5
440.0 1.3024184819525333e-5
441.0 1.3041008307629147e-5
442.0 1.3058202969603467e-5
443.0 1.3075763122033737e-5
444.0 1.3093683228742663e-5
445.0 1.3111957898218886e-5
446.0 1.313058188097474e-5
446.99999999999994 1.3149550066736208e-5
448.0 1.3168857481835111e-5
449.00000000000006 1.3188499286468904e-5
450.0 1.320847077198176e-5
451.0 1.3228767358386683e-5
452.0 1.3249384591853943e-5
453.0 1.3270318142462014e-5
454.0 1.3291563802216057e-5
455.0 1.3313117483367448e-5
456.0 1.3334975217111253e-5
457.0 1.335713315290213e-5
457.99999999999994 1.337958755825528e-5
459.0 1.3402334819549618e-5
460.00000000000006 1.3425371443429414e-5
461.0 1.3448694059617065e-5
462.0 1.3472299424615323e-5
463.0 1.3496184427236575e-5
464.0 1.3520346095311077e-5
465.0 1.3544781604535735e-5
466.0 1.3569488289024401e-5
467.0 1.3594463654004476e-5
468.0 1.3619705390707963e-5
468.99999999999994 1.364521139332744e-5
470.0 1.3670979778006577e-5
471.00000000000006 1.369700890383101e-5
472.0 1.3723297395036002e-5
473.0 1.3749844164263526e-5
474.0 1.3776648435720046e-5
475.0 1.3803709767443405e-5
476.0 1.3831028071029808e-5
477.0 1.3858603627219518e-5
477.99999999999994 1.3886437095658071e-5
479.0 1.3914529516038106e-5
479.99999999999994 1.3942882298866454e-5
481.0 1.3971497203025166e-5
482.00000000000006 1.4000376297736013e-5
483.0 1.4029521907248624e-5
484.0 1.405893653648391e-5
485.0 1.4088622776885156e-5
486.0 1.4118583193349105e-5
487.0 1.4148820193468479e-5
488.0 1.4179335882900036e-5
488.99999999999994 1.4210131911209606e-5
490.0 1.4241209315319861e-5
491.00000000000006 1.4272568367612379e-5
492.0 1.4304208438011028e-5
493.0 1.4336127878628769e-5
494.0 1.4368323939965886e-5
495.0 1.4400792726150552e-5
496.0 1.4433529195041812e-5
497.0 1.4466527206334778e-5
498.0 1.4499779617972762e-5
499.0 1.4533278428122461e-5
499.99999999999994 1.4567014956632766e-5
501.0 1.4600980057473032e-5
502.00000000000006 1.4635164351731553e-5
503.0 1.4669558469412049e-5
504.0 1.4704153288162574e-5
505.0 1.4738940157880065e-5
506.0 1.4773911101555938e-5
507.0 1.48090589844512e-5
508.0 1.484437764708118e-5
509.0 1.4879861998557205e-5
510.0 1.491550807086366e-5
510.99999999999994 1.495131303544652e-5
512.0 1.4987275185931133e-5
513.0 1.5023393891784585e-5
514.0 1.5059669528521408e-5
515.0 1.5096103389984581e-5
516.0 1.5132697588861718e-5
517.0 1.5169454950099769e-5
518.0 1.5206378902459956e-5
519.0 1.5243473371772586e-5
520.0 1.5280742678734046e-5
521.0 1.5318191444230722e-5
522.0 1.535582450307008e-5
523.0 1.5393646827512487e-5
524.0 1.5431663460587503e-5
525.0 1.5469879459713056e-5
526.0 1.550829984964529e-5
527.0 1.5546929584458837e-5
528.0 1.5585773517868028e-5
529.0 1.562483638071897e-5
530.0 1.5664122765140655e-5
531.0 1.5703637114006875e-5
532.0 1.5743383715326818e-5
533.0 1.5783366700531825e-5
534.0 1.5823590045715813e-5
535.0 1.5864057575774774e-5
536.0 1.5904772970181974e-5
537.0 1.594573977055529e-5
538.0 1.5986961388899583e-5
539.0 1.6028441116977533e-5
540.0 1.607018213582334e-5
541.0 1.6112187525398853e-5
542.0 1.615446027451736e-5
543.0 1.619700329028354e-5
544.0 1.6239819407519486e-5
545.0 1.6282911397624577e-5
546.0 1.6326281977170037e-5
547.0 1.6369933816055998e-5
548.0 1.641386954496172e-5
549.0 1.6458091762608055e-5
550.0 1.6502603042314264e-5
551.0 1.6547405938251e-5
552.0 1.6592502990901354e-5
553.0 1.6637896732659008e-5
554.0 1.6683589692291663e-5
555.0 1.6729584399505085e-5
556.0 1.6775883389023012e-5
557.0 1.6822489204127e-5
558.0 1.6869404400110137e-5
559.0 1.6916631547254087e-5
560.0 1.696417323355312e-5
561.0 1.7012032067223713e-5
562.0 1.7060210679013754e-5
563.0 1.710871172403115e-5
564.0 1.7157537883834087e-5
565.0 1.7206691867766777e-5
566.0 1.725617641465522e-5
567.0 1.7305994293966776e-5
568.0 1.7356148307003164e-5
569.0 1.7406641287944137e-5
570.0 1.74574761047523e-5
571.0 1.7508655659940704e-5
572.0 1.75601828912786e-5
573.0 1.7612060772437918e-5
574.0 1.7664292313437333e-5
575.0 1.771688056112814e-5
576.0 1.776982859959297e-5
577.0 1.7823139550394442e-5
578.0 1.7876816572815194e-5
579.0 1.793086286401591e-5
580.0 1.798528165929378e-5
581.0 1.8040076231940946e-5
582.0 1.8095249893526396e-5
583.0 1.8150805993574407e-5
584.0 1.820674791974807e-5
585.0 1.8263079097586683e-5
586.0 1.831980299045886e-5
587.0 1.837692309915562e-5
588.0 1.843444296199652e-5
589.0 1.849236615417384e-5
590.0 1.855069628760545e-5
591.0 1.860943701058333e-5
592.0 1.8668592007356353e-5
593.0 1.872816499755446e-5
594.0 1.8788159735822792e-5
595.0 1.8848580011194475e-5
596.0 1.8909429646473717e-5
597.0 1.8970712497724133e-5
598.0 1.9032432453395397e-5
599.0 1.909459343368478e-5
600.0 1.9157199389620327e-5
601.0 1.9220254302401147e-5
602.0 1.9283762182180232e-5
603.0 1.9347727067409963e-5
604.0 1.941215302343145e-5
605.0 1.9477044141639085e-5
606.0 1.9542404538110133e-5
607.0 1.9608238352451372e-5
608.0 1.967454974633245e-5
609.0 1.974134290215487e-5
610.0 1.980862202139895e-5
611.0 1.9876391323206496e-5
612.0 1.9944655042401652e-5
613.0 2.0013417427989536e-5
614.0 2.0082682740973757e-5
615.0 2.015245525249213e-5
616.0 2.022273924162213e-5
617.0 2.0293538993038776e-5
618.0 2.0364858794804913e-5
619.0 2.0436702935716537e-5
620.0 2.0509075702612977e-5
621.0 2.0581981377721754e-5
622.0 2.0655424235490034e-5
623.0 2.0729408539714893e-5
624.0 2.080393853999744e-5
625.0 2.0879018468535916e-5
626.0 2.0954652536172018e-5
627.0 2.1030844928969747e-5
628.0 2.1107599803764263e-5
629.0 2.1184921284220284e-5
630.0 2.1262813456259757e-5
631.0 2.1341280363348393e-5
632.0 2.142032600169421e-5
633.0 2.1499954314923694e-5
634.0 2.1580169188786052e-5
635.0 2.1660974445450958e-5
636.0 2.174237383745771e-5
637.0 2.1824371041559564e-5
638.0 2.190696965200716e-5
639.0 2.1990173173875472e-5
640.0 2.2073985015694546e-5
641.0 2.2158408481961005e-5
642.0 2.224344676521078e-5
643.0 2.2329102937750198e-5
644.0 2.24153799430146e-5
645.0 2.2502280586550646e-5
646.0 2.2589807526365522e-5
647.0 2.2677963263256608e-5
648.0 2.2766750130286437e-5
649.0 2.2856170282107174e-5
650.0 2.294622568357751e-5
651.0 2.3036918098019017e-5
652.0 2.31282490748336e-5
653.0000000000001 2.3220219936887358e-5
654.0 2.331283176693395e-5
655.0 2.3406085393679208e-5
656.0 2.3499981377455418e-5
657.0 2.35945199948165e-5
658.0 2.3689701222941857e-5
659.0 2.3785524723347682e-5
659.9999999999999 2.3881989824629715e-5
661.0 2.3979095504844642e-5
662.0 2.407684037309587e-5
663.0 2.4175222650316456e-5
664.0000000000001 2.4274240149609473e-5
665.0 2.437389025537638e-5
666.0 2.4474169902263075e-5
667.0 2.457507555266593e-5
668.0 2.467660317405474e-5
669.0 2.4778748215096938e-5
670.0 2.4881505581181176e-5
670.9999999999999 2.4984869608921307e-5
672.0 2.5088834039986764e-5
673.0 2.519339199392762e-5
674.0 2.5298535940405127e-5
675.0000000000001 2.5404257670178362e-5
676.0 2.5510548265557467e-5
677.0 2.5617398069891197e-5
678.0 2.572479665609603e-5
679.0 2.5832732794537804e-5
680.0 2.594119441984257e-5
681.0 2.6050168597128205e-5
681.9999999999999 2.615964148726113e-5
683.0 2.6269598311317156e-5
684.0 2.638002331456904e-5
685.0 2.649089972915165e-5
686.0000000000001 2.6602209737030495e-5
687.0 2.671393443117268e-5
688.0 2.6826053777161205e-5
688.9999999999999 2.6938546573706825e-5
690.0 2.7051390412882736e-5
691.0 2.716456163998525e-5
692.0 2.727803531329088e-5
692.9999999999999 2.7391785163275138e-5
694.0 2.7505783552135882e-5
695.0 2.7620001433124662e-5
696.0 2.7734408310100797e-5
697.0000000000001 2.7848972197443875e-5
698.0 2.7963659580431105e-5
699.0 2.8078435376221157e-5
699.9999999999999 2.819326289571859e-5
701.0 2.8308103806410222e-5
702.0 2.8422918096194673e-5
703.0 2.853766403908924e-5
703.9999999999999 2.8652298162409855e-5
705.0 2.8766775215508027e-5
706.0 2.888104814133872e-5
707.0 2.8995068050067584e-5
708.0000000000001 2.9108784195521033e-5
709.0 2.9222143954684262e-5
710.0 2.9335092810765356e-5
710.9999999999999 2.9447574339816887e-5
712.0 2.9559530201372253e-5
713.0 2.9670900133672086e-5
714.0 2.9781621953724133e-5
715.0000000000001 2.9891631562384434e-5
716.0 3.000086295497261e-5
717.0 3.0109248238201495e-5
718.0 3.0216717653118027e-5
719.0000000000001 3.0323199604754238e-5
720.0 3.0428620699249503e-5
721.0 3.053290578820551e-5
721.9999999999999 3.063597802115988e-5
723.0 3.0737758906015356e-5
724.0 3.083816837850864e-5
725.0 3.09371248804172e-5
726.0000000000001 3.1034545446855334e-5
727.0 3.1130345803379226e-5
728.0 3.122444047279817e-5
729.0 3.1316742891911226e-5
730.0 3.140716553831553e-5
731.0 3.1495620067677714e-5
732.0 3.158201746094618e-5
732.9999999999999 3.1666268182210974e-5
734.0 3.1748282346629775e-5
735.0 3.1827969898450743e-5
736.0 3.190524079866633e-5
737.0000000000001 3.198000522269573e-5
738.0 3.205217376688408e-5
739.0 3.212165766385494e-5
740.0 3.21883690060377e-5
741.0 3.2252220976647275e-5
742.0 3.231312808783474e-5
743.0 3.23710064241992e-5
743.9999999999999 3.2425773891952714e-5
745.0 3.247735047198855e-5
746.0 3.2525658475773464e-5
747.0 3.2570622803393535e-5
748.0000000000001 3.261217120198761e-5
749.0 3.26502345236245e-5
750.0 3.268474698108302e-5
751.0 3.271564640021011e-5
752.0 3.27428744674059e-5
753.0 3.276637697069012e-5
754.0 3.278610403287141e-5
754.9999999999999 3.280201033555351e-5
756.0 3.2814055332142156e-5
757.0 3.282220344855842e-5
758.0 3.282642427041424e-5
759.0000000000001 3.282669271506434e-5
760.0 3.282298918714261e-5
761.0 3.281529971694107e-5
762.0 3.2803616079736005e-5
763.0 3.2787935895798905e-5
764.0 3.27682627097604e-5
765.0 3.274460604867424e-5
765.9999999999999 3.2716981458528974e-5
767.0 3.2685410518154534e-5
768.0 3.2649920830773535e-5
769.0 3.2610545993027606e-5
770.0000000000001 3.256732554100362e-5
771.0 3.252030487432575e-5
772.0 3.2469535157831824e-5
773.0 3.2415073202026614e-5
774.0 3.235698132267005e-5
775.0 3.229532718031097e-5
776.0 3.22301836008996e-5
776.9999999999999 3.216162837865092e-5
778.0 3.208974406208103e-5
779.0 3.2014617724693814e-5
780.0 3.1936340721919436e-5
781.0000000000001 3.18550084354172e-5
782.0 3.177072000664743e-5
783.0 3.168357806096348e-5
784.0 3.1593688424075274e-5
785.0 3.1501159832431926e-5
786.0 3.140610363912268e-5
787.0 3.130863351687535e-5
787.9999999999999 3.120886515982533e-5
789.0 3.1106915985307145e-5
790.0 3.10029048375537e-5
791.0 3.089695169425498e-5
792.0000000000001 3.078917737773187e-5
793.0 3.0679703271320616e-5
794.0 3.0568651042974755e-5
795.0 3.0456142376423684e-5
796.0 3.0342298710896857e-5
797.0 3.0227240990716258e-5
798.0 3.0111089425230886e-5
798.9999999999999 2.9993963259145278e-5
800.0 2.9875980554958262e-5
801.0 2.9757257986926245e-5
802.0 2.9637910647333458e-5
803.0000000000001 2.951805186496597e-5
804.0 2.9397793036386244e-5
805.0 2.927724346990574e-5
806.0 2.915651024181651e-5
807.0 2.9035698065191083e-5
808.0 2.8914909171254793e-5
809.0 2.8794243202614605e-5
809.9999999999999 2.867379711805063e-5
811.0 2.8553665109325064e-5
812.0 2.8433938528563517e-5
813.0 2.8314705826480037e-5
814.0000000000001 2.819605250083117e-5
815.0 2.8078061054578773e-5
816.0 2.7960810963310065e-5
816.9999999999999 2.7844378651322763e-5
818.0 2.7728837476149084e-5
819.0 2.7614257720580788e-5
820.0 2.7500706592123412e-5
820.9999999999999 2.7388248228859427e-5
822.0 2.727694371183953e-5
823.0 2.7166851082826952e-5
824.0 2.7058025367714884e-5
825.0000000000001 2.6950518604081748e-5
826.0 2.6844379873661253e-5
827.0 2.6739655338117637e-5
827.9999999999999 2.6636388278722648e-5
829.0 2.653461913887285e-5
830.0 2.6434385569351316e-5
831.0 2.6335722475775953e-5
832.0000000000001 2.6238662068275104e-5
833.0 2.6143233912817067e-5
834.0 2.6049464983790984e-5
835.0 2.5957379718088118e-5
836.0000000000001 2.5867000069562203e-5
837.0 2.577834556492958e-5
838.0 2.569143335943243e-5
838.9999999999999 2.560627829341979e-5
840.0 2.552289294869725e-5
841.0 2.544128770521301e-5
842.0 2.5361470797346932e-5
843.0000000000001 2.5283448370290242e-5
844.0 2.5207224535887077e-5
845.0 2.5132801428419612e-5
846.0 2.506017925953649e-5
847.0000000000001 2.4989356373016696e-5
848.0 2.492032929902823e-5
849.0 2.4853092807528214e-5
849.9999999999999 2.4787639961419373e-5
851.0 2.4723962168954892e-5
852.0 2.4662049235485764e-5
853.0 2.4601889414835483e-5
854.0000000000001 2.454346945987514e-5
855.0 2.4486774672611767e-5
856.0 2.443178895377438e-5
857.0 2.437849485176324e-5
858.0 2.4326873611194653e-5
859.0 2.4276905220816324e-5
860.0 2.422856846115533e-5
860.9999999999999 2.4181840951574298e-5
862.0 2.4136699196964958e-5
863.0 2.4093118634146202e-5
864.0 2.405107367782268e-5
865.0000000000001 2.4010537766273917e-5
866.0 2.3971483406716672e-5
867.0 2.3933882220441086e-5
868.0 2.389770498769467e-5
869.0 2.3862921692297144e-5
870.0 2.3829501566140134e-5
871.0 2.3797413133376084e-5
871.9999999999999 2.376662425458039e-5
873.0 2.3737102170622707e-5
874.0 2.370881354646595e-5
875.0 2.3681724514767427e-5
876.0000000000001 2.3655800719385477e-5
877.0 2.3631007358687137e-5
878.0 2.360730922874723e-5
879.0 2.3584670766377687e-5
880.0 2.3563056091989036e-5
881.0 2.3542429052293937e-5
882.0 2.352275326279816e-5
882.9999999999999 2.350399215008522e-5
884.0 2.3486108993898168e-5
885.0 2.3469066968935112e-5
886.0 2.345282918638124e-5
887.0000000000001 2.343735873513912e-5
888.0 2.3422618722677754e-5
889.0 2.3408572315576038e-5
890.0 2.339518277960274e-5
891.0 2.338241351935551e-5
892.0 2.337022811743865e-5
893.0 2.335859037308412e-5
893.9999999999999 2.334746434018894e-5
895.0 2.333681436477689e-5
896.0 2.3326605121723783e-5
897.0 2.3316801650840245e-5
898.0000000000001 2.3307369392148277e-5
899.0 2.329827422032547e-5
900.0 2.328948247835228e-5
901.0 2.3280961010168545e-5
902.0 2.3272677192390654e-5
903.0 2.3264598965043213e-5
904.0 2.325669486115115e-5
904.9999999999999 2.324893403530379e-5
906.0 2.324128629096029e-5
907.0 2.3233722106622784e-5
908.0 2.322621266066875e-5
909.0000000000001 2.3218729854956982e-5
910.0 2.3211246336982004e-5
911.0 2.320373552078827e-5
912.0 2.3196171606254197e-5
913.0 2.3188529597145037e-5
914.0 2.3180785317445945e-5
915.0 2.31729154263315e-5
915.9999999999999 2.316489743148363e-5
917.0 2.3156709700874857e-5
918.0 2.3148331472987492e-5
919.0 2.313974286533021e-5
920.0000000000001 2.3130924881426637e-5
921.0 2.3121859416094023e-5
922.0 2.3112529259193856e-5
923.0 2.310291809765035e-5
924.0 2.3093010515890876e-5
925.0 2.3082791994674223e-5
926.0 2.307224890832912e-5
926.9999999999999 2.306136852037155e-5
928.0 2.3050138977624613e-5
929.0 2.303854930277659e-5
930.0 2.302658938548346e-5
931.0000000000001 2.3014249971916356e-5
932.0 2.3001522653054627e-5
933.0 2.298839985146242e-5
934.0 2.2974874806806744e-5
935.0 2.296094156012976e-5
936.0 2.2946594936836033e-5
937.0 2.2931830528600318e-5
937.9999999999999 2.2916644674148956e-5
939.0 2.2901034438961977e-5
940.0 2.2884997594112552e-5
941.0 2.286853259411961e-5
942.0000000000001 2.285163855404108e-5
943.0 2.2834315225743625e-5
944.0 2.2816562973567266e-5
944.9999999999999 2.2798382749303152e-5
946.0 2.2779776066699382e-5
947.0 2.276074497548197e-5
948.0 2.27412920349588e-5
948.9999999999999 2.2721420287356006e-5
950.0 2.270113323089762e-5
951.0 2.2680434792710305e-5
952.0 2.265932930159846e-5
953.0000000000001 2.2637821460872056e-5
954.0 2.261591632112174e-5
955.0 2.2593619253163635e-5
955.9999999999999 2.2570935921128516e-5
957.0 2.2547872255758276e-5
958.0 2.252443442803302e-5
959.0 2.2500628823159106e-5
959.9999999999999 2.2476462014854746e-5
961.0 2.245194074022029e-5
962.0 2.2427071875015644e-5
963.0 2.240186240953762e-5
964.0000000000001 2.2376319425056613e-5
965.0 2.2350450070887705e-5
966.0 2.2324261542136905e-5
966.9999999999999 2.2297761058148875e-5
968.0 2.2270955841656254e-5
969.0 2.224385309873145e-5
970.0 2.221645999947502e-5
971.0000000000001 2.2188783659543607e-5
972.0 2.216083112247613e-5
973.0 2.213260934288637e-5
974.0 2.2104125170453928e-5
975.0000000000001 2.2075385334836848e-5
976.0 2.2046396431410386e-5
977.0 2.2017164907915248e-5
977.9999999999999 2.1987697051947214e-5
979.0 2.1957998979338725e-5
980.0 2.1928076623447923e-5
981.0 2.1897935725252508e-5
982.0000000000001 2.1867581824372975e-5
983.0 2.1837020250927272e-5
984.0 2.1806256118224093e-5
985.0 2.177529431633064e-5
986.0 2.174413950641449e-5
987.0 2.171279611596418e-5
988.0 2.168126833471582e-5
988.9999999999999 2.1649560111450716e-5
990.0 2.1617675151480926e-5
991.0 2.158561691493502e-5
992.0 2.1553388615715723e-5
993.0000000000001 2.152099322118263e-5
994.0 2.1488433452540375e-5
995.0 2.1455711785805254e-5
996.0 2.1422830453497384e-5
997.0 2.1389791446879165e-5
998.0 2.1356596518812377e-5
999.0 2.1323247187159232e-5
999.9999999999999 2.1289744738725014e-5
1001.0 2.125609023372882e-5
1002.0 2.1222284510726323e-5
1003.0 2.118832819202574e-5
1004.0000000000001 2.1154221689505337e-5
1005.0 2.1119965210891714e-5
1006.0 2.108555876635162e-5
1007.0 2.1051002175499915e-5
1008.0 2.101629507472403e-5
1009.0 2.0981436924768428e-5
1010.0 2.0946427018669833e-5
1010.9999999999999 2.091126448990598e-5
1012.0 2.0875948320760104e-5
1013.0 2.084047735093182e-5
1014.0 2.0804850286292587e-5
1015.0000000000001 2.0769065707816155e-5
1016.0 2.0733122080606667e-5
1017.0 2.0697017763077046e-5
1018.0 2.0660751016181134e-5
1019.0 2.062432001272471e-5
1020.0 2.0587722846671708e-5
1021.0 2.0550957542542668e-5
1021.9999999999999 2.0514022064703743e-5
1023.0 2.0476914326750547e-5
1024.0 2.0439632200722035e-5
1025.0 2.0402173526322664e-5
1026.0 2.0364536120053683e-5
1027.0 2.0326717784190234e-5
1028.0 2.0288716315700833e-5
1029.0 2.0250529514945018e-5
1030.0 2.0212155194324537e-5
1031.0 2.0173591186624203e-5
1032.0 2.0134835353286185e-5
1033.0 2.0095885592395108e-5
1034.0 2.0056739846497535e-5
1035.0 2.0017396110174597e-5
1036.0 1.997785243736435e-5
1037.0 1.9938106948437016e-5
1038.0 1.9898157837009692e-5
1039.0 1.9858003376489855e-5
1040.0 1.9817641926322157e-5
1041.0 1.9777071937967963e-5
1042.0 1.973629196056351e-5
1043.0 1.9695300646298154e-5
1044.0 1.9654096755473535e-5
1045.0 1.961267916123933e-5
1046.0 1.9571046854030773e-5
1047.0 1.952919894567342e-5
1048.0 1.948713467318495e-5
1049.0 1.9444853402228945e-5
1050.0 1.9402354630271466e-5
1051.0 1.9359637989397757e-5
1052.0 1.931670324881189e-5
1053.0 1.9273550317017294e-5
1054.0 1.9230179243674584e-5
1055.0 1.918659022120772e-5
1056.0 1.9142783585941136e-5
1057.0 1.9098759819156207e-5
1058.0 1.9054519547651582e-5
1059.0 1.9010063544109532e-5
1060.0 1.8965392727182272e-5
1061.0 1.8920508161199723e-5
1062.0 1.88754110557919e-5
1063.0 1.8830102764983115e-5
1064.0 1.8784584786316615e-5
1065.0 1.8738858759496893e-5
1066.0 1.86929264649125e-5
1067.0 1.8646789821928235e-5
1068.0 1.860045088689879e-5
1069.0 1.8553911851020902e-5
1070.0 1.8507175037974414e-5
1071.0 1.846024290134895e-5
1072.0 1.841311802193876e-5
1073.0 1.8365803104819e-5
1074.0 1.831830097631319e-5
1075.0 1.827061458071554e-5
1076.0 1.8222746977068253e-5
1077.0 1.8174701335537692e-5
1078.0 1.8126480933957368e-5
1079.0 1.8078089154052347e-5
1080.0 1.8029529477683892e-5
1081.0 1.7980805482964173e-5
1082.0 1.793192084028054e-5
1083.0 1.788287930836741e-5
1084.0 1.7833684730092423e-5
1085.0 1.778434102847892e-5
1086.0 1.7734852202465436e-5
1087.0 1.7685222322760507e-5
1088.0 1.7635455527629397e-5
1089.0 1.7585556018680732e-5
1090.0 1.7535528056660092e-5
1091.0 1.7485375957244116e-5
1092.0 1.7435104086848337e-5
1093.0 1.7384716858430636e-5
1094.0 1.7334218727378817e-5
1095.0 1.7283614187379978e-5
1096.0 1.7232907766335605e-5
1097.0 1.718210402237266e-5
1098.0 1.7131207539831216e-5
1099.0 1.708022292539042e-5
1100.0 1.7029154804163384e-5
1101.0 1.697800781596014e-5
1102.0 1.692678661155845e-5
1103.0 1.6875495849026464e-5
1104.0 1.682414019021736e-5
1105.0 1.6772724297265134e-5
1106.0 1.6721252829155843e-5
1107.0 1.6669730438505317e-5
1108.0 1.6618161768269118e-5
1109.0 1.6566551448621776e-5
1110.0 1.651490409400184e-5
1111.0 1.646322430007267e-5
1112.0 1.641151664098161e-5
1113.0 1.635978566653823e-5
1114.0 1.6308035899671162e-5
1115.0 1.6256271833764565e-5
1116.0 1.620449793033722e-5
1117.0 1.6152718616659848e-5
1118.0 1.6100938283476727e-5
1119.0 1.6049161282896155e-5
1120.0 1.5997391926384633e-5
1121.0 1.594563448276062e-5
1122.0 1.5893893176385888e-5
1123.0 1.5842172185430995e-5
1124.0 1.579047564018749e-5
1125.0 1.5738807621522573e-5
1126.0 1.5687172159435756e-5
1127.0 1.5635573231678533e-5
1128.0 1.5584014762439404e-5
1129.0 1.553250062120289e-5
1130.0 1.5481034621623873e-5
1131.0 1.542962052046702e-5
1132.0 1.5378262016735705e-5
1133.0 1.5326962750779227e-5
1134.0 1.5275726303501407e-5
1135.0 1.5224556195707158e-5
1136.0 1.517345588744466e-5
1137.0 1.5122428777432634e-5
1138.0 1.5071478202640043e-5
1139.0 1.5020607437836686e-5
1140.0 1.4969819695220564e-5
1141.0 1.4919118124209782e-5
1142.0 1.4868505811163245e-5
1143.0 1.4817985779247579e-5
1144.0 1.4767560988332e-5
1145.0 1.4717234334929618e-5
1146.0 1.4667008652234692e-5
1147.0 1.461688671015358e-5
1148.0 1.4566871215447121e-5
1149.0 1.4516964811837646e-5
1150.0 1.446717008025994e-5
1151.0 1.4417489539062588e-5
1152.0 1.4367925644350696e-5
1153.0 1.4318480790232385e-5
1154.0 1.426915730926092e-5
1155.0 1.4219957472756095e-5
1156.0 1.41708834912924e-5
1157.0 1.412193751512088e-5
1158.0 1.4073121634711976e-5
1159.0 1.4024437881194938e-5
1160.0 1.3975888226968533e-5
1161.0 1.3927474586251046e-5
1162.0 1.387919881567595e-5
1163.0 1.3831062714883647e-5
1164.0 1.3783068027191055e-5
1165.0 1.373521644020593e-5
1166.0 1.3687509586536643e-5
1167.0 1.3639949044448408e-5
1168.0 1.3592536338571996e-5
1169.0 1.3545272940607966e-5
1170.0 1.349816027006859e-5
1171.0 1.3451199695000621e-5
1172.0 1.3404392532726154e-5
1173.0 1.3357740050600856e-5
1174.0 1.3311243466773479e-5
1175.0 1.3264903950960157e-5
1176.0 1.3218722625175685e-5
1177.0 1.317270056457701e-5
1178.0 1.3126838798194976e-5
1179.0 1.308113830970156e-5
1180.0 1.3035600038233081e-5
1181.0 1.2990224879177164e-5
1182.0 1.2945013684897744e-5
1183.0 1.2899967265600103e-5
1184.0 1.285508639003867e-5
1185.0 1.2810371786355138e-5
1186.0 1.2765824142809116e-5
1187.0 1.2721444108605868e-5
1188.0 1.2677232294621864e-5
1189.0 1.2633189274195352e-5
1190.0 1.258931558388601e-5
1191.0 1.2545611724226273e-5
1192.0 1.2502078160483724e-5
1193.0 1.2458715323415022e-5
1194.0 1.2415523609975222e-5
1195.0 1.2372503384090155e-5
1196.0 1.2329654977369363e-5
1197.0 1.2286978689797848e-5
1198.0 1.2244474790525902e-5
1199.0 1.2202143518461715e-5
1200.0 1.2159985083084187e-5
1201.0 1.2117999665055486e-5
1202.0 1.2076187416921435e-5
1203.0 1.2034548463802241e-5
1204.0 1.19930829040455e-5
1205.0 1.1951790809861929e-5
1206.0 1.1910672228004167e-5
1207.0 1.1869727180371834e-5
1208.0 1.1828955664671829e-5
1209.0 1.1788357655021826e-5
1210.0 1.1747933102533355e-5
1211.0 1.170768193596829e-5
1212.0 1.1667604062287045e-5
1213.0 1.1627699367233453e-5
1214.0 1.1587967715932467e-5
1215.0 1.154840895342318e-5
1216.0 1.1509022905217802e-5
1217.0 1.1469809377874074e-5
1218.0 1.143076815948158e-5
1219.0 1.1391899020217911e-5
1220.0 1.1353201712861325e-5
1221.0 1.1314675973303415e-5
1222.0 1.1276321521008997e-5
1223.0 1.1238138059547201e-5
1224.0 1.12001252770513e-5
1225.0 1.1162282846675786e-5
1226.0 1.1124610427079114e-5
1227.0 1.1087107662856861e-5
1228.0 1.1049774185000516e-5
1229.0 1.1012609611307298e-5
1230.0 1.0975613546824422e-5
1231.0 1.0938785584265597e-5
1232.0 1.0902125304394537e-5
1233.0 1.0865632276445519e-5
1234.0 1.0829306058509061e-5
1235.0 1.0793146197920396e-5
1236.0 1.0757152231613165e-5
1237.0 1.0721323686494266e-5
1238.0 1.0685660079817857e-5
1239.0 1.0650160919502393e-5
1240.0 1.0614825704521226e-5
1241.0 1.0579653925168975e-5
1242.0 1.0544645063454498e-5
1243.0 1.0509798593376048e-5
1244.0 1.0475113981258592e-5
1245.0 1.044059068605203e-5
1246.0 1.0406228159604523e-5
1247.0 1.037202584701168e-5
1248.0 1.0337983186819671e-5
1249.0 1.0304099611382634e-5
1250.0 1.027037454707622e-5
1251.0 1.0236807414582632e-5
1252.0 1.020339762915678e-5
1253.0 1.0170144600859338e-5
1254.0 1.0137047734809056e-5
1255.0 1.0104106431428026e-5
1256.0 1.0071320086669639e-5
1257.0 1.0038688092235028e-5
1258.0 1.0006209835814095e-5
1259.0 9.973884701293755e-6
1260.0 9.941712068950995e-6
1261.0 9.909691315682576e-6
1262.0 9.877821815192006e-6
1263.0 9.846102938192106e-6
1264.0 9.814534052576984e-6
1265.0 9.783114523616989e-6
1266.0 9.751843714147772e-6
1267.0 9.720720984721082e-6
1268.0 9.68974569379551e-6
1269.0 9.65891719789054e-6
1270.0 9.628234851752075e-6
1271.0 9.597698008502872e-6
1272.0 9.56730601979318e-6
1273.0 9.537058235967828e-6
1274.0 9.506954006176781e-6
1275.0 9.476992678537732e-6
1276.0 9.447173600266033e-6
1277.0 9.417496117814595e-6
1278.0 9.387959576971762e-6
1279.0 9.358563323028357e-6
1280.0 9.32930670084878e-6
1281.0 9.300189055042963e-6
1282.0 9.271209730030573e-6
1283.0 9.242368070185539e-6
1284.0 9.213663419908435e-6
1285.0 9.185095123775894e-6
1286.0 9.15666252659791e-6
1287.0 9.128364973531159e-6
1288.0 9.1002018101836e-6
1289.0 9.072172382689566e-6
1290.0 9.044276037808593e-6
1291.0 9.016512123001366e-6
1292.0 8.988879986516602e-6
1293.0 8.961378977483382e-6
1294.0 8.934008445973846e-6
1295.0 8.906767743069952e-6
1296.0 8.879656220975956e-6
1297.0 8.852673233029618e-6
1298.0 8.82581813382789e-6
1299.0 8.799090279250973e-6
1300.0 8.772489026544211e-6
1301.0 8.746013734379803e-6
1302.0 8.71966376291016e-6
1303.0 8.693438473822365e-6
1304.0 8.667337230405403e-6
1305.0 8.641359397591378e-6
1306.0000000000002 8.615504342010633e-6
1307.0 8.589771432041751e-6
1308.0 8.564160037851208e-6
1308.9999999999998 8.538669531460323e-6
1310.0 8.513299286762675e-6
1311.0 8.48804867958673e-6
1312.0 8.462917087721037e-6
1313.0 8.437903890962144e-6
1314.0 8.413008471155674e-6
1315.0 8.388230212228034e-6
1316.0 8.363568500211592e-6
1317.0000000000002 8.339022723291723e-6
1318.0 8.314592271834331e-6
1319.0 8.290276538421514e-6
1319.9999999999998 8.266074917863781e-6
1321.0 8.241986807241715e-6
1322.0 8.218011605937731e-6
1323.0 8.194148715641227e-6
1324.0 8.170397540397055e-6
1325.0 8.146757486613302e-6
1326.0 8.123227963078644e-6
1327.0 8.099808381009799e-6
1328.0000000000002 8.076498154041585e-6
1329.0 8.05329669825342e-6
1330.0 8.030203432207656e-6
1330.9999999999998 8.007217776942053e-6
1332.0 7.98433915598786e-6
1333.0 7.961566995407267e-6
1334.0 7.938900723780349e-6
1335.0 7.916339772240306e-6
1336.0 7.893883574474734e-6
1337.0 7.871531566735158e-6
1338.0 7.849283187854808e-6
1339.0000000000002 7.827137879265778e-6
1340.0 7.805095084986423e-6
1341.0 7.78315425165591e-6
1341.9999999999998 7.761314828532458e-6
1343.0 7.739576267481352e-6
1344.0 7.717938023026645e-6
1345.0 7.69639955231606e-6
1346.0 7.674960315137204e-6
1347.0 7.653619773945355e-6
1348.0 7.632377393837805e-6
1349.0 7.611232642574914e-6
1350.0000000000002 7.590184990584908e-6
1351.0 7.569233910951226e-6
1352.0 7.548378879439146e-6
1352.9999999999998 7.5276193744781525e-6
1354.0 7.50695487717046e-6
1355.0 7.486384871296765e-6
1356.0 7.465908843307359e-6
1357.0 7.4455262823373135e-6
1358.0 7.4252366801903755e-6
1359.0 7.405039531346157e-6
1360.0 7.384934332964135e-6
1361.0000000000002 7.364920584874175e-6
1362.0 7.3449977895820144e-6
1363.0 7.3251654522595735e-6
1363.9999999999998 7.305423080747994e-6
1365.0 7.285770185562082e-6
1366.0 7.266206279875274e-6
1366.9999999999998 7.246730879516242e-6
1368.0 7.227343502982732e-6
1369.0 7.208043671417231e-6
1370.0 7.1888309086184564e-6
1371.0 7.16970474103063e-6
1372.0000000000002 7.150664697734586e-6
1373.0 7.1317103104522175e-6
1374.0 7.112841113541461e-6
1374.9999999999998 7.094056643982468e-6
1376.0 7.075356441374348e-6
1377.0 7.056740047942504e-6
1377.9999999999998 7.038207008519413e-6
1379.0 7.0197568705396055e-6
1380.0 7.001389184038643e-6
1381.0 6.983103501644995e-6
1382.0 6.964899378580815e-6
1383.0000000000002 6.946776372633389e-6
1384.0 6.928734044179625e-6
1385.0 6.910771956144561e-6
1385.9999999999998 6.892889674029579e-6
1387.0 6.8750867658819915e-6
1388.0 6.857362802285177e-6
1388.9999999999998 6.839717356373807e-6
1390.0 6.822150003800316e-6
1391.0 6.804660322750183e-6
1392.0 6.787247893906452e-6
1393.0 6.769912300475028e-6
1394.0000000000002 6.752653128150745e-6
1395.0 6.7354699651127845e-6
1396.0 6.718362402033499e-6
1396.9999999999998 6.701330032048482e-6
1398.0 6.68437245075955e-6
1399.0 6.667489256226336e-6
1399.9999999999998 6.6506800489486966e-6
1401.0 6.633944431868145e-6
1402.0 6.617282010355583e-6
1403.0 6.600692392196747e-6
1404.0 6.584175187590612e-6
1405.0000000000002 6.567730009135196e-6
1406.0 6.551356471824632e-6
1407.0 6.535054193027785e-6
1407.9999999999998 6.518822792490617e-6
1409.0 6.50266189232321e-6
1410.0 6.4865711169840885e-6
1410.9999999999998 6.470550093280347e-6
1412.0 6.454598450348294e-6
1413.0 6.4387158196529825e-6
1414.0 6.4229018349701784e-6
1415.0 6.407156132380761e-6
1416.0000000000002 6.391478350260783e-6
1417.0 6.3758681292655865e-6
1418.0 6.360325112329956e-6
1419.0000000000002 6.344848944646494e-6
1420.0 6.329439273667504e-6
1421.0 6.314095749083602e-6
1421.9999999999998 6.29881802281837e-6
1423.0 6.283605749019999e-6
1424.0 6.268458584042634e-6
1425.0 6.2533761864478805e-6
1426.0 6.238358216982066e-6
1427.0000000000002 6.2234043385777805e-6
1428.0 6.208514216332059e-6
1429.0 6.193687517501422e-6
1430.0000000000002 6.178923911491711e-6
1431.0 6.164223069841122e-6
1432.0 6.1495846662205085e-6
1432.9999999999998 6.135008376409501e-6
1434.0 6.120493878299218e-6
1435.0 6.1060408518684744e-6
1436.0 6.091648979181338e-6
1437.0 6.077317944372809e-6
1438.0000000000002 6.063047433637059e-6
1439.0 6.048837135220973e-6
1440.0 6.034686739405801e-6
1441.0000000000002 6.020595938506071e-6
1442.0 6.006564426845902e-6
1443.0 5.992591900757494e-6
1443.9999999999998 5.9786780585705765e-6
1445.0 5.96482260059083e-6
1446.0 5.951025229100574e-6
1447.0 5.937285648339205e-6
1448.0 5.923603564500659e-6
1449.0000000000002 5.909978685709933e-6
1450.0 5.896410722022127e-6
1451.0 5.88289938541024e-6
1452.0000000000002 5.869444389746232e-6
1453.0 5.856045450798437e-6
1454.0 5.842702286216923e-6
1454.9999999999998 5.829414615515489e-6
1456.0 5.816182160077622e-6
1457.0 5.803004643128687e-6
1458.0 5.789881789725255e-6
1459.0 5.776813326760264e-6
1460.0 5.76379898293016e-6
1461.0 5.750838488740997e-6
1462.0 5.737931576483214e-6
1463.0000000000002 5.7250779802304385e-6
1464.0 5.712277435823822e-6
1465.0 5.699529680861925e-6
1465.9999999999998 5.6868344546932805e-6
1467.0 5.6741914983934e-6
1468.0 5.6616005547614846e-6
1469.0 5.6490613683155235e-6
1470.0 5.636573685265998e-6
1471.0 5.624137253517116e-6
1472.0 5.611751822653043e-6
1473.0 5.599417143919703e-6
1474.0000000000002 5.58713297021988e-6
1475.0 5.574899056103315e-6
1476.0 5.562715157752073e-6
1476.9999999999998 5.5505810329689215e-6
1478.0 5.538496441167202e-6
1479.0 5.526461143364862e-6
1480.0 5.5144749021610024e-6
1481.0 5.502537481737641e-6
1482.0 5.490648647842936e-6
1483.0 5.478808167776942e-6
1484.0 5.467015810390534e-6
1485.0000000000002 5.455271346065897e-6
1486.0 5.4435745467017546e-6
1487.0 5.4319251857183015e-6
1487.9999999999998 5.420323038030916e-6
1489.0 5.4087678800472316e-6
1490.0 5.397259489653164e-6
1491.0 5.385797646202952e-6
1492.0 5.374382130510103e-6
1493.0 5.363012724834928e-6
1494.0 5.351689212873872e-6
1495.0 5.340411379749523e-6
1496.0000000000002 5.329179011998829e-6
1497.0 5.317991897566981e-6
1498.0 5.30684982578957e-6
1498.9999999999998 5.2957525873901944e-6
1500.0 5.284699974458887e-6
1501.0 5.27369178045946e-6
1502.0 5.262727800199098e-6
1503.0 5.251807829834777e-6
1504.0 5.240931666850339e-6
1505.0 5.230099110054687e-6
1506.0 5.219309959568714e-6
1507.0000000000002 5.208564016817377e-6
1508.0 5.197861084514688e-6
1509.0 5.187200966657222e-6
1509.9999999999998 5.176583468515328e-6
1511.0 5.166008396624021e-6
1512.0 5.15547555876537e-6
1513.0 5.144984763968667e-6
1514.0 5.134535822496994e-6
1515.0 5.124128545833e-6
1516.0 5.113762746677058e-6
1517.0 5.103438238933431e-6
1518.0000000000002 5.093154837700584e-6
1519.0 5.082912359263058e-6
1520.0 5.0727106210822656e-6
1520.9999999999998 5.062549441789087e-6
1522.0 5.052428641166575e-6
1523.0 5.042348040151925e-6
1524.0 5.032307460818259e-6
1525.0 5.02230672637384e-6
1526.0 5.0123456611438e-6
1527.0 5.002424090570842e-6
1528.0 4.992541841193751e-6
1529.0000000000002 4.98269874065763e-6
1530.0 4.972894617683948e-6
1531.0 4.963129302079313e-6
1531.9999999999998 4.953402624713327e-6
1533.0 4.943714417519979e-6
1534.0 4.934064513483213e-6
1535.0 4.924452746635014e-6
1536.0 4.914878952037834e-6
1537.0 4.905342965782265e-6
1538.0 4.895844624979555e-6
1539.0 4.886383767749277e-6
1540.0000000000002 4.876960233216591e-6
1541.0 4.867573861500931e-6
1542.0 4.858224493703252e-6
1542.9999999999998 4.84891197190946e-6
1544.0 4.839636139175114e-6
1545.0 4.830396839514072e-6
1546.0 4.821193917901954e-6
1547.0 4.812027220257613e-6
1548.0 4.802896593442358e-6
1549.0 4.7938018852501616e-6
1550.0 4.784742944399412e-6
1551.0000000000002 4.7757196205247135e-6
1552.0 4.7667317641758085e-6
1553.0 4.757779226799856e-6
1553.9999999999998 4.74886186074341e-6
1555.0 4.739979519240527e-6
1556.0 4.731132056409768e-6
1557.0 4.722319327241308e-6
1558.0 4.713541187592619e-6
1559.0 4.704797494185432e-6
1560.0 4.696088104591623e-6
1561.0 4.687412877235934e-6
1562.0000000000002 4.678771671375525e-6
1563.0 4.6701643471097265e-6
1564.0 4.6615907653584184e-6
1564.9999999999998 4.653050787866643e-6
1566.0 4.644544277192052e-6
1567.0 4.636071096701871e-6
1568.0 4.627631110561692e-6
1569.0 4.619224183736121e-6
1570.0 4.610850181973032e-6
1571.0 4.602508971811531e-6
1572.0 4.594200420561138e-6
1573.0000000000002 4.585924396302175e-6
1574.0 4.577680767883321e-6
1575.0 4.569469404907858e-6
1575.9999999999998 4.561290177736458e-6
1577.0 4.553142957470525e-6
1578.0 4.5450276159582835e-6
1579.0 4.536944025782585e-6
1580.0 4.528892060251207e-6
1581.0 4.520871593402312e-6
1582.0 4.512882499989373e-6
1583.0 4.504924655478385e-6
1584.0000000000002 4.496997936045572e-6
1585.0 4.489102218567593e-6
1586.0 4.481237380616416e-6
1586.9999999999998 4.473403300460204e-6
1588.0 4.465599857048113e-6
1589.0 4.457826930012758e-6
1590.0 4.450084399662538e-6
1591.0 4.442372146978535e-6
1592.0 4.434690053603288e-6
1593.0 4.427038001843637e-6
1594.0 4.419415874660812e-6
1595.0000000000002 4.411823555667273e-6
1596.0 4.404260929119889e-6
1597.0 4.396727879919359e-6
1597.9999999999998 4.389224293600659e-6
1599.0 4.381750056331598e-6
1600.0 4.374305054905142e-6
1601.0 4.366889176740242e-6
1602.0 4.359502309869013e-6
1603.0 4.3521443429387754e-6
1604.0 4.344815165206171e-6
1605.0 4.337514666532276e-6
1606.0000000000002 4.330242737375543e-6
1607.0 4.322999268791823e-6
1608.0 4.315784152427736e-6
1608.9999999999998 4.308597280516283e-6
1610.0 4.301438545871721e-6
1611.0 4.294307841888956e-6
1612.0 4.287205062535289e-6
1613.0 4.280130102348762e-6
1614.0 4.273082856431169e-6
1615.0 4.266063220450012e-6
1616.0 4.259071090626476e-6
1617.0000000000002 4.252106363736515e-6
1618.0 4.245168937107055e-6
1619.0 4.238258708610782e-6
1619.9999999999998 4.2313755766605605e-6
1621.0 4.224519440209851e-6
1622.0 4.21769019874231e-6
1622.9999999999998 4.210887752276446e-6
1624.0 4.204112001355513e-6
1625.0 4.1973628470463635e-6
1626.0 4.190640190932797e-6
1627.0 4.183943935118715e-6
1628.0000000000002 4.177273982216553e-6
1629.0 4.170630235347796e-6
1630.0 4.164012598140457e-6
1630.9999999999998 4.157420974721557e-6
1632.0 4.150855269719229e-6
1633.0 4.144315388252525e-6
1633.9999999999998 4.137801235932866e-6
1635.0 4.131312718860205e-6
1636.0 4.124849743617706e-6
1637.0 4.118412217270839e-6
1638.0 4.1120000473603156e-6
1639.0000000000002 4.105613141903707e-6
1640.0 4.099251409386717e-6
1641.0 4.092914758765497e-6
1641.9999999999998 4.086603099458926e-6
1643.0 4.080316341348628e-6
1644.0 4.074054394773731e-6
1644.9999999999998 4.067817170527797e-6
1646.0 4.06160457985804e-6
1647.0 4.055416534459733e-6
1648.0 4.049252946473574e-6
1649.0 4.043113728483499e-6
1650.0000000000002 4.036998793514018e-6
1651.0 4.0309080550251144e-6
1652.0 4.024841426910245e-6
1652.9999999999998 4.018798823495821e-6
1654.0 4.0127801595358666e-6
1655.0 4.006785350207964e-6
1655.9999999999998 4.000814311113498e-6
1657.0 3.994866958271039e-6
1658.0 3.988943208118979e-6
1659.0 3.983042977506692e-6
1660.0 3.977166183696613e-6
1661.0000000000002 3.971312744357116e-6
1662.0 3.965482577564079e-6
1663.0 3.95967560179378e-6
1664.0000000000002 3.9538917359263836e-6
1665.0 3.948130899234311e-6
1666.0 3.9423930113898e-6
1666.9999999999998 3.936677992452582e-6
1668.0 3.93098576287433e-6
1669.0 3.9253162434924735e-6
1670.0 3.919669355529045e-6
1671.0 3.914045020588415e-6
1672.0000000000002 3.90844316065134e-6
1673.0 3.902863698077294e-6
1674.0 3.897306555599814e-6
1675.0000000000002 3.891771656321338e-6
1676.0 3.886258923716111e-6
1677.0 3.880768281624147e-6
1677.9999999999998 3.875299654247119e-6
1679.0 3.869852966151028e-6
1680.0 3.864428142259336e-6
1681.0 3.8590251078534504e-6
1682.0 3.853643788566814e-6
1683.0000000000002 3.848284110387156e-6
1684.0 3.842945999649385e-6
1685.0 3.837629383037936e-6
1686.0000000000002 3.832334187579682e-6
1687.0 3.827060340645447e-6
1688.0 3.821807769945523e-6
1688.9999999999998 3.81657640352803e-6
1690.0 3.8113661697770943e-6
1691.0 3.8061769974089005e-6
1692.0 3.8010088154711638e-6
1693.0 3.795861553340523e-6
1694.0000000000002 3.7907351407201715e-6
1695.0 3.785629507637375e-6
1696.0 3.7805445844405185e-6
1697.0000000000002 3.775480301798223e-6
1698.0 3.770436590696852e-6
1699.0 3.765413382439405e-6
1699.9999999999998 3.7604106086391067e-6
1701.0 3.7554282012225323e-6
1702.0 3.750466092424455e-6
1703.0 3.7455242147870435e-6
1704.0 3.7406025011555757e-6
1705.0000000000002 3.7357008846795583e-6
1706.0 3.730819298806954e-6
1707.0 3.7259576772858466e-6
1708.0000000000002 3.7211159541599904e-6
1709.0 3.716294063765541e-6
1710.0 3.711491940733298e-6
1710.9999999999998 3.7067095199826877e-6
1712.0 3.701946736720265e-6
1713.0 3.6972035264408063e-6
1714.0 3.6924798249198688e-6
1715.0 3.687775568217708e-6
1716.0 3.6830906926725294e-6
1717.0 3.678425134900575e-6
1718.0 3.6737788317944896e-6
1719.0000000000002 3.669151720519452e-6
1720.0 3.6645437385149336e-6
1721.0 3.6599548234875583e-6
1721.9999999999998 3.65538491341288e-6
1723.0 3.650833946532696e-6
1724.0 3.6463018613522276e-6
1725.0 3.641788596639354e-6
1726.0 3.6372940914209205e-6
1727.0 3.63281828498273e-6
1728.0 3.6283611168668686e-6
1729.0 3.623922526870101e-6
1730.0000000000002 3.6195024550397355e-6
1731.0 3.615100841675642e-6
1732.0 3.6107176273255805e-6
1732.9999999999998 3.606352752783212e-6
1734.0 3.6020061590892997e-6
1735.0 3.5976777875250447e-6
1736.0 3.5933675796142793e-6
1737.0 3.5890754771200355e-6
1738.0 3.5848014220417395e-6
1739.0 3.5805453566153593e-6
1740.0 3.576307223310029e-6
1741.0000000000002 3.5720869648282405e-6
1742.0 3.567884524100184e-6
1743.0 3.5636998442858784e-6
1743.9999999999998 3.559532868772145e-6
1745.0 3.555383541168412e-6
1746.0 3.551251805310064e-6
1747.0 3.547137605250022e-6
1748.0 3.5430408852636993e-6
1749.0 3.5389615898414872e-6
1750.0 3.5348996636910387e-6
1751.0 3.5308550517329927e-6
1752.0000000000002 3.5268276991015292e-6
1753.0 3.5228175511392334e-6
1754.0 3.5188245533995083e-6
1754.9999999999998 3.5148486516403478e-6
1756.0 3.5108897918270405e-6
1757.0 3.506947920127618e-6
1758.0 3.5030229829106696e-6
1759.0 3.4991149267465954e-6
1760.0 3.495223698402579e-6
1761.0 3.4913492448433774e-6
1762.0 3.487491513227779e-6
1763.0000000000002 3.4836504509080657e-6
1764.0 3.4798260054288057e-6
1765.0 3.4760181245220865e-6
1765.9999999999998 3.4722267561105764e-6
1767.0 3.4684518483013702e-6
1768.0 3.4646933493879372e-6
1769.0 3.4609512078445767e-6
1770.0 3.457225372329277e-6
1771.0 3.4535157916786515e-6
1772.0 3.4498224149064597e-6
1773.0 3.4461451912045755e-6
1774.0000000000002 3.442484069938621e-6
1775.0 3.4388390006477782e-6
1776.0 3.435209933041464e-6
1776.9999999999998 3.43159681700072e-6
1778.0 3.4279996025737078e-6
1779.0 3.4244182399749243e-6
1780.0 3.4208526795847578e-6
1781.0 3.4173028719468213e-6
1782.0 3.413768767765789e-6
1783.0 3.410250317906464e-6
1784.0 3.4067474733931606e-6
1785.0000000000002 3.4032601854069155e-6
1786.0 3.3997884052826856e-6
1787.0 3.396332084511814e-6
1787.9999999999998 3.3928911747353353e-6
1789.0 3.38946562774728e-6
1790.0 3.386055395488415e-6
1791.0 3.3826604300490085e-6
1792.0 3.3792806836648064e-6
1793.0 3.3759161087145944e-6
1794.0 3.372566657722875e-6
1795.0 3.369232283352737e-6
1796.0000000000002 3.365912938408892e-6
1797.0 3.3626085758334403e-6
1798.0 3.3593191487057137e-6
1798.9999999999998 3.356044610240978e-6
1800.0 3.3527849137860463e-6
1801.0 3.349540012823197e-6
1802.0 3.346309860962752e-6
1803.0 3.3430944119461358e-6
1804.0 3.3398936196413503e-6
1805.0 3.3367074380432155e-6
1806.0 3.333535821271669e-6
1807.0000000000002 3.330378723569364e-6
1808.0 3.3272360993024296e-6
1809.0 3.324107902955367e-6
1809.9999999999998 3.320994089133275e-6
1811.0 3.3178946125581697e-6
1812.0 3.3148094280678417e-6
1813.0 3.311738490615729e-6
1814.0 3.3086817552680505e-6
1815.0 3.3056391772030184e-6
1816.0 3.302610711708977e-6
1817.0 3.299596314183342e-6
1818.0000000000002 3.2965959401324226e-6
1819.0 3.2936095451666253e-6
1820.0 3.290637085002993e-6
1820.9999999999998 3.287678515461562e-6
1822.0 3.284733792464199e-6
1823.0 3.2818028720334776e-6
1824.0 3.2788857102915908e-6
1825.0 3.275982263459398e-6
1826.0 3.2730924878529643e-6
1827.0 3.2702163398850433e-6
1828.0 3.2673537760622123e-6
1829.0000000000002 3.2645047529827693e-6
1830.0 3.2616692273374773e-6
1831.0 3.2588471559066913e-6
1831.9999999999998 3.256038495559343e-6
1833.0 3.2532432032523842e-6
1834.0 3.250461236028957e-6
1835.0 3.2476925510159204e-6
1836.0 3.244937105425363e-6
1837.0 3.24219485655058e-6
1838.0 3.2394657617665215e-6
1839.0 3.2367497785277094e-6
1840.0000000000002 3.234046864367287e-6
1841.0 3.2313569768960455e-6
1842.0 3.2286800738004107e-6
1842.9999999999998 3.2260161128424354e-6
1844.0 3.223365051857126e-6
1845.0 3.220726848751913e-6
1846.0 3.2181014615068546e-6
1847.0 3.215488848170367e-6
1848.0 3.2128889668608423e-6
1849.0 3.2103017757643246e-6
1850.0 3.207727233133515e-6
1851.0000000000002 3.2051652972858203e-6
1852.0 3.2026159266038778e-6
1853.0 3.200079079533034e-6
1853.9999999999998 3.1975547145807804e-6
1855.0 3.1950427903154456e-6
1856.0 3.192543265365024e-6
1857.0 3.1900560984166648e-6
1858.0 3.1875812482149337e-6
1859.0 3.185118673560428e-6
1860.0 3.1826683333099377e-6
1861.0 3.180230186374197e-6
1862.0000000000002 3.1778041917172962e-6
1863.0 3.1753903083557866e-6
1864.0 3.1729884953574274e-6
1864.9999999999998 3.1705987118402015e-6
1866.0 3.1682209169706693e-6
1867.0 3.165855069964683e-6
1868.0 3.1635011300843187e-6
1869.0 3.1611590566390063e-6
1870.0 3.1588288089815706e-6
1871.0 3.1565103465110936e-6
1872.0 3.154203628668686e-6
1873.0000000000002 3.1519086149375837e-6
1874.0 3.149625264843718e-6
1875.0 3.147353537952277e-6
1875.9999999999998 3.145093393868649e-6
1877.0 3.142844792236504e-6
1878.0 3.1406076927374324e-6
1878.9999999999998 3.1383820550899393e-6
1880.0 3.1361678390482585e-6
1881.0 3.133965004401612e-6
1882.0 3.1317735109743065e-6
1883.0 3.129593318622814e-6
1884.0000000000002 3.1274243872370472e-6
1885.0 3.125266676738561e-6
1886.0 3.123120147079323e-6
1886.9999999999998 3.1209847582416744e-6
1888.0 3.1188604702377057e-6
1889.0 3.116747243107179e-6
1889.9999999999998 3.114645036918615e-6
1891.0 3.112553811766456e-6
1892.0 3.1104735277722708e-6
1893.0 3.108404145082778e-6
1894.0 3.1063456238692322e-6
1895.0000000000002 3.1042979243273915e-6
1896.0 3.1022610066761103e-6
1897.0 3.1002348311570452e-6
1897.9999999999998 3.0982193580335543e-6
1899.0 3.0962145475906467e-6
1900.0 3.0942203601338275e-6
1900.9999999999998 3.0922367559883124e-6
1902.0 3.0902636954991654e-6
1903.0 3.088301139029639e-6
1904.0 3.0863490469619413e-6
1905.0 3.084407379694465e-6
1906.0000000000002 3.082476097643832e-6
1907.0 3.0805551612422045e-6
1908.0 3.0786445309374842e-6
1908.9999999999998 3.0767441671934436e-6
1910.0 3.0748540304878e-6
1911.0 3.0729740813127592e-6
1911.9999999999998 3.0711042801738615e-6
1913.0 3.0692445875900138e-6
1914.0 3.0673949640924193e-6
1915.0 3.0655553702248826e-6
1916.0 3.063725766542292e-6
1917.0000000000002 3.0619061136105912e-6
1918.0 3.0600963720070135e-6
1919.0 3.0582965023186134e-6
1919.9999999999998 3.056506465142581e-6
1921.0 3.0547262210849747e-6
1922.0 3.0529557307616846e-6
1922.9999999999998 3.0511949547965263e-6
1924.0 3.0494438538216204e-6
1925.0 3.0477023884773575e-6
1926.0 3.045970519411079e-6
1927.0 3.0442482072780446e-6
1928.0000000000002 3.0425354127392296e-6
1929.0 3.0408320964634313e-6
1930.0 3.039138219124348e-6
1931.0000000000002 3.037453741402469e-6
1932.0 3.0357786239835707e-6
1933.0 3.0341128275586033e-6
1933.9999999999998 3.032456312823838e-6
1935.0 3.0308090404802215e-6
1936.0 3.0291709712333296e-6
1937.0 3.027542065792988e-6
1938.0 3.0259222848731695e-6
1939.0000000000002 3.024311589191927e-6
1940.0 3.0227099394705586e-6
1941.0 3.0211172964347518e-6
1942.0000000000002 3.019533620812574e-6
1943.0 3.0179588733362297e-6
1944.0 3.016393014740277e-6
1944.9999999999998 3.0148360057624457e-6
1946.0 3.0132878071435547e-6
1947.0 3.0117483796265098e-6
1948.0 3.010217683957641e-6
1949.0 3.0086956808849327e-6
1950.0000000000002 3.007182331159505e-6
1951.0 3.005677595534307e-6
1952.0 3.004181434764775e-6
1953.0000000000002 3.00269380960886e-6
1954.0 3.0012146808263353e-6
1955.0 2.9997440091795842e-6
1955.9999999999998 2.9982817554327603e-6
1957.0 2.9968278803527356e-6
1958.0 2.9953823447081836e-6
1959.0 2.993945109269959e-6
1960.0 2.9925161348118358e-6
1961.0000000000002 2.9910953821090047e-6
1962.0 2.9896828119398194e-6
1963.0 2.9882783850844777e-6
1964.0000000000002 2.9868820623264165e-6
1965.0 2.9854938044507588e-6
1966.0 2.98411357224599e-6
1966.9999999999998 2.9827413265033684e-6
1968.0 2.9813770280168005e-6
1969.0 2.980020637583669e-6
1970.0 2.9786721160041755e-6
1971.0 2.9773314240821977e-6
1972.0 2.975998522625085e-6
1973.0 2.9746733724434883e-6
1974.0 2.9733559343526467e-6
1975.0000000000002 2.9720461691712347e-6
1976.0 2.970744037722947e-6
1977.0 2.969449500835052e-6
1977.9999999999998 2.9681625193404453e-6
1979.0 2.966883054076437e-6
1980.0 2.9656110658853458e-6
1981.0 2.9643465156158887e-6
1982.0 2.963089364121294e-6
1983.0 2.9618395722618638e-6
1984.0 2.9605971009032295e-6
1985.0 2.9593619109184773e-6
1986.0000000000002 2.9581339631868904e-6
1987.0 2.9569132185950575e-6
1988.0 2.9556996380373386e-6
1988.9999999999998 2.954493182415556e-6
1990.0 2.953293812640051e-6
1991.0 2.9521014896293263e-6
1992.0 2.950916174311001e-6
1993.0 2.9497378276218526e-6
1994.0 2.948566410507873e-6
1995.0 2.9474018839259274e-6
1996.0 2.9462442088420923e-6
1997.0000000000002 2.9450933462343234e-6
1998.0 2.943949257090766e-6
1999.0 2.9428119024119517e-6
1999.9999999999998 2.9416812432098448e-6
