0.0 2.4760476175873776e-5
1.0 2.4761480250021112e-5
2.0 2.4764493001895488e-5
3.0 2.476951602242824e-5
4.0 2.4776551962286263e-5
5.0 2.4785604538996442e-5
6.0 2.4796678541917625e-5
7.0 2.480977983404661e-5
8.0 2.4824915363889756e-5
9.0 2.484209317202352e-5
10.0 2.486132240403107e-5
10.999999999999998 2.4882613317561082e-5
12.0 2.490597730009865e-5
13.000000000000002 2.4931426883701723e-5
14.0 2.4958975757109545e-5
14.999999999999998 2.4988638788038638e-5
16.0 2.5020432040623378e-5
17.0 2.505437279857091e-5
18.0 2.5090479584340755e-5
19.0 2.5128772188020175e-5
20.0 2.5169271693283583e-5
21.0 2.5212000503533876e-5
21.999999999999996 2.5256982374406418e-5
23.0 2.5304242446442453e-5
24.0 2.5353807279840482e-5
25.0 2.540570489130852e-5
26.000000000000004 2.5459964793335028e-5
27.0 2.5516618036357874e-5
28.0 2.5575697252701206e-5
29.0 2.5637236705501898e-5
29.999999999999996 2.5701272336771424e-5
31.0 2.576784182214043e-5
32.0 2.5836984626025957e-5
33.0 2.590874206064e-5
34.0 2.5983157349801613e-5
35.0 2.6060275697066086e-5
36.0 2.614014434945492e-5
37.0 2.6222812683585443e-5
38.0 2.6308332273034248e-5
39.0 2.6396756978216142e-5
40.0 2.648814303301146e-5
41.0 2.6582549136820394e-5
42.0 2.6680036556804423e-5
43.0 2.678066922745954e-5
43.99999999999999 2.6884513865379835e-5
45.0 2.6991640082916865e-5
46.0 2.7102120516014325e-5
47.0 2.7216030951978744e-5
48.0 2.7333450469105293e-5
49.0 2.745446158660651e-5
50.0 2.757915041801278e-5
51.0 2.7707606837026586e-5
52.00000000000001 2.78399246581732e-5
53.0 2.797620181419296e-5
54.0 2.811654056278953e-5
55.0 2.8261047695314826e-5
56.0 2.8409834755411087e-5
57.0 2.8563018285539008e-5
58.0 2.8720720071512524e-5
59.0 2.8883067420490893e-5
59.99999999999999 2.905019344268017e-5
61.0 2.9222237358870778e-5
62.0 2.939934482648781e-5
63.0 2.9581668290583754e-5
64.0 2.976936735468949e-5
65.0 2.9962609176402226e-5
66.0 3.0161568893986652e-5
67.0 3.0366430083862438e-5
68.0 3.057738524447372e-5
69.0 3.0794636317501617e-5
70.0 3.1018395254140744e-5
71.0 3.1248884608073976e-5
72.0 3.148633818499544e-5
73.0 3.173100173795727e-5
74.0 3.198313370802582e-5
75.0 3.224300603348402e-5
76.0 3.251090501792011e-5
77.0 3.2787132256561344e-5
78.0 3.307200565157047e-5
79.0 3.336586050709912e-5
80.0 3.366905069801739e-5
81.0 3.398194995802686e-5
82.0 3.430495326128346e-5
83.00000000000001 3.4638478328561495e-5
84.0 3.4982967261694566e-5
85.0 3.533888831982653e-5
86.0 3.570673785679592e-5
87.0 3.6087042438025996e-5
87.99999999999999 3.648036113493375e-5
89.0 3.6887288054372335e-5
90.0 3.7308455101549195e-5
91.0 3.7744534987197266e-5
92.0 3.819624456691418e-5
92.99999999999999 3.866434848210394e-5
94.0 3.914966317260324e-5
95.0 3.9653061318950156e-5
96.0 4.017547672551748e-5
97.0 4.0717909735248095e-5
98.0 4.128143323238408e-5
99.00000000000001 4.18671992974896e-5
100.0 4.2476446608151094e-5
101.0 4.31105087002007e-5
102.0 4.377082316198352e-5
103.0 4.445894195289904e-5
104.00000000000001 4.517654295525418e-5
105.0 4.59254429343242e-5
106.0 4.67076121652196e-5
107.0 4.7525190932253315e-5
108.0 4.838050816777596e-5
108.99999999999999 4.927610264013884e-5
110.0 5.021474702737475e-5
111.0 5.11994753662035e-5
112.0 5.223361447614499e-5
113.0 5.332081998978336e-5
114.0 5.446511781589478e-5
115.00000000000001 5.567095205242432e-5
116.0 5.694324045606601e-5
117.0 5.8287438979965056e-5
118.0 5.970961709040021e-5
119.0 6.121654606002472e-5
119.99999999999999 6.281580285313914e-5
121.0 6.451589292442044e-5
122.0 6.632639606431425e-5
123.0 6.825814045627534e-5
124.0 7.032341141523148e-5
124.99999999999999 7.253620322011982e-5
126.0 7.49125245151286e-5
127.0 7.747077112232305e-5
128.0 8.023218401236257e-5
129.0 8.322141565514113e-5
130.0 8.646723580621037e-5
131.0 9.000341764693277e-5
132.0 9.386985964416074e-5
133.0 9.811401850119296e-5
134.0 0.00010279275641747824
135.0 0.00010797474619959966
136.0 0.00011374363592848934
137.0 0.00012020225889754721
138.0 0.00012747829955623075
139.0 0.0001357320098982057
140.0 0.00014516684510387939
141.0 0.00015604429090278243
142.0 0.00016870473994362882
143.0 0.00018359706784667256
144.0 0.00020132046110238458
145.0 0.00022268244391289408
146.0 0.0002487745059323424
147.0 0.0002810528233413563
148.0 0.0003213586643577533
149.0 0.00037163768867781944
150.0 0.00043261877190713577
151.0 0.0004997964424395195
152.0 0.0005561527411825353
153.0 0.0005731116408052376
154.0 0.000538386588541244
155.0 0.00047343298583505636
156.0 0.0004051663299492926
157.0 0.0003460089306223261
158.0 0.00029804786837174654
159.0 0.00025978340167207015
160.0 0.00022913484630515492
161.0 0.0002043075680849916
162.0 0.00018392400854437928
163.0 0.00016696265036817017
164.0 0.0001526701362758445
164.99999999999997 0.0001404873721369652
166.00000000000003 0.00012999479640542617
167.0 0.00012087347888956558
168.0 0.0001128777660617612
169.0 0.00010581600122983652
170.0 9.953682431745974e-5
171.0 9.39193295616082e-5
172.0 8.886590949687832e-5
173.0 8.429698843597256e-5
174.0 8.01470995500825e-5
174.99999999999997 7.636192905966412e-5
175.99999999999997 7.289606429475363e-5
177.00000000000003 6.971126016235262e-5
178.0 6.677509158856476e-5
179.0 6.40598961139404e-5
180.0 6.154193713643475e-5
181.0 5.920073617471775e-5
182.0 5.701853607982473e-5
183.0 5.4979866217065277e-5
184.0 5.307118800428291e-5
185.0 5.128060403630314e-5
185.99999999999997 4.9597617925030866e-5
187.00000000000003 4.8012934945382866e-5
188.0 4.651829559437147e-5
189.0 4.510633598442176e-5
190.0 4.377047011932895e-5
191.0 4.2504790195617054e-5
192.0 4.130398182606737e-5
193.0 4.01632515909304e-5
194.0 3.907826494538411e-5
195.0 3.804509275026164e-5
196.0 3.706016511689079e-5
196.99999999999997 3.612023136599988e-5
198.00000000000003 3.5222325234144327e-5
199.0 3.4363734520762955e-5
200.0 3.354197452053249e-5
201.0 3.275476472501352e-5
202.0 3.200000831615117e-5
203.0 3.127577408057136e-5
204.0 3.0580280419643176e-5
205.0 2.9911881161899982e-5
206.0 2.9269052970058807e-5
206.99999999999997 2.865038411163792e-5
208.00000000000003 2.8054564451363612e-5
209.00000000000003 2.748037648568444e-5
210.0 2.692668732111298e-5
211.0 2.6392441461460006e-5
212.0 2.5876654325013406e-5
213.0 2.5378406398145584e-5
214.0 2.4896837958662e-5
215.0 2.4431144304792088e-5
216.0 2.398057143110319e-5
217.0 2.354441210551935e-5
217.99999999999997 2.312200230706886e-5
219.00000000000003 2.2712717982107858e-5
220.0 2.2315972085172986e-5
221.0 2.19312118856396e-5
222.0 2.1557916499422582e-5
223.0 2.1195594634962505e-5
224.0 2.084378252235146e-5
225.0 2.0502042020826073e-5
226.0 2.0169958874881788e-5
227.0 1.9847141111241393e-5
228.0 1.953321756660899e-5
228.99999999999997 1.922783652639332e-5
230.00000000000003 1.8930664469673196e-5
231.0 1.8641384914408953e-5
232.0 1.835969734173614e-5
233.0 1.8085316206037764e-5
234.0 1.781797001850945e-5
235.0 1.755740049196816e-5
236.0 1.7303361752871667e-5
237.0 1.7055619604580485e-5
238.0 1.6813950845511224e-5
238.99999999999997 1.6578142633796812e-5
239.99999999999997 1.634799189432652e-5
241.00000000000003 1.6123304766341176e-5
242.0 1.5903896089351396e-5
243.0 1.5689588921672827e-5
244.0 1.5480214091976668e-5
245.0 1.5275609776827483e-5
246.0 1.5075621109936012e-5
247.0 1.488009981256812e-5
248.0 1.4688903847777326e-5
249.0 1.4501897098380369e-5
249.99999999999997 1.4318949061865369e-5
251.00000000000003 1.4139934564886333e-5
252.0 1.3964733497420495e-5
253.0 1.3793230556799128e-5
254.0 1.3625315014609549e-5
255.0 1.346088049129211e-5
256.0 1.3299824745972921e-5
257.0 1.3142049478098743e-5
258.0 1.2987460141679037e-5
259.0 1.2835965767592566e-5
260.0 1.2687478797994801e-5
261.0 1.254191492864536e-5
262.0 1.239919295995844e-5
263.0 1.2259234656973827e-5
264.0 1.2121964616610228e-5
265.0 1.1987310140754728e-5
266.0 1.1855201118601678e-5
267.0 1.1725569912892822e-5
268.0 1.1598351252461436e-5
269.0 1.1473482132571812e-5
270.0 1.1350901717160556e-5
271.0 1.123055124785106e-5
272.0 1.111237395851458e-5
273.0 1.0996314991635366e-5
274.0 1.088232132096628e-5
275.0 1.077034167741532e-5
276.0 1.0660326478271368e-5
277.0 1.0552227760356926e-5
278.0 1.0445999116499186e-5
279.0 1.0341595634446276e-5
280.0 1.0238973840494033e-5
281.0 1.0138091643439236e-5
282.0 1.003890828306085e-5
283.0 9.941384280551702e-6
284.0 9.845481392161139e-6
285.0 9.751162562898009e-6
286.0 9.658391885481691e-6
287.0 9.567134559008838e-6
288.0 9.477356850776755e-6
289.0 9.38902606015543e-6
290.0 9.302110483215106e-6
291.0 9.216579380428855e-6
292.0 9.13240294554814e-6
293.0 9.049552275752066e-6
294.0 8.967999343956173e-6
295.0 8.88771697271054e-6
296.0 8.80867880909797e-6
297.0 8.730859301103248e-6
298.0 8.65423367616386e-6
299.0 8.578777920153805e-6
300.0 8.504468758539948e-6
301.0 8.431283637670979e-6
302.0 8.359200709102244e-6
303.0 8.288198813107337e-6
304.0 8.218257465706788e-6
305.0 8.149356844801139e-6
306.0 8.08147777863495e-6
307.0 8.014601735847437e-6
308.0 7.948710815404322e-6
309.0 7.88378773882428e-6
310.0 7.819815843240718e-6
311.0 7.756779075299605e-6
312.0 7.694661986709793e-6
313.0 7.633449730787375e-6
314.0 7.5731280597463646e-6
315.0 7.513683323867516e-6
316.0 7.4551024709765865e-6
317.0 7.397373047884243e-6
318.0 7.340483202042526e-6
319.0 7.284421684995823e-6
320.0 7.229177856618859e-6
321.0 7.174741690223486e-6
322.0 7.121103779087621e-6
323.0 7.068255343560519e-6
324.0 7.01618823935027e-6
325.0 6.964894966471548e-6
326.0 6.914368679062519e-6
327.0 6.8646031961175026e-6
328.0 6.815593012156033e-6
329.0 6.767333309572689e-6
329.99999999999994 6.719819969943463e-6
331.0 6.673049586468958e-6
332.00000000000006 6.627019476138324e-6
333.0 6.5817276917305394e-6
334.0 6.537173033324119e-6
335.0 6.493355059167354e-6
336.0 6.450274095483263e-6
337.0 6.407931245013268e-6
338.0 6.366328393771077e-6
339.0 6.325468216040215e-6
340.0 6.2853541762733585e-6
340.99999999999994 6.24599052832367e-6
342.0 6.207382311354866e-6
343.00000000000006 6.169535341335057e-6
344.0 6.132456198164191e-6
345.0 6.096152207508987e-6
346.0 6.060631417223902e-6
347.0 6.025902566980936e-6
348.0 5.991975051298527e-6
349.0 5.9588588753285275e-6
349.99999999999994 5.926564602342483e-6
351.0 5.895103293233555e-6
351.99999999999994 5.8644864371568935e-6
353.0 5.834725873590944e-6
354.00000000000006 5.80583370508241e-6
355.0 5.777822201302799e-6
356.0 5.7507036946000355e-6
357.0 5.724490467054828e-6
358.0 5.6991946302740615e-6
359.0 5.67482799835666e-6
360.0 5.651401955647715e-6
360.99999999999994 5.628927320042318e-6
362.0 5.607414203927932e-6
363.00000000000006 5.586871874570627e-6
364.0 5.567308615475477e-6
365.0 5.548731591411956e-6
366.0 5.531146718916725e-6
367.0 5.514558544941486e-6
368.0 5.49897013542328e-6
369.0 5.484382976331321e-6
370.0 5.470796889121084e-6
371.0 5.458209962174323e-6
371.99999999999994 5.446618499930564e-6
373.0 5.436016990776358e-6
374.00000000000006 5.426398094507799e-6
375.0 5.4177526495842525e-6
376.0 5.410069700220975e-6
377.0 5.403336542842369e-6
378.0 5.39753879076454e-6
379.0 5.392660455993768e-6
380.0 5.388684046428391e-6
381.0 5.385590676534464e-6
382.0 5.383360189372391e-6
382.99999999999994 5.381971287691506e-6
384.0 5.381401671737172e-6
385.00000000000006 5.38162818142487e-6
386.0 5.382626940564896e-6
387.0 5.3843735009817405e-6
388.0 5.386842984472737e-6
389.0 5.390010220830535e-6
390.0 5.393849880318809e-6
391.0 5.3983365992693005e-6
392.0 5.403445097716748e-6
393.0 5.409150288244433e-6
393.99999999999994 5.41542737543408e-6
395.0 5.422251945590751e-6
396.00000000000006 5.42960004655697e-6
397.0 5.437448257668896e-6
398.0 5.445773750047904e-6
399.0 5.454554337530617e-6
400.0 5.463768518710591e-6
401.0 5.4733955105608984e-6
402.0 5.483415274293356e-6
403.0 5.493808533962309e-6
404.0 5.50455678860768e-6
404.99999999999994 5.515642318366437e-6
406.0 5.5270481855219e-6
407.00000000000006 5.538758230725441e-6
408.0 5.550757065399213e-6
409.0 5.563030060474921e-6
410.0 5.575563332407309e-6
411.0 5.588343726692742e-6
412.0 5.601358799326068e-6
413.0 5.614596796925168e-6
413.99999999999994 5.6280466354349625e-6
415.0 5.641697878213518e-6
416.00000000000006 5.655540713389747e-6
417.0 5.669565931050325e-6
418.00000000000006 5.6837649003003e-6
419.0 5.6981295465513235e-6
420.0 5.712652329055953e-6
421.0 5.727326218878348e-6
422.0 5.742144677519743e-6
423.0 5.7571016362021545e-6
424.0 5.7721914758825584e-6
424.99999999999994 5.787409008119082e-6
426.0 5.802749456914778e-6
427.00000000000006 5.818208441343699e-6
428.0 5.833781959279799e-6
429.0 5.849466372114138e-6
430.0 5.865258390375196e-6
431.0 5.881155060641309e-6
432.0 5.897153753173538e-6
433.0 5.913252150955799e-6
434.0 5.9294482394594905e-6
435.0 5.945740297888421e-6
435.99999999999994 5.9621268911006354e-6
437.0 5.978606862945692e-6
438.00000000000006 5.995179330543866e-6
439.0 6.011843679752956e-6
440.0 6.02859956176586e-6
441.0 6.0454468908439356e-6
442.0 6.062385843260603e-6
443.0 6.079416857502786e-6
444.0 6.096540635565144e-6
445.0 6.113758145724136e-6
446.0 6.131070626574697e-6
446.99999999999994 6.148479592305156e-6
448.0 6.1659868396901406e-6
449.00000000000006 6.183594456384874e-6
450.0 6.201304830817339e-6
451.0 6.2191206638792875e-6
452.0 6.237044982212234e-6
453.0 6.255081153428343e-6
454.0 6.2732329032976024e-6
455.0 6.291504334974083e-6
456.0 6.309899950390234e-6
457.0 6.32842467408513e-6
457.99999999999994 6.347083879317626e-6
459.0 6.365883417062548e-6
460.00000000000006 6.384829647425176e-6
461.0 6.4039294743226626e-6
462.0 6.423190382885903e-6
463.0 6.442620480496915e-6
464.0 6.4622285407812e-6
465.0 6.482024051479333e-6
466.0 6.502017265751857e-6
467.0 6.522219257335243e-6
468.0 6.542641979577468e-6
468.99999999999994 6.563298328304562e-6
470.0 6.584202208552701e-6
471.00000000000006 6.605368605251136e-6
472.0 6.626813657413892e-6
473.0 6.6485547358818875e-6
474.0 6.670610524036834e-6
475.0 6.693001101222004e-6
476.0 6.7157480279189975e-6
477.0 6.738874431957674e-6
477.99999999999994 6.762405094780468e-6
479.0 6.786366535999405e-6
479.99999999999994 6.810787095014529e-6
481.0 6.835697007353805e-6
482.00000000000006 6.861128473283798e-6
483.0 6.887115716097954e-6
484.0 6.913695026538495e-6
485.0 6.940904789456861e-6
486.0 6.968785488731661e-6
487.0 6.99737968517585e-6
488.0 7.026731962444398e-6
488.99999999999994 7.056888834747548e-6
490.0 7.08789861062882e-6
491.00000000000006 7.11981120575903e-6
492.0 7.152677898558863e-6
493.0 7.1865510216384105e-6
494.0 7.2214835829051675e-6
495.0 7.257528810390116e-6
496.0 7.2947396158870926e-6
497.0 7.333167973508492e-6
498.0 7.372864211014468e-6
499.0 7.4138762136849365e-6
499.99999999999994 7.456248542721909e-6
501.0 7.500021472818988e-6
502.00000000000006 7.545229956533913e-6
503.0 7.591902525891423e-6
504.0 7.640060144746901e-6
505.0 7.689715028484803e-6
506.0 7.740869450108081e-6
507.0 7.793514554006838e-6
508.0 7.847629200726644e-6
509.0 7.903178866654117e-6
510.0 7.960114623555868e-6
510.99999999999994 8.018372222152982e-6
512.0 8.077871303376881e-6
513.0 8.138514759391776e-6
514.0 8.200188264673935e-6
515.0 8.262759995174305e-6
516.0 8.32608055165102e-6
517.0 8.389983100533691e-6
518.0 8.454283744016858e-6
519.0 8.518782128619384e-6
520.0 8.583262299610406e-6
521.0 8.647493807155638e-6
522.0 8.711233067573575e-6
523.0 8.774224981461173e-6
524.0 8.836204807551221e-6
525.0 8.896900288510766e-6
526.0 8.956034020769795e-6
527.0 9.013326056237575e-6
528.0 9.068496718617583e-6
529.0 9.121269610549145e-6
530.0 9.171374781902802e-6
531.0 9.218552021902655e-6
532.0 9.262554231453468e-6
533.0 9.30315082497975e-6
534.0 9.340131105172593e-6
535.0 9.373307549865075e-6
536.0 9.402518946372639e-6
537.0 9.427633308042144e-6
538.0 9.448550508053702e-6
539.0 9.465204569198368e-6
540.0 9.477565552872616e-6
541.0 9.485640998094521e-6
542.0 9.489476870022115e-6
543.0 9.489157986815633e-6
544.0 9.484807904394991e-6
545.0 9.476588248474154e-6
546.0 9.464697493154159e-6
547.0 9.449369193812092e-6
548.0 9.430869689345228e-6
549.0 9.40949529538859e-6
550.0 9.385569014860826e-6
551.0 9.359436797361682e-6
552.0 9.33146338350985e-6
553.0 9.302027777120664e-6
554.0 9.271518394912034e-6
555.0 9.24032795532716e-6
556.0 9.208848180315032e-6
557.0 9.177464400374364e-6
558.0 9.146550170518693e-6
559.0 9.11646202228306e-6
560.0 9.087534491667302e-6
561.0 9.060075572924537e-6
562.0 9.034362749257615e-6
563.0 9.010639742773176e-6
564.0 8.989114105925299e-6
565.0 8.969955743321404e-6
566.0 8.953296412299206e-6
567.0 8.939230201011624e-6
568.0 8.927814933300432e-6
569.0 8.919074402616897e-6
570.0 8.913001297835585e-6
571.0 8.909560656660718e-6
572.0 8.908693668075346e-6
573.0 8.91032164526939e-6
574.0 8.91435000232101e-6
575.0 8.920672090238588e-6
576.0 8.92917277587385e-6
577.0 8.939731678433905e-6
578.0 8.95222600947603e-6
579.0 8.966532990444445e-6
580.0 8.982531846062331e-6
581.0 9.000105390463351e-6
582.0 9.019141237471508e-6
583.0 9.039532674063617e-6
584.0 9.061179242102504e-6
585.0 9.083987073033663e-6
586.0 9.107869020177775e-6
587.0 9.132744629020773e-6
588.0 9.158539982919248e-6
589.0 9.185187455179071e-6
590.0 9.212625395643129e-6
591.0 9.240797773671178e-6
592.0 9.269653795799035e-6
593.0 9.299147512371296e-6
594.0 9.329237424427666e-6
595.0 9.359886098688576e-6
596.0 9.391059796830734e-6
597.0 9.422728123044953e-6
598.0 9.454863692113622e-6
599.0 9.48744181977387e-6
600.0 9.52044023548224e-6
601.0 9.553838817713272e-6
602.0 9.58761935063368e-6
603.0 9.62176530181493e-6
604.0 9.656261618943293e-6
605.0 9.691094545082915e-6
606.0 9.72625145027454e-6
607.0 9.761720678688125e-6
608.0 9.79749140946313e-6
609.0 9.83355353032491e-6
610.0 9.8698975223223e-6
611.0 9.90651435502666e-6
612.0 9.9433953903306e-6
613.0 9.980532294866024e-6
614.0 1.001791695898517e-5
615.0 1.0055541422491748e-5
616.0 1.0093397805663654e-5
617.0 1.0131478245136308e-5
618.0 1.0169774834229476e-5
619.0 1.0208279566742111e-5
620.0 1.0246984283986073e-5
621.0 1.0285880624772384e-5
622.0 1.0324959977454943e-5
623.0 1.0364213434402784e-5
624.0 1.040363174778369e-5
625.0 1.0443205287239151e-5
626.0 1.0482923998375248e-5
627.0 1.0522777362864184e-5
628.0 1.0562754358799154e-5
629.0 1.0602843422386957e-5
630.0 1.0643032409930398e-5
631.0 1.0683308560480781e-5
632.0 1.0723658459119846e-5
633.0 1.076406800046474e-5
634.0 1.0804522352898883e-5
635.0 1.0845005923108136e-5
636.0 1.0885502321143363e-5
637.0 1.0925994326040144e-5
638.0 1.0966463852000995e-5
639.0 1.1006891915438301e-5
640.0 1.1047258602626363e-5
641.0 1.108754303845276e-5
642.0 1.1127723356181926e-5
643.0 1.116777666859627e-5
644.0 1.1207679040565242e-5
645.0 1.124740546336008e-5
646.0 1.1286929830751161e-5
647.0 1.1326224917674176e-5
648.0 1.136526236101175e-5
649.0 1.1404012643501932e-5
650.0 1.1442445080605955e-5
651.0 1.1480527810967152e-5
652.0 1.1518227790728407e-5
653.0000000000001 1.1555510792226743e-5
654.0 1.159234140721734e-5
655.0 1.1628683055288808e-5
656.0 1.1664497997966185e-5
657.0 1.1699747358589122e-5
658.0 1.1734391148851425e-5
659.0 1.1768388302259799e-5
659.9999999999999 1.1801696714919026e-5
661.0 1.1834273294139268e-5
662.0 1.1866074015503044e-5
663.0 1.1897053988471035e-5
664.0000000000001 1.1927167531278988e-5
665.0 1.1956368255184224e-5
666.0 1.1984609158665244e-5
667.0 1.2011842731604983e-5
668.0 1.2038021069919388e-5
669.0 1.2063096000615915e-5
670.0 1.2087019217543016e-5
670.9999999999999 1.2109742427614484e-5
672.0 1.2131217507647067e-5
673.0 1.2151396671517977e-5
674.0 1.2170232647460665e-5
675.0000000000001 1.2187678864839359e-5
676.0 1.2203689650308166e-5
677.0 1.2218220432349248e-5
678.0 1.2231227953623661e-5
679.0 1.2242670490206412e-5
680.0 1.2252508076637891e-5
681.0 1.2260702735850935e-5
681.9999999999999 1.2267218712409635e-5
683.0 1.227202270799095e-5
684.0 1.2275084117614467e-5
685.0 1.2276375264853208e-5
686.0000000000001 1.2275871634722261e-5
687.0 1.2273552102387395e-5
688.0 1.2269399156091652e-5
688.9999999999999 1.2263399112511406e-5
690.0 1.2255542322956803e-5
691.0 1.2245823368658836e-5
692.0 1.2234241243651983e-5
692.9999999999999 1.222079952362159e-5
694.0 1.220550651934225e-5
695.0 1.2188375413604242e-5
696.0 1.216942438012157e-5
697.0000000000001 1.2148676683846255e-5
698.0 1.2126160761691401e-5
699.0 1.210191028303692e-5
699.9999999999999 1.2075964189720316e-5
701.0 1.2048366715130685e-5
702.0 1.2019167382556354e-5
703.0 1.1988420982489313e-5
703.9999999999999 1.1956187529504112e-5
705.0 1.1922532198915497e-5
706.0 1.1887525243407387e-5
707.0 1.1851241890313036e-5
708.0000000000001 1.1813762219708654e-5
709.0 1.177517102391589e-5
710.0 1.1735557648196546e-5
710.9999999999999 1.1695015812891216e-5
712.0 1.1653643416843735e-5
713.0 1.1611542321167767e-5
714.0 1.1568818112826802e-5
715.0000000000001 1.152557984653103e-5
716.0 1.1481939763552608e-5
717.0 1.1438012984983119e-5
718.0 1.139391717737695e-5
719.0000000000001 1.134977218803694e-5
720.0 1.1305699646726684e-5
721.0 1.1261822530884106e-5
721.9999999999999 1.1218264691420639e-5
723.0 1.1175150336308054e-5
724.0 1.1132603469451677e-5
725.0 1.1090747283672822e-5
726.0000000000001 1.1049703507491656e-5
727.0 1.1009591706123952e-5
728.0 1.0970528539930265e-5
729.0 1.0932626984578037e-5
730.0 1.0895995519880493e-5
731.0 1.0860737296363815e-5
732.0 1.082694929100476e-5
732.9999999999999 1.0794721466044952e-5
734.0 1.0764135946547697e-5
735.0 1.0735266234138471e-5
736.0 1.070817647588246e-5
737.0000000000001 1.0682920806344343e-5
738.0 1.0659542782329439e-5
739.0 1.0638074926845263e-5
740.0 1.0618538397698766e-5
741.0 1.0600942792912486e-5
742.0 1.0585286100940608e-5
743.0 1.0571554800781997e-5
743.9999999999999 1.0559724110933454e-5
745.0 1.0549758383021713e-5
746.0 1.054161163073139e-5
747.0 1.0535228181105314e-5
748.0000000000001 1.0530543432064552e-5
749.0 1.0527484697225835e-5
750.0 1.0525972117917534e-5
751.0 1.0525919621253068e-5
752.0 1.0527235903609751e-5
753.0 1.0529825419603548e-5
754.0 1.053358935840821e-5
754.9999999999999 1.0538426591390689e-5
756.0 1.0544234577421318e-5
757.0 1.055091021489684e-5
758.0 1.0558350632233095e-5
759.0000000000001 1.056645391096431e-5
760.0 1.0575119738184513e-5
761.0 1.058424998698292e-5
762.0 1.059374922542044e-5
763.0 1.0603525156035344e-5
764.0 1.0613488989017658e-5
765.0 1.0623555753058966e-5
765.9999999999999 1.0633644548409977e-5
767.0 1.0643678747074763e-5
768.0 1.0653586145176988e-5
769.0 1.0663299072430755e-5
770.0000000000001 1.0672754463680335e-5
771.0 1.0681893896940274e-5
772.0 1.0690663602395519e-5
773.0 1.0699014446140531e-5
774.0 1.0706901892332729e-5
775.0 1.0714285946924817e-5
776.0 1.0721131085815994e-5
776.9999999999999 1.0727406169895425e-5
778.0 1.0733084349255967e-5
779.0 1.073814295840739e-5
780.0 1.0742563404129221e-5
781.0000000000001 1.0746331047443739e-5
782.0 1.0749435080799652e-5
783.0 1.0751868401675834e-5
784.0 1.0753627483306019e-5
785.0 1.0754712243401697e-5
786.0 1.0755125911423587e-5
787.0 1.0754874894989064e-5
787.9999999999999 1.0753968645863349e-5
789.0 1.0752419525878561e-5
790.0 1.0750242673093707e-5
791.0 1.0747455868526022e-5
792.0000000000001 1.0744079403495502e-5
793.0 1.0740135947953316e-5
794.0 1.073565041969172e-5
795.0 1.0730649854621826e-5
796.0 1.0725163278180801e-5
797.0 1.0719221577768927e-5
798.0 1.0712857376170658e-5
798.9999999999999 1.0706104906124564e-5
800.0 1.069899988558116e-5
801.0 1.0691579393818833e-5
802.0 1.0683881748162463e-5
803.0000000000001 1.0675946381189454e-5
804.0 1.0667813718207912e-5
805.0 1.0659525054813877e-5
806.0 1.0651122434465947e-5
807.0 1.0642648525834525e-5
808.0 1.0634146499679695e-5
809.0 1.062565990526452e-5
809.9999999999999 1.0617232546225184e-5
811.0 1.0608908355553736e-5
812.0 1.0600731270030986e-5
813.0 1.0592745103882014e-5
814.0000000000001 1.0584993421844578e-5
815.0 1.0577519411753588e-5
816.0 1.0570365756957201e-5
816.9999999999999 1.0563574508752092e-5
818.0 1.0557186959292595e-5
819.0 1.0551243515437874e-5
820.0 1.0545783574008668e-5
820.9999999999999 1.0540845399201518e-5
822.0 1.0536466002670551e-5
823.0 1.0532681027216357e-5
824.0 1.0529524634636085e-5
825.0000000000001 1.0527029398908712e-5
826.0 1.0525226205188597e-5
827.0 1.05241441558173e-5
827.9999999999999 1.0523810483919523e-5
829.0 1.0524250475591836e-5
830.0 1.052548740136522e-5
831.0 1.0527542457700028e-5
832.0000000000001 1.0530434719034478e-5
833.0 1.0534181100919537e-5
834.0 1.0538796334739762e-5
835.0 1.0544292953997448e-5
836.0000000000001 1.055068129269909e-5
837.0 1.0557969495232608e-5
838.0 1.0566163538192549e-5
838.9999999999999 1.0575267263239761e-5
840.0 1.058528242096805e-5
841.0 1.0596208724875625e-5
842.0 1.0608043914938466e-5
843.0000000000001 1.0620783829764654e-5
844.0 1.0634422486612962e-5
845.0 1.0648952168025332e-5
846.0 1.0664363514435204e-5
847.0000000000001 1.0680645621282028e-5
848.0 1.0697786139739755e-5
849.0 1.0715771380138104e-5
849.9999999999999 1.0734586416723802e-5
851.0 1.0754215193005321e-5
852.0 1.0774640626748942e-5
853.0 1.0795844713488743e-5
854.0000000000001 1.0817808628099906e-5
855.0 1.0840512823499023e-5
856.0 1.086393712589756e-5
857.0 1.08880608260984e-5
858.0 1.091286276634083e-5
859.0 1.0938321422456206e-5
860.0 1.0964414980840585e-5
860.9999999999999 1.0991121410282112e-5
862.0 1.1018418528462262e-5
863.0 1.104628406294563e-5
864.0 1.1074695706866493e-5
865.0000000000001 1.110363116928604e-5
866.0 1.1133068220400517e-5
867.0 1.1162984731650139e-5
868.0 1.1193358711022768e-5
869.0 1.1224168333799153e-5
870.0 1.1255391968800001e-5
871.0 1.1287008200774963e-5
871.9999999999999 1.1318995848616093e-5
873.0 1.1351333980361045e-5
874.0 1.1384001924633507e-5
875.0 1.141697927926107e-5
876.0000000000001 1.1450245917058857e-5
877.0 1.1483781989248752e-5
878.0 1.151756792650979e-5
879.0 1.1551584438252967e-5
880.0 1.1585812509986423e-5
881.0 1.1620233399297589e-5
882.0 1.1654828630424255e-5
882.9999999999999 1.1689579987792291e-5
884.0 1.1724469508636235e-5
885.0 1.1759479474738125e-5
886.0 1.1794592403702185e-5
887.0000000000001 1.1829791039678562e-5
888.0 1.1865058343702986e-5
889.0 1.190037748395807e-5
890.0 1.1935731825761182e-5
891.0 1.1971104921666573e-5
892.0 1.2006480501526256e-5
893.0 1.2041842462785025e-5
893.9999999999999 1.2077174860896824e-5
895.0 1.2112461900097344e-5
896.0 1.2147687924429016e-5
897.0 1.2182837409193657e-5
898.0000000000001 1.2217894952847797e-5
899.0 1.2252845269200873e-5
900.0 1.2287673180307853e-5
901.0 1.2322363609684383e-5
902.0 1.2356901576114903e-5
903.0 1.2391272188050111e-5
904.0 1.2425460638457461e-5
904.9999999999999 1.2459452200403046e-5
906.0 1.2493232223008845e-5
907.0 1.2526786128204529e-5
908.0 1.2560099407881054e-5
909.0000000000001 1.2593157621773933e-5
910.0 1.2625946395821366e-5
911.0 1.2658451421262938e-5
912.0 1.2690658454095055e-5
913.0 1.27225533153892e-5
914.0 1.2754121891908608e-5
915.0 1.2785350137472624e-5
915.9999999999999 1.2816224074799582e-5
917.0 1.2846729797883633e-5
918.0 1.287685347499492e-5
919.0 1.290658135208153e-5
920.0000000000001 1.2935899756750168e-5
921.0 1.2964795102708692e-5
922.0 1.2993253894752035e-5
923.0 1.3021262734135466e-5
924.0 1.3048808324406829e-5
925.0 1.3075877477688135e-5
926.0 1.3102457121389133e-5
926.9999999999999 1.3128534305231205e-5
928.0 1.3154096208721804e-5
929.0 1.3179130148935486e-5
930.0 1.3203623588657839e-5
931.0000000000001 1.322756414472592e-5
932.0 1.3250939596825434e-5
933.0 1.327373789638551e-5
934.0 1.3295947175753558e-5
935.0 1.3317555757648269e-5
936.0 1.3338552164645172e-5
937.0 1.335892512896456e-5
937.9999999999999 1.337866360230507e-5
939.0 1.3397756765726858e-5
940.0 1.341619403973744e-5
941.0 1.3433965094291794e-5
942.0000000000001 1.3451059858887216e-5
943.0 1.3467468532561032e-5
944.0 1.348318159393259e-5
944.9999999999999 1.3498189811076752e-5
946.0 1.3512484251354236e-5
947.0 1.3526056291085392e-5
948.0 1.3538897625042465e-5
948.9999999999999 1.3551000275766002e-5
950.0 1.3562356602654315e-5
951.0 1.3572959310814525e-5
952.0 1.3582801459571235e-5
953.0000000000001 1.3591876470761648e-5
954.0 1.3600178136620792e-5
955.0 1.3607700627340118e-5
955.9999999999999 1.3614438498251668e-5
957.0 1.3620386696559481e-5
958.0 1.3625540567679258e-5
959.0 1.3629895861159259e-5
959.9999999999999 1.3633448735995129e-5
961.0 1.3636195765612994e-5
962.0 1.3638133942230109e-5
963.0 1.3639260680757482e-5
964.0000000000001 1.3639573822096699e-5
965.0 1.3639071635940855e-5
966.0 1.3637752822986058e-5
966.9999999999999 1.3635616516555329e-5
968.0 1.3632662283648876e-5
969.0 1.3628890125419804e-5
970.0 1.362430047702852e-5
971.0000000000001 1.3618894206912027e-5
972.0 1.3612672615457132e-5
973.0 1.36056374330879e-5
974.0 1.359779081771353e-5
975.0000000000001 1.358913535163819e-5
976.0 1.3579674037860725e-5
977.0 1.3569410295794137e-5
977.9999999999999 1.3558347956438402e-5
979.0 1.3546491256967611e-5
980.0 1.3533844834822304e-5
981.0 1.3520413721211411e-5
982.0000000000001 1.3506203334144707e-5
983.0 1.349121947097233e-5
984.0 1.3475468300415153e-5
985.0 1.3458956354172179e-5
986.0 1.344169051806514e-5
987.0 1.3423678022795559e-5
988.0 1.3404926434280222e-5
988.9999999999999 1.3385443643642352e-5
990.0 1.3365237856846396e-5
991.0 1.3344317584018116e-5
992.0 1.332269162848462e-5
993.0000000000001 1.3300369075505499e-5
994.0 1.3277359280849156e-5
995.0 1.3253671859025018e-5
996.0 1.3229316671463603e-5
997.0 1.3204303814443404e-5
998.0 1.3178643606927268e-5
999.0 1.3152346578273212e-5
999.9999999999999 1.312542345586898e-5
1001.0 1.3097885152719472e-5
1002.0 1.3069742754998853e-5
1003.0 1.304100750958166e-5
1004.0000000000001 1.3011690811600026e-5
1005.0 1.2981804192093146e-5
1006.0 1.2951359305628321e-5
1007.0 1.292036791808916e-5
1008.0 1.2888841894570913e-5
1009.0 1.2856793187318578e-5
1010.0 1.2824233823927415e-5
1010.9999999999999 1.2791175895662984e-5
1012.0 1.275763154592372e-5
1013.0 1.2723612958993404e-5
1014.0 1.268913234895742e-5
1015.0000000000001 1.2654201948866288e-5
1016.0 1.2618834000114104e-5
1017.0 1.2583040742135724e-5
1018.0 1.2546834402333546e-5
1019.0 1.2510227186313404e-5
1020.0 1.2473231268333727e-5
1021.0 1.243585878220431e-5
1021.9999999999999 1.2398121812285907e-5
1023.0 1.2360032385041269e-5
1024.0 1.232160246067347e-5
1025.0 1.2282843925215384e-5
1026.0 1.2243768582972102e-5
1027.0 1.2204388149147047e-5
1028.0 1.2164714242974092e-5
1029.0 1.2124758380990462e-5
1030.0 1.2084531970870388e-5
1031.0 1.204404630532909e-5
1032.0 1.2003312556565168e-5
1033.0 1.1962341770894207e-5
1034.0 1.1921144863783268e-5
1035.0 1.1879732615163871e-5
1036.0 1.183811566507885e-5
1037.0 1.1796304509606629e-5
1038.0 1.1754309497129607e-5
1039.0 1.1712140824888227e-5
1040.0 1.1669808535796511e-5
1041.0 1.162732251560265e-5
1042.0 1.1584692490267834e-5
1043.0 1.1541928023672801e-5
1044.0 1.149903851554487e-5
1045.0 1.1456033199659281e-5
1046.0 1.141292114229834e-5
1047.0 1.136971124093155e-5
1048.0 1.1326412223164604e-5
1049.0 1.1283032645865429e-5
1050.0 1.1239580894556253e-5
1051.0 1.1196065182980923e-5
1052.0 1.1152493552877505e-5
1053.0 1.1108873873948763e-5
1054.0 1.1065213843999986e-5
1055.0 1.102152098935569e-5
1056.0 1.0977802665180158e-5
1057.0 1.09340660563212e-5
1058.0 1.0890318177990773e-5
1059.0 1.084656587674727e-5
1060.0 1.0802815831607038e-5
1061.0 1.0759074555160854e-5
1062.0 1.0715348395065145e-5
1063.0 1.0671643535264025e-5
1064.0 1.0627965997751288e-5
1065.0 1.0584321644053072e-5
1066.0 1.0540716177030697e-5
1067.0 1.0497155142693625e-5
1068.0 1.0453643932077248e-5
1069.0 1.0410187783207697e-5
1070.0 1.0366791783146227e-5
1071.0 1.0323460870050257e-5
1072.0 1.0280199835345423e-5
1073.0 1.0237013325892522e-5
1074.0 1.0193905846251757e-5
1075.0 1.0150881760866492e-5
1076.0 1.0107945296516909e-5
1077.0 1.0065100544457936e-5
1078.0 1.0022351462949381e-5
1079.0 9.979701879511677e-6
1080.0 9.937155493353702e-6
1081.0 9.894715877789867e-6
1082.0 9.852386482572784e-6
1083.0 9.810170636435628e-6
1084.0 9.768071549331208e-6
1085.0 9.726092314992654e-6
1086.0 9.68423591324863e-6
1087.0 9.642505212454356e-6
1088.0 9.600902971863813e-6
1089.0 9.559431843997054e-6
1090.0 9.518094377011576e-6
1091.0 9.476893017031764e-6
1092.0 9.435830110484434e-6
1093.0 9.394907906367759e-6
1094.0 9.354128558562e-6
1095.0 9.31349412807059e-6
1096.0 9.273006585223187e-6
1097.0 9.232667811925046e-6
1098.0 9.192479603783013e-6
1099.0 9.152443672293862e-6
1100.0 9.112561646907344e-6
1101.0 9.07283507715497e-6
1102.0 9.03326543468912e-6
1103.0 8.993854115276959e-6
1104.0 8.954602440825495e-6
1105.0 8.915511661323313e-6
1106.0 8.876582956722e-6
1107.0 8.837817438913544e-6
1108.0 8.799216153501055e-6
1109.0 8.760780081620355e-6
1110.0 8.722510141804105e-6
1111.0 8.68440719163066e-6
1112.0 8.64647202951758e-6
1113.0 8.608705396337536e-6
1114.0 8.571107977156987e-6
1115.0 8.533680402722426e-6
1116.0 8.496423251157283e-6
1117.0 8.459337049468283e-6
1118.0 8.422422275023218e-6
1119.0 8.385679357049713e-6
1120.0 8.349108678127098e-6
1121.0 8.312710575524647e-6
1122.0 8.27648534263967e-6
1123.0 8.240433230336758e-6
1124.0 8.204554448240332e-6
1125.0 8.16884916603618e-6
1126.0 8.13331751475288e-6
1127.0 8.09795958796521e-6
1128.0 8.06277544297792e-6
1129.0 8.027765102025275e-6
1130.0 7.992928553408601e-6
1131.0 7.958265752564324e-6
1132.0 7.923776623206415e-6
1133.0 7.889461058354076e-6
1134.0 7.8553189213488e-6
1135.0 7.821350046902646e-6
1136.0 7.787554242038051e-6
1137.0 7.753931287027277e-6
1138.0 7.720480936383965e-6
1139.0 7.68720291971898e-6
1140.0 7.654096942603554e-6
1141.0 7.621162687495452e-6
1142.0 7.588399814515478e-6
1143.0 7.555807962279762e-6
1144.0 7.523386748702778e-6
1145.0 7.491135771732939e-6
1146.0 7.459054610142994e-6
1147.0 7.427142824232038e-6
1148.0 7.3953999565590305e-6
1149.0 7.363825532593218e-6
1150.0 7.3324190614291195e-6
1151.0 7.301180036397744e-6
1152.0 7.270107935754824e-6
1153.0 7.23920222323447e-6
1154.0 7.208462348709032e-6
1155.0 7.177887748714561e-6
1156.0 7.147477847063537e-6
1157.0 7.117232055370606e-6
1158.0 7.0871497736198624e-6
1159.0 7.057230390626016e-6
1160.0 7.027473284592349e-6
1161.0 6.997877823585725e-6
1162.0 6.968443366015493e-6
1163.0 6.939169261074142e-6
1164.0 6.910054849224286e-6
1165.0 6.881099462598614e-6
1166.0 6.8523024254560834e-6
1167.0 6.823663054573416e-6
1168.0 6.795180659647367e-6
1169.0 6.7668545436797765e-6
1170.0 6.738684003367589e-6
1171.0 6.710668329454672e-6
1172.0 6.682806807088705e-6
1173.0 6.655098716162557e-6
1174.0 6.627543331654082e-6
1175.0 6.600139923949148e-6
1176.0 6.572887759127644e-6
1177.0 6.545786099323074e-6
1178.0 6.5188342029680735e-6
1179.0 6.492031325085631e-6
1180.0 6.465376717580717e-6
1181.0 6.4388696295228024e-6
1182.0 6.412509307349981e-6
1183.0 6.386294995187178e-6
1184.0 6.360225935033652e-6
1185.0 6.334301367039993e-6
1186.0 6.308520529695408e-6
1187.0 6.282882660098676e-6
1188.0 6.257386994129111e-6
1189.0 6.232032766672533e-6
1190.0 6.206819211814166e-6
1191.0 6.18174556303605e-6
1192.0 6.156811053401794e-6
1193.0 6.132014915747379e-6
1194.0 6.1073563828316785e-6
1195.0 6.082834687529207e-6
1196.0 6.058449062991623e-6
1197.0 6.034198742771081e-6
1198.0 6.010082961040577e-6
1199.0 5.986100952649377e-6
1200.0 5.96225195335486e-6
1201.0 5.938535199897673e-6
1202.0 5.914949930152903e-6
1203.0 5.891495383267181e-6
1204.0 5.868170799770151e-6
1205.0 5.844975421687868e-6
1206.0 5.821908492666381e-6
1207.0 5.79896925806762e-6
1208.0 5.776156965096948e-6
1209.0 5.7534708628912875e-6
1210.0 5.7309102025919515e-6
1211.0 5.7084742374915824e-6
1212.0 5.686162223081261e-6
1213.0 5.663973417143342e-6
1214.0 5.641907079856568e-6
1215.0 5.619962473846495e-6
1216.0 5.598138864272797e-6
1217.0 5.5764355189204055e-6
1218.0 5.554851708232514e-6
1219.0 5.533386705403899e-6
1220.0 5.5120397864417015e-6
1221.0 5.490810230228801e-6
1222.0 5.469697318558301e-6
1223.0 5.448700336221344e-6
1224.0 5.4278185710444325e-6
1225.0 5.40705131393303e-6
1226.0 5.386397858933168e-6
1227.0 5.3658575032691255e-6
1228.0 5.345429547396322e-6
1229.0 5.325113295021263e-6
1230.0 5.304908053165987e-6
1231.0 5.2848131321931095e-6
1232.0 5.264827845830253e-6
1233.0 5.244951511217411e-6
1234.0 5.225183448936714e-6
1235.0 5.205522983041831e-6
1236.0 5.185969441071119e-6
1237.0 5.166522154085643e-6
1238.0 5.1471804566969614e-6
1239.0 5.127943687071272e-6
1240.0 5.1088111869828935e-6
1241.0 5.089782301781962e-6
1242.0 5.0708563804635335e-6
1243.0 5.0520327756487096e-6
1244.0 5.033310843621393e-6
1245.0 5.01468994433204e-6
1246.0 4.9961694413919434e-6
1247.0 4.977748702132799e-6
1248.0 4.959427097550913e-6
1249.0 4.941204002375693e-6
1250.0 4.923078795034728e-6
1251.0 4.905050857678724e-6
1252.0 4.887119576188258e-6
1253.0 4.869284340166337e-6
1254.0 4.851544542945554e-6
1255.0 4.8338995815973264e-6
1256.0 4.816348856925716e-6
1257.0 4.798891773462456e-6
1258.0 4.78152773947779e-6
1259.0 4.764256166976937e-6
1260.0 4.747076471683115e-6
1261.0 4.729988073049486e-6
1262.0 4.712990394251431e-6
1263.0 4.6960828621871686e-6
1264.0 4.679264907454216e-6
1265.0 4.662535964357758e-6
1266.0 4.6458954709088305e-6
1267.0 4.6293428687980185e-6
1268.0 4.61287760340424e-6
1269.0 4.596499123779739e-6
1270.0 4.5802068826409015e-6
1271.0 4.564000336358749e-6
1272.0 4.54787894494397e-6
1273.0 4.531842172054028e-6
1274.0 4.515889484953699e-6
1275.0 4.500020354525104e-6
1276.0 4.484234255248868e-6
1277.0 4.468530665198278e-6
1278.0 4.45290906600543e-6
1279.0 4.437368942879434e-6
1280.0 4.42190978455349e-6
1281.0 4.4065310833164476e-6
1282.0 4.391232334958541e-6
1283.0 4.3760130387845534e-6
1284.0 4.360872697571605e-6
1285.0 4.345810817590792e-6
1286.0 4.330826908554841e-6
1287.0 4.315920483618614e-6
1288.0 4.301091059370942e-6
1289.0 4.2863381558023295e-6
1290.0 4.27166129630095e-6
1291.0 4.257060007624893e-6
1292.0 4.242533819891586e-6
1293.0 4.228082266565825e-6
1294.0 4.213704884435278e-6
1295.0 4.199401213584121e-6
1296.0 4.185170797407568e-6
1297.0 4.1710131825463745e-6
1298.0 4.1569279189153815e-6
1299.0 4.142914559653766e-6
1300.0 4.12897266112099e-6
1301.0 4.1151017828772615e-6
1302.0 4.101301487661092e-6
1303.0 4.087571341372374e-6
1304.0 4.073910913058815e-6
1305.0 4.060319774889947e-6
1306.0000000000002 4.046797502143366e-6
1307.0 4.033343673181659e-6
1308.0 4.019957869433862e-6
1308.9999999999998 4.0066396753888685e-6
1310.0 3.993388678556438e-6
1311.0 3.980204469464873e-6
1312.0 3.967086641630078e-6
1313.0 3.954034791541526e-6
1314.0 3.941048518649712e-6
1315.0 3.928127425339456e-6
1316.0 3.91527111690679e-6
1317.0000000000002 3.902479201548839e-6
1318.0 3.88975129034205e-6
1319.0 3.877086997226303e-6
1319.9999999999998 3.864485938975193e-6
1321.0 3.851947735185142e-6
1322.0 3.8394720082608425e-6
1323.0 3.8270583833803835e-6
1324.0 3.814706488496764e-6
1325.0 3.8024159543049703e-6
1326.0 3.790186414218255e-6
1327.0 3.77801750437528e-6
1328.0000000000002 3.7659088635917316e-6
1329.0 3.753860133350144e-6
1330.0 3.7418709577976134e-6
1330.9999999999998 3.7299409837062118e-6
1332.0 3.7180698604581834e-6
1333.0 3.706257240040679e-6
1334.0 3.694502777010989e-6
1335.0 3.6828061284900656e-6
1336.0 3.671166954140213e-6
1337.0 3.6595849161381418e-6
1338.0 3.6480596791696173e-6
1339.0000000000002 3.6365909104095365e-6
1340.0 3.625178279490773e-6
1341.0 3.6138214585050025e-6
1341.9999999999998 3.602520121976019e-6
1343.0 3.5912739468274334e-6
1344.0 3.5800826123967226e-6
1345.0 3.5689458003902683e-6
1346.0 3.5578631948701637e-6
1347.0 3.54683448225423e-6
1348.0 3.535859351276269e-6
1349.0 3.5249374929803843e-6
1350.0000000000002 3.514068600704818e-6
1351.0 3.5032523700547944e-6
1352.0 3.4924884988992606e-6
1352.9999999999998 3.481776687343597e-6
1354.0 3.4711166377138347e-6
1355.0 3.4605080545436663e-6
1356.0 3.449950644555353e-6
1357.0 3.4394441166463403e-6
1358.0 3.4289881818656697e-6
1359.0 3.418582553402811e-6
1360.0 3.4082269465714927e-6
1361.0000000000002 3.3979210787923935e-6
1362.0 3.387664669575963e-6
1363.0 3.37745744050622e-6
1363.9999999999998 3.367299115224385e-6
1365.0 3.357189419420144e-6
1366.0 3.347128080806564e-6
1366.9999999999998 3.337114829102956e-6
1368.0 3.327149396032989e-6
1369.0 3.3172315152936602e-6
1370.0 3.3073609225513242e-6
1371.0 3.29753735542153e-6
1372.0000000000002 3.287760553449966e-6
1373.0 3.27803025810398e-6
1374.0 3.268346212758718e-6
1374.9999999999998 3.2587081626740777e-6
1376.0 3.2491158549829073e-6
1377.0 3.239569038683957e-6
1377.9999999999998 3.230067464620189e-6
1379.0 3.220610885461337e-6
1380.0 3.2111990556968637e-6
1381.0 3.2018317316172816e-6
1382.0 3.192508671306658e-6
1383.0000000000002 3.183229634613426e-6
1384.0 3.1739943831564284e-6
1385.0 3.1648026802891437e-6
1385.9999999999998 3.1556542911097674e-6
1387.0 3.1465489824301685e-6
1388.0 3.137486522762242e-6
1388.9999999999998 3.128466682320199e-6
1390.0 3.1194892329876585e-6
1391.0 3.1105539483217723e-6
1392.0 3.101660603520744e-6
1393.0 3.0928089754336185e-6
1394.0000000000002 3.0839988425302908e-6
1395.0 3.0752299848885153e-6
1396.0 3.0665021841973647e-6
1396.9999999999998 3.057815223726325e-6
1398.0 3.0491688883205255e-6
1399.0 3.040562964392074e-6
1399.9999999999998 3.03199723989795e-6
1401.0 3.023471504335374e-6
1402.0 3.014985548730396e-6
1403.0 3.006539165617512e-6
1404.0 2.998132149036398e-6
1405.0000000000002 2.989764294514606e-6
1406.0 2.9814353990615278e-6
1407.0 2.973145261147255e-6
1407.9999999999998 2.964893680699899e-6
1409.0 2.956680459091849e-6
1410.0 2.948505399122774e-6
1410.9999999999998 2.9403683050172553e-6
1412.0 2.9322689824047117e-6
1413.0 2.9242072383166015e-6
1414.0 2.9161828811678813e-6
1415.0 2.9081957207509524e-6
1416.0000000000002 2.900245568223327e-6
1417.0 2.8923322360929533e-6
1418.0 2.8844555382163758e-6
1419.0000000000002 2.876615289777118e-6
1420.0 2.868811307286929e-6
1421.0 2.861043408564392e-6
1421.9999999999998 2.8533114127311416e-6
1423.0 2.84561514019967e-6
1424.0 2.8379544126609313e-6
1425.0 2.8303290530800396e-6
1426.0 2.8227388856780228e-6
1427.0000000000002 2.815183735931686e-6
1428.0 2.807663430554488e-6
1429.0 2.8001777974915236e-6
1430.0000000000002 2.7927266659105062e-6
1431.0 2.7853098661861684e-6
1432.0 2.777927229900317e-6
1432.9999999999998 2.7705785898219095e-6
1434.0 2.76326377990873e-6
1435.0 2.7559826352865184e-6
1436.0 2.7487349922484758e-6
1437.0 2.7415206882417716e-6
1438.0000000000002 2.7343395618583523e-6
1439.0 2.727191452829953e-6
1440.0 2.7200762020125614e-6
1441.0000000000002 2.712993651386042e-6
1442.0 2.705943644035683e-6
1443.0 2.698926024150488e-6
1443.9999999999998 2.6919406370138375e-6
1445.0 2.684987328990403e-6
1446.0 2.6780659475222984e-6
1447.0 2.671176341117835e-6
1448.0 2.664318359347232e-6
1449.0000000000002 2.657491852827059e-6
1450.0 2.650696673218646e-6
1451.0 2.643932673219146e-6
1452.0000000000002 2.6371997065477986e-6
1453.0 2.630497627945169e-6
1454.0 2.6238262931615874e-6
1454.9999999999998 2.6171855589458813e-6
1456.0 2.6105752830471563e-6
1457.0 2.6039953241992128e-6
1458.0 2.5974455421098866e-6
1459.0 2.5909257974665063e-6
1460.0 2.584435951913636e-6
1461.0 2.5779758680568053e-6
1462.0 2.5715454094454438e-6
1463.0000000000002 2.5651444405737044e-6
1464.0 2.558772826868634e-6
1465.0 2.552430434684447e-6
1465.9999999999998 2.546117131298418e-6
1467.0 2.5398327848951014e-6
1468.0 2.5335772645642877e-6
1469.0 2.527350440300088e-6
1470.0 2.521152182981641e-6
1471.0 2.5149823643759247e-6
1472.0 2.5088408571294155e-6
1473.0 2.502727534756406e-6
1474.0000000000002 2.4966422716346035e-6
1475.0 2.49058494300283e-6
1476.0 2.48455542495025e-6
1476.9999999999998 2.478553594407667e-6
1478.0 2.472579329146148e-6
1479.0 2.4666325077696994e-6
1480.0 2.460713009702854e-6
1481.0 2.4548207151924705e-6
1482.0 2.4489555052978037e-6
1483.0 2.4431172618817336e-6
1484.0 2.4373058676109786e-6
1485.0000000000002 2.431521205945685e-6
1486.0 2.425763161128618e-6
1487.0 2.4200316181914462e-6
1487.9999999999998 2.4143264629379403e-6
1489.0 2.4086475819430202e-6
1490.0 2.4029948625452926e-6
1491.0 2.3973681928411524e-6
1492.0 2.3917674616804793e-6
1493.0 2.3861925586598497e-6
1494.0 2.3806433741167865e-6
1495.0 2.3751197991242626e-6
1496.0000000000002 2.3696217254841133e-6
1497.0 2.3641490457261015e-6
1498.0 2.3587016530942247e-6
1498.9999999999998 2.3532794415505573e-6
1500.0 2.3478823057589386e-6
1501.0 2.342510141094467e-6
1502.0 2.3371628436217097e-6
1503.0 2.3318403101031e-6
1504.0 2.3265424379841305e-6
1505.0 2.3212691253928355e-6
1506.0 2.31602027113507e-6
1507.0000000000002 2.310795774688738e-6
1508.0 2.3055955361965505e-6
1509.0 2.3004194564617192e-6
1509.9999999999998 2.2952674369460713e-6
1511.0 2.290139379764144e-6
1512.0 2.285035187672946e-6
1513.0 2.279954764074567e-6
1514.0 2.274898013008e-6
1515.0 2.269864839142185e-6
1516.0 2.2648551477755782e-6
1517.0 2.2598688448286017e-6
1518.0000000000002 2.2549058368401294e-6
1519.0 2.24996603096206e-6
1520.0 2.2450493349554046e-6
1520.9999999999998 2.2401556571875764e-6
1522.0 2.235284906621893e-6
1523.0 2.2304369928204533e-6
1524.0 2.2256118259333803e-6
1525.0 2.220809316701479e-6
1526.0 2.2160293764434534e-6
1527.0 2.211271917059643e-6
1528.0 2.2065368510180968e-6
1529.0000000000002 2.2018240913645203e-6
1530.0 2.197133551701938e-6
1531.0 2.192465146199639e-6
1531.9999999999998 2.1878187895799134e-6
1533.0 2.183194397118741e-6
1534.0 2.1785918846403747e-6
1535.0 2.174011168515814e-6
1536.0 2.1694521656528817e-6
1537.0 2.1649147934965455e-6
1538.0 2.1603989700251784e-6
1539.0 2.1559046137438233e-6
1540.0000000000002 2.1514316436840367e-6
1541.0 2.146979979397666e-6
1542.0 2.1425495409490013e-6
1542.9999999999998 2.1381402489210206e-6
1544.0 2.1337520244028347e-6
1545.0 2.129384788986595e-6
1546.0 2.1250384647704427e-6
1547.0 2.1207129743455955e-6
1548.0 2.1164082408006355e-6
1549.0 2.1121241877131016e-6
1550.0 2.1078607391475774e-6
1551.0000000000002 2.103617819649608e-6
1552.0 2.099395354248025e-6
1553.0 2.0951932684431134e-6
1553.9999999999998 2.0910114882098187e-6
1555.0 2.086849939990625e-6
1556.0 2.0827085506958853e-6
1557.0 2.0785872476942632e-6
1558.0 2.0744859588132193e-6
1559.0 2.070404612336875e-6
1560.0 2.0663431369980714e-6
1561.0 2.0623014619813197e-6
1562.0000000000002 2.05827951691056e-6
1563.0 2.0542772318555863e-6
1564.0 2.0502945373208998e-6
1564.9999999999998 2.046331364246769e-6
1566.0 2.042387644004757e-6
1567.0 2.0384633083952158e-6
1568.0 2.034558289640273e-6
1569.0 2.030672520387396e-6
1570.0 2.026805933697102e-6
1571.0 2.022958463051108e-6
1572.0 2.019130042338605e-6
1573.0000000000002 2.015320605857699e-6
1574.0 2.0115300883138736e-6
1575.0 2.0077584248127993e-6
1575.9999999999998 2.0040055508622743e-6
1577.0 2.000271402361609e-6
1578.0 1.9965559156076194e-6
1579.0 1.992859027285789e-6
1580.0 1.9891806744655695e-6
1581.0 1.985520794604327e-6
1582.0 1.9818793255379717e-6
1583.0 1.978256205480023e-6
1584.0000000000002 1.974651373020109e-6
1585.0 1.9710647671191295e-6
1586.0 1.967496327104548e-6
1586.9999999999998 1.9639459926743013e-6
1588.0 1.9604137038845118e-6
1589.0 1.9568994011531555e-6
1590.0 1.953403025255202e-6
1591.0 1.9499245173209082e-6
1592.0 1.946463818829037e-6
1593.0 1.943020871608408e-6
1594.0 1.9395956178331773e-6
1595.0000000000002 1.9361880000197124e-6
1596.0 1.932797961022536e-6
1597.0 1.9294254440359312e-6
1597.9999999999998 1.9260703925858197e-6
1599.0 1.9227327505304576e-6
1600.0 1.919412462054304e-6
1601.0 1.9161094716713523e-6
1602.0 1.9128237242136046e-6
1603.0 1.9095551648348898e-6
1604.0 1.9063037390068148e-6
1605.0 1.9030693925149945e-6
1606.0000000000002 1.8998520714549165e-6
1607.0 1.8966517222324508e-6
1608.0 1.8934682915590668e-6
1608.9999999999998 1.890301726448862e-6
1610.0 1.8871519742157295e-6
1611.0 1.8840189824731366e-6
1612.0 1.8809026991280447e-6
1613.0 1.877803072380061e-6
1614.0 1.874720050717304e-6
1615.0 1.8716535829165803e-6
1616.0 1.8686036180368074e-6
1617.0000000000002 1.8655701054180032e-6
1618.0 1.8625529946800217e-6
1619.0 1.8595522357188332e-6
1619.9999999999998 1.8565677787019658e-6
1621.0 1.853599574068605e-6
1622.0 1.8506475725238957e-6
1622.9999999999998 1.8477117250402455e-6
1624.0 1.8447919828513238e-6
1625.0 1.8418882974507597e-6
1626.0 1.8390006205872677e-6
1627.0 1.8361289042673182e-6
1628.0000000000002 1.833273100746211e-6
1629.0 1.8304331625284294e-6
1630.0 1.8276090423662264e-6
1630.9999999999998 1.8248006932531283e-6
1632.0 1.8220080684261149e-6
1633.0 1.8192311213577378e-6
1633.9999999999998 1.8164698057570174e-6
1635.0 1.8137240755663907e-6
1636.0 1.8109938849580755e-6
1637.0 1.8082791883320969e-6
1638.0 1.8055799403121488e-6
1639.0000000000002 1.8028960957458704e-6
1640.0 1.8002276096982095e-6
1641.0 1.7975744374527405e-6
1641.9999999999998 1.7949365345059795e-6
1643.0 1.7923138565667464e-6
1644.0 1.7897063595523816e-6
1644.9999999999998 1.787113999585735e-6
1646.0 1.7845367329941764e-6
1647.0 1.7819745163054946e-6
1648.0 1.7794273062451038e-6
1649.0 1.7768950597344028e-6
1650.0000000000002 1.7743777338881743e-6
1651.0 1.7718752860098868e-6
1652.0 1.7693876735910026e-6
1652.9999999999998 1.7669148543084478e-6
1654.0 1.7644567860214237e-6
1655.0 1.7620134267676929e-6
1655.9999999999998 1.7595847347623129e-6
1657.0 1.7571706683938025e-6
1658.0 1.7547711862238246e-6
1659.0 1.7523862469809188e-6
1660.0 1.7500158095617826e-6
1661.0000000000002 1.7476598330244522e-6
1662.0 1.7453182765897402e-6
1663.0 1.742991099634808e-6
1664.0000000000002 1.7406782616948825e-6
1665.0 1.7383797224550628e-6
1666.0 1.7360954417532455e-6
1666.9999999999998 1.7338253795731782e-6
1668.0 1.731569496043898e-6
1669.0 1.7293277514371729e-6
1670.0 1.7271001061636704e-6
1671.0 1.724886520772321e-6
1672.0000000000002 1.7226869559439835e-6
1673.0 1.7205013724932703e-6
1674.0 1.7183297313633599e-6
1675.0000000000002 1.7161719936221854e-6
1676.0 1.7140281204638443e-6
1677.0 1.7118980732022943e-6
1677.9999999999998 1.7097818132690557e-6
1679.0 1.7076793022128298e-6
1680.0 1.7055905016952656e-6
1681.0 1.7035153734879524e-6
1682.0 1.7014538794704525e-6
1683.0000000000002 1.699405981628371e-6
1684.0 1.6973716420488925e-6
1685.0 1.6953508229207731e-6
1686.0000000000002 1.693343486528683e-6
1687.0 1.6913495952533222e-6
1688.0 1.689369111567198e-6
1688.9999999999998 1.6874019980324282e-6
1690.0 1.6854482172990347e-6
1691.0 1.6835077321001845e-6
1692.0 1.6815805052524504e-6
1693.0 1.679666499650735e-6
1694.0000000000002 1.6777656782681192e-6
1695.0 1.6758780041510848e-6
1696.0 1.6740034404178974e-6
1697.0000000000002 1.6721419502560879e-6
1698.0 1.6702934969203255e-6
1699.0 1.6684580437302815e-6
1699.9999999999998 1.6666355540653806e-6
1701.0 1.6648259913660172e-6
1702.0 1.6630293191288485e-6
1703.0 1.6612455009049871e-6
1704.0 1.6594745002973456e-6
1705.0000000000002 1.6577162809582624e-6
1706.0 1.6559708065870505e-6
1707.0 1.6542380409275893e-6
1708.0000000000002 1.652517947766832e-6
1709.0 1.6508104909297894e-6
1710.0 1.6491156342802635e-6
1710.9999999999998 1.6474333417173613e-6
1712.0 1.6457635771713157e-6
1713.0 1.6441063046050459e-6
1714.0 1.6424614880071015e-6
1715.0 1.6408290913940217e-6
1716.0 1.639209078804606e-6
1717.0 1.6376014142987636e-6
1718.0 1.6360060619563855e-6
1719.0000000000002 1.6344229858727258e-6
1720.0 1.632852150159578e-6
1721.0 1.6312935189394198e-6
1721.9999999999998 1.6297470563453394e-6
1723.0 1.6282127265190412e-6
1724.0 1.626690493607335e-6
1725.0 1.6251803217618593e-6
1726.0 1.6236821751347753e-6
1727.0 1.6221960178787566e-6
1728.0 1.6207218141438573e-6
1729.0 1.6192595280763507e-6
1730.0000000000002 1.617809123814469e-6
1731.0 1.6163705654896542e-6
1732.0 1.6149438172224813e-6
1732.9999999999998 1.6135288431209292e-6
1734.0 1.6121256072799313e-6
1735.0 1.6107340737770514e-6
1736.0 1.609354206672936e-6
1737.0 1.607985970008363e-6
1738.0 1.6066293278018914e-6
1739.0 1.6052842440499698e-6
1740.0 1.6039506827231036e-6
1741.0000000000002 1.6026286077662987e-6
1742.0 1.6013179830946554e-6
1743.0 1.6000187725945346e-6
1743.9999999999998 1.598730940120093e-6
1745.0 1.5974544494915779e-6
1746.0 1.5961892644965147e-6
1747.0 1.5949353488831344e-6
1748.0 1.5936926663647866e-6
1749.0 1.5924611806130272e-6
1750.0 1.5912408552605052e-6
1751.0 1.5900316538963827e-6
1752.0000000000002 1.588833540067375e-6
1753.0 1.5876464772744276e-6
1754.0 1.5864704289729586e-6
1754.9999999999998 1.5853053585701758e-6
1756.0 1.5841512294253395e-6
1757.0 1.5830080048476887e-6
1758.0 1.5818756480947233e-6
1759.0 1.5807541223723057e-6
1760.0 1.5796433908329313e-6
1761.0 1.578543416574357e-6
1762.0 1.5774541626393293e-6
1763.0000000000002 1.5763755920135297e-6
1764.0 1.5753076676263825e-6
1765.0 1.5742503523473994e-6
1765.9999999999998 1.5732036089880605e-6
1767.0 1.5721674002993136e-6
1768.0 1.5711416889715717e-6
1769.0 1.570126437632589e-6
1770.0 1.5691216088488445e-6
1771.0 1.5681271651232632e-6
1772.0 1.5671430688945305e-6
1773.0 1.5661692825370658e-6
1774.0000000000002 1.5652057683608026e-6
1775.0 1.5642524886095175e-6
1776.0 1.563309405460529e-6
1776.9999999999998 1.562376481025299e-6
1778.0 1.561453677347828e-6
1779.0 1.56054095640428e-6
1780.0 1.5596382801032673e-6
1781.0 1.5587456102857259e-6
1782.0 1.5578629087227993e-6
1783.0 1.5569901371179049e-6
1784.0 1.556127257104902e-6
1785.0000000000002 1.5552742302490655e-6
1786.0 1.5544310180450632e-6
1787.0 1.5535975819195297e-6
1787.9999999999998 1.552773883228357e-6
1789.0 1.551959883258811e-6
1790.0 1.551155543227584e-6
1791.0 1.5503608242824455e-6
1792.0 1.5495756875016287e-6
1793.0 1.5488000938930441e-6
1794.0 1.5480340043967908e-6
1795.0 1.5472773798825393e-6
1796.0000000000002 1.546530181151373e-6
1797.0 1.545792368936212e-6
1798.0 1.5450639039006682e-6
1798.9999999999998 1.5443447466415267e-6
1800.0 1.5436348576859815e-6
1801.0 1.5429341974959062e-6
1802.0 1.5422427264645845e-6
1803.0 1.541560404919678e-6
1804.0 1.5408871931223678e-6
1805.0 1.5402230512681448e-6
1806.0 1.5395679394883267e-6
1807.0000000000002 1.5389218178485454e-6
1808.0 1.5382846463522636e-6
1809.0 1.537656384938169e-6
1809.9999999999998 1.5370369934830994e-6
1811.0 1.5364264318023362e-6
1812.0 1.535824659649396e-6
1813.0 1.5352316367182197e-6
1814.0 1.5346473226425588e-6
1815.0 1.5340716769978828e-6
1816.0 1.533504659301504e-6
1817.0 1.5329462290134992e-6
1818.0000000000002 1.5323963455387095e-6
1819.0 1.5318549682255306e-6
1820.0 1.5313220563692179e-6
1820.9999999999998 1.5307975692110048e-6
1822.0 1.5302814659404045e-6
1823.0 1.5297737056951855e-6
1824.0 1.5292742475629533e-6
1825.0 1.528783050583011e-6
1826.0 1.5283000737453305e-6
1827.0 1.52782527599414e-6
1828.0 1.5273586162273282e-6
1829.0000000000002 1.5269000532982244e-6
1830.0 1.5264495460169286e-6
1831.0 1.5260070531510318e-6
1831.9999999999998 1.5255725334275721e-6
1833.0 1.5251459455333791e-6
1834.0 1.5247272481175882e-6
1835.0 1.5243163997909486e-6
1836.0 1.523913359129705e-6
1837.0 1.523518084674315e-6
1838.0 1.523130534932728e-6
1839.0 1.522750668380852e-6
1840.0000000000002 1.5223784434637953e-6
1841.0 1.522013818598293e-6
1842.0 1.5216567521721855e-6
1842.9999999999998 1.5213072025482324e-6
1844.0 1.520965128063286e-6
1845.0 1.520630487030906e-6
1846.0 1.5203032377433644e-6
1847.0 1.5199833384712537e-6
1848.0 1.5196707474669723e-6
1849.0 1.5193654229647141e-6
1850.0 1.5190673231830382e-6
1851.0000000000002 1.5187764063253394e-6
1852.0 1.5184926305818524e-6
1853.0 1.5182159541321183e-6
1853.9999999999998 1.5179463351440493e-6
1855.0 1.517683731778645e-6
1856.0 1.5174281021883276e-6
1857.0 1.5171794045215138e-6
1858.0 1.5169375969213049e-6
1859.0 1.5167026375291084e-6
1860.0 1.5164744844855214e-6
1861.0 1.5162530959315745e-6
1862.0000000000002 1.5160384300107254e-6
1863.0 1.5158304448702339e-6
1864.0 1.515629098662796e-6
1864.9999999999998 1.5154343495481926e-6
1866.0 1.5152461556940039e-6
1867.0 1.5150644752792652e-6
1868.0 1.5148892664931923e-6
1869.0 1.5147204875396938e-6
1870.0 1.514558096636058e-6
1871.0 1.514402052017244e-6
1872.0 1.5142523119352855e-6
1873.0000000000002 1.5141088346617452e-6
1874.0 1.513971578490064e-6
1875.0 1.513840501735184e-6
1875.9999999999998 1.5137155627372252e-6
1877.0 1.51359671986111e-6
1878.0 1.5134839314998666e-6
1878.9999999999998 1.513377156074825e-6
1880.0 1.5132763520374022e-6
1881.0 1.5131814778716793e-6
1882.0 1.513092492094372e-6
1883.0 1.5130093532576313e-6
1884.0000000000002 1.5129320199494455e-6
1885.0 1.512860450796328e-6
1886.0 1.5127946044638582e-6
1886.9999999999998 1.512734439658185e-6
1888.0 1.5126799151285858e-6
1889.0 1.5126309896672466e-6
1889.9999999999998 1.5125876221126549e-6
1891.0 1.5125497713491238e-6
1892.0 1.5125173963098166e-6
1893.0 1.5124904559769383e-6
1894.0 1.5124689093840461e-6
1895.0000000000002 1.5124527156171707e-6
1896.0 1.5124418338158665e-6
1897.0 1.5124362231755231e-6
1897.9999999999998 1.5124358429471318e-6
1899.0 1.5124406524408156e-6
1900.0 1.512450611025164e-6
1900.9999999999998 1.5124656781294168e-6
1902.0 1.5124858132456277e-6
1903.0 1.512510975928024e-6
1904.0 1.512541125796417e-6
1905.0 1.5125762225356599e-6
1906.0000000000002 1.5126162258985861e-6
1907.0 1.512661095706107e-6
1908.0 1.5127107918483778e-6
1908.9999999999998 1.5127652742871604e-6
1910.0 1.5128245030560319e-6
1911.0 1.5128884382618854e-6
1911.9999999999998 1.5129570400863334e-6
1913.0 1.5130302687867994e-6
1914.0 1.5131080846970339e-6
1915.0 1.513190448229569e-6
1916.0 1.5132773198758253e-6
1917.0000000000002 1.5133686602071603e-6
1918.0 1.513464429877021e-6
1919.0 1.513564589620846e-6
1919.9999999999998 1.5136691002579217e-6
1921.0 1.5137779226921394e-6
1922.0 1.513891017913044e-6
1922.9999999999998 1.5140083469971505e-6
1924.0 1.51412987110807e-6
1925.0 1.5142555514992495e-6
1926.0 1.5143853495125828e-6
1927.0 1.5145192265819876e-6
1928.0000000000002 1.514657144231932e-6
1929.0 1.5147990640804966e-6
1930.0 1.5149449478385452e-6
1931.0000000000002 1.5150947573114735e-6
1932.0 1.5152484544006022e-6
1933.0 1.5154060011028861e-6
1933.9999999999998 1.5155673595127385e-6
1935.0 1.5157324918223874e-6
1936.0 1.5159013603226916e-6
1937.0 1.516073927404627e-6
1938.0 1.516250155558733e-6
1939.0000000000002 1.516430007377546e-6
1940.0 1.5166134455549722e-6
1941.0 1.5168004328884085e-6
1942.0000000000002 1.5169909322778994e-6
1943.0 1.5171849067283062e-6
1944.0 1.5173823193487912e-6
1944.9999999999998 1.5175831333546351e-6
1946.0 1.5177873120672487e-6
1947.0 1.5179948189148555e-6
1948.0 1.518205617434006e-6
1949.0 1.5184196712682962e-6
1950.0000000000002 1.518636944171501e-6
1951.0 1.518857400005775e-6
1952.0 1.5190810027439576e-6
1953.0000000000002 1.519307716469491e-6
1954.0 1.5195375053772247e-6
1955.0 1.519770333773298e-6
1955.9999999999998 1.520006166076487e-6
1957.0 1.5202449668188531e-6
1958.0 1.520486700645103e-6
1959.0 1.520731332313871e-6
1960.0 1.5209788266989347e-6
1961.0000000000002 1.5212291487879823e-6
1962.0 1.5214822636846407e-6
1963.0 1.5217381366074933e-6
1964.0000000000002 1.5219967328926774e-6
1965.0 1.5222580179912855e-6
1966.0 1.5225219574723148e-6
1966.9999999999998 1.5227885170220714e-6
1968.0 1.523057662444488e-6
1969.0 1.5233293596617462e-6
1970.0 1.5236035747143981e-6
1971.0 1.5238802737620159e-6
1972.0 1.52415942308295e-6
1973.0 1.5244409890752948e-6
1974.0 1.524724938257072e-6
1975.0000000000002 1.525011237266047e-6
1976.0 1.5252998528610593e-6
1977.0 1.525590751920553e-6
1977.9999999999998 1.5258839014448e-6
1979.0 1.5261792685550193e-6
1980.0 1.5264768204930078e-6
1981.0 1.5267765246237833e-6
1982.0 1.5270783484327106e-6
1983.0 1.527382259528188e-6
1984.0 1.5276882256403778e-6
1985.0 1.527996214622273e-6
1986.0000000000002 1.528306194449208e-6
1987.0 1.5286181332193035e-6
1988.0 1.5289319991539514e-6
1988.9999999999998 1.5292477605972935e-6
1990.0 1.529565386017153e-6
1991.0 1.5298848440042799e-6
1992.0 1.5302061032731656e-6
1993.0 1.530529132662112e-6
1994.0 1.530853901132614e-6
1995.0 1.5311803777707902e-6
1996.0 1.5315085317855767e-6
1997.0000000000002 1.5318383325111624e-6
1998.0 1.5321697494046645e-6
1999.0 1.5325027520480187e-6
1999.9999999999998 1.5328373101471912e-6
