0.0 1.9530428619869e-5
1.0 1.9531221290833602e-5
2.0 1.95335997269208e-5
3.0 1.9537565198761382e-5
4.0 1.9543119824661328e-5
5.0 1.9550266574603907e-5
6.0 1.955900927452864e-5
7.0 1.956935260923076e-5
8.0 1.958130213012131e-5
9.0 1.9594864261421743e-5
10.0 1.9610046309476843e-5
10.999999999999998 1.962685647045986e-5
12.0 1.9645303842568787e-5
13.000000000000002 1.9665398437945142e-5
14.0 1.9687151194101106e-5
14.999999999999998 1.9710573989933115e-5
16.0 1.9735679660674766e-5
17.0 1.9762482015351395e-5
18.0 1.979099585408901e-5
19.0 1.982123698911946e-5
20.0 1.9853222266475835e-5
21.0 1.9886969587129354e-5
21.999999999999996 1.992249793284983e-5
23.0 1.99598273920246e-5
24.0 1.9998979187659328e-5
25.0 2.0039975706919948e-5
26.000000000000004 2.008284053280105e-5
27.0 2.0127598477149422e-5
28.0 2.017427561734998e-5
29.0 2.0222899333542218e-5
29.999999999999996 2.027349834849924e-5
31.0 2.0326102770755795e-5
32.0 2.038074413926215e-5
33.0 2.043745547060962e-5
34.0 2.0496271309926434e-5
35.0 2.0557227785035727e-5
36.0 2.0620362659643787e-5
37.0 2.0685715398569705e-5
38.0 2.0753327225560683e-5
39.0 2.0823241193235672e-5
40.0 2.0895502252769884e-5
41.0 2.0970157328766023e-5
42.0 2.1047255399277485e-5
43.0 2.1126847577894436e-5
43.99999999999999 2.1208987204359855e-5
45.0 2.129372993651792e-5
46.0 2.138113385189796e-5
47.0 2.1471259551590325e-5
48.0 2.1564170271752724e-5
49.0 2.1659932003495258e-5
50.0 2.1758613616722176e-5
51.0 2.186028699370778e-5
52.00000000000001 2.196502717209003e-5
53.0 2.2072912491275172e-5
54.0 2.2184024755121455e-5
55.0 2.229844940027365e-5
56.0 2.2416275674573098e-5
57.0 2.2537596831439933e-5
58.0 2.266251033036737e-5
59.0 2.2791118057400887e-5
59.99999999999999 2.2923526553814423e-5
61.0 2.3059847263380153e-5
62.0 2.320019679503852e-5
63.0 2.334469720457442e-5
64.0 2.349347629440855e-5
65.0 2.3646667932317437e-5
66.0 2.380441239581573e-5
67.0 2.3966856739311057e-5
68.0 2.413415518612227e-5
69.0 2.430646954917509e-5
70.0 2.4483969685901853e-5
71.0 2.4666833979588788e-5
72.0 2.4855249862575215e-5
73.0 2.5049414377718554e-5
74.0 2.5249534778761908e-5
75.0 2.5455829182998684e-5
76.0 2.5668527272289885e-5
77.0 2.5887871045837385e-5
78.0 2.6114115639930985e-5
79.0 2.6347530212611094e-5
80.0 2.6588398894753027e-5
81.0 2.6837021830678572e-5
82.0 2.709371629916382e-5
83.00000000000001 2.7358817934902546e-5
84.0 2.7632682053748016e-5
85.0 2.7915685096663715e-5
86.0 2.8208226201218646e-5
87.0 2.8510728921068548e-5
87.99999999999999 2.8823643093960064e-5
89.0 2.9147446896936243e-5
90.0 2.9482649091644623e-5
91.0 2.9829791480481847e-5
92.0 3.0189451618282588e-5
92.99999999999999 3.056224578446573e-5
94.0 3.094883225592517e-5
95.0 3.134991492935045e-5
96.0 3.1766247310363954e-5
97.0 3.219863693834112e-5
98.0 3.264795029148623e-5
99.00000000000001 3.3115118234017355e-5
100.0 3.3601142075597095e-5
101.0 3.4107100337212975e-5
102.0 3.4634156296518805e-5
103.0 3.51835664494775e-5
104.00000000000001 3.575668999658143e-5
105.0 3.6354999504816726e-5
106.0 3.698009293482039e-5
107.0 3.763370722463644e-5
108.0 3.831773366395177e-5
108.99999999999999 3.9034235367589065e-5
110.0 3.978546716026972e-5
111.0 4.0573898278479147e-5
112.0 4.140223837575903e-5
113.0 4.227346738868122e-5
114.0 4.319086994295071e-5
115.00000000000001 4.415807515905568e-5
116.0 4.517910280735021e-5
117.0 4.6258417079966304e-5
118.0 4.740098944111713e-5
119.0 4.8612372412179153e-5
119.99999999999999 4.989878654569807e-5
121.0 5.126722340512429e-5
122.0 5.2725568099561054e-5
123.0 5.4282745800059296e-5
124.0 5.594889782863404e-5
124.99999999999999 5.77355945397106e-5
126.0 5.9656094118782307e-5
127.0 6.17256592461285e-5
128.0 6.396194712275069e-5
129.0 6.638549317489974e-5
130.0 6.902031558330246e-5
131.0 7.18946767221606e-5
132.0 7.504205043360828e-5
133.0 7.850236193559513e-5
134.0 8.232359243559107e-5
135.0 8.656387692852604e-5
136.0 9.129427652610274e-5
137.0 9.660248367840938e-5
138.0 0.00010259783307971821
139.0 0.00010941816049208761
140.0 0.00011723930439243253
141.0 0.00012628841695953142
142.0 0.00013686278257262
143.0 0.00014935653959534338
144.0 0.00016429840153613285
145.0 0.00018240337099087635
146.0 0.00020463750501412505
147.0 0.0002322766742354255
148.0 0.00026687455556976457
149.0 0.00030984517699089297
150.0 0.00036081903553767053
151.0 0.00041328845510443937
152.0 0.0004491816886392667
153.0 0.0004469472758337249
154.0 0.00040745399717567185
155.0 0.00035292318482121215
156.0 0.00030094319962502644
157.0 0.00025749146160376063
158.0 0.0002226525931301595
159.0 0.0001948841176470423
160.0 0.00017257541245202862
161.0 0.00015442436442185723
162.0 0.0001394521309690246
163.0 0.00012693711003366144
164.0 0.00011634699127392686
164.99999999999997 0.00010728557692535313
166.00000000000003 9.945435037573338e-5
167.0 9.262539274091127e-5
168.0 8.66223717353603e-5
169.0 8.130712351257758e-5
170.0 7.65700894063696e-5
171.0 7.232342026826235e-5
172.0 6.849594290858151e-5
173.0 6.502944055540759e-5
174.0 6.187587126857969e-5
174.99999999999997 5.899526398559132e-5
175.99999999999997 5.635410972409429e-5
177.00000000000003 5.392411881167421e-5
178.0 5.168125159815303e-5
179.0 4.960495554617232e-5
180.0 4.767755970488102e-5
181.0 4.588379018530069e-5
182.0 4.421037960642167e-5
183.0 4.264574998314165e-5
184.0 4.11797535973181e-5
185.0 3.980345988639489e-5
185.99999999999997 3.850897913321564e-5
187.00000000000003 3.728931581502763e-5
188.0 3.613824594432907e-5
189.0 3.505021399362503e-5
190.0 3.402024583975105e-5
191.0 3.3043874919158365e-5
192.0 3.2117079331412076e-5
193.0 3.123622802357821e-5
194.0 3.039803459406766e-5
195.0 2.9599517466702204e-5
196.0 2.8837965461316744e-5
196.99999999999997 2.8110907899548795e-5
198.00000000000003 2.741608859043272e-5
199.0 2.6751443113009032e-5
200.0 2.6115078913909976e-5
201.0 2.5505257833509724e-5
202.0 2.4920380711723752e-5
203.0 2.4358973799871445e-5
204.0 2.3819676732755798e-5
205.0 2.330123185237714e-5
206.0 2.280247471815179e-5
206.99999999999997 2.2322325644244708e-5
208.00000000000003 2.1859782145340535e-5
209.00000000000003 2.141391216943085e-5
210.0 2.0983848034624923e-5
211.0 2.0568780976497323e-5
212.0 2.0167956241815073e-5
213.0 1.978066866293956e-5
214.0 1.940625865989156e-5
215.0 1.9044108623047615e-5
216.0 1.8693639633709265e-5
217.0 1.8354308486880806e-5
217.99999999999997 1.8025604985717726e-5
219.00000000000003 1.770704947722453e-5
220.0 1.7398190603429048e-5
221.0 1.70986032517446e-5
222.0 1.6807886677987177e-5
223.0 1.6525662789144828e-5
224.0 1.6251574567772938e-5
225.0 1.598528462860566e-5
226.0 1.5726473889661817e-5
227.0 1.5474840350195885e-5
228.0 1.5230097966625123e-5
228.99999999999997 1.4991975614080025e-5
230.00000000000003 1.4760216128572861e-5
231.0 1.4534575423417182e-5
232.0 1.431482166904578e-5
233.0 1.4100734535640097e-5
234.0 1.389210449176853e-5
235.0 1.3688732151354755e-5
236.0 1.3490427669762949e-5
237.0 1.32970101807255e-5
238.0 1.3108307273897318e-5
238.99999999999997 1.2924154507954649e-5
239.99999999999997 1.2744394956810397e-5
241.00000000000003 1.2568878786320108e-5
242.0 1.239746285987455e-5
243.0 1.2230010369425889e-5
244.0 1.2066390491285658e-5
245.0 1.1906478062602091e-5
246.0 1.1750153280909166e-5
247.0 1.159730142066261e-5
248.0 1.1447812567983183e-5
249.0 1.1301581373008285e-5
249.99999999999997 1.1158506815636968e-5
251.00000000000003 1.1018491986485013e-5
252.0 1.0881443881785213e-5
253.0 1.074727320787507e-5
254.0 1.0615894200644265e-5
255.0 1.0487224452964715e-5
256.0 1.0361184752844264e-5
257.0 1.0237698930937476e-5
258.0 1.0116693717218089e-5
259.0 9.998098604473444e-6
260.0 9.881845720640597e-6
261.0 9.767869707366505e-6
262.0 9.656107605435847e-6
263.0 9.546498746559766e-6
264.0 9.438984651047035e-6
265.0 9.333508930237454e-6
266.0 9.230017195185622e-6
267.0 9.128456969174053e-6
268.0 9.028777604837216e-6
269.0 8.930930206601607e-6
270.0 8.834867555552846e-6
271.0 8.740544039025438e-6
272.0 8.647915583921586e-6
273.0 8.55693959245964e-6
274.0 8.467574881805426e-6
275.0 8.379781626508176e-6
276.0 8.293521303598298e-6
277.0 8.208756640344702e-6
278.0 8.125451564694936e-6
279.0 8.0435711576663e-6
280.0 7.96308160876403e-6
281.0 7.883950172421447e-6
282.0 7.806145127213443e-6
283.0 7.729635736733574e-6
284.0 7.65439221248402e-6
285.0 7.580385677752448e-6
286.0 7.507588134070621e-6
287.0 7.435972428436407e-6
288.0 7.365512222345999e-6
289.0 7.29618196229589e-6
290.0 7.2279568511022025e-6
291.0 7.1608128210521975e-6
292.0 7.094726508012063e-6
293.0 7.029675226472727e-6
294.0 6.965636946003205e-6
295.0 6.902590268690871e-6
296.0 6.840514407380353e-6
297.0 6.779389164943807e-6
298.0 6.719194914764718e-6
299.0 6.659912581659584e-6
300.0 6.601523624164533e-6
301.0 6.544010017008826e-6
302.0 6.48735423526838e-6
303.0 6.431539238418419e-6
304.0 6.376548456091459e-6
305.0 6.322365773835979e-6
306.0 6.268975520060588e-6
307.0 6.216362453933131e-6
308.0 6.164511753613546e-6
309.0 6.113409005658252e-6
310.0 6.063040195214925e-6
311.0 6.013391696902413e-6
312.0 5.964450266814012e-6
313.0 5.9162030353421965e-6
314.0 5.868637500891023e-6
315.0 5.821741524912903e-6
316.0 5.775503327718739e-6
317.0 5.729911485803559e-6
318.0 5.684954930152881e-6
319.0 5.640622946143075e-6
320.0 5.5969051748509565e-6
321.0 5.55379161595911e-6
322.0 5.511272632495671e-6
323.0 5.469338957434689e-6
324.0 5.427981702411853e-6
325.0 5.387192368730365e-6
326.0 5.346962860822851e-6
327.0 5.3072855025398405e-6
328.0 5.268153056163934e-6
329.0 5.229558745085152e-6
329.99999999999994 5.191496279469635e-6
331.0 5.1539598860942516e-6
332.00000000000006 5.116944342175848e-6
333.0 5.08044501365982e-6
334.0 5.044457898241566e-6
335.0 5.0089796734980334e-6
336.0 4.974007750371397e-6
337.0 4.939540332371531e-6
338.0 4.9055764806707945e-6
339.0 4.872116185446231e-6
340.0 4.839160443243377e-6
340.99999999999994 4.806711340691763e-6
342.0 4.774772144406604e-6
343.00000000000006 4.74334739645933e-6
344.0 4.71244301515786e-6
345.0 4.682066400057809e-6
346.0 4.652226540168221e-6
347.0 4.622934123430317e-6
348.0 4.594201645425869e-6
349.0 4.566043514669639e-6
349.99999999999994 4.5384761506219135e-6
351.0 4.511518070611831e-6
351.99999999999994 4.485189960313934e-6
353.0 4.459514722203522e-6
354.00000000000006 4.434517494945097e-6
355.0 4.410225636545543e-6
356.0 4.3866686631980696e-6
357.0 4.3638781352416075e-6
358.0 4.3418874821514715e-6
359.0 4.320731758570777e-6
360.0 4.300447324898843e-6
360.99999999999994 4.281071447541281e-6
362.0 4.262641816998562e-6
363.00000000000006 4.245195985460091e-6
364.0 4.228770729789917e-6
365.0 4.213401351208448e-6
366.0 4.199120928037416e-6
367.0 4.18595954346763e-6
368.0 4.173943514792632e-6
369.0 4.16309465444753e-6
370.0 4.1534295949850454e-6
371.0 4.14495920986338e-6
371.99999999999994 4.137688159469498e-6
373.0 4.13161458663405e-6
374.00000000000006 4.126729978831717e-6
375.0 4.123019205364326e-6
376.0 4.120460728404927e-6
377.0 4.119026977176504e-6
378.0 4.118684865987375e-6
379.0 4.119396430107941e-6
380.0 4.121119548783932e-6
381.0 4.123808722615743e-6
382.0 4.127415872785027e-6
382.99999999999994 4.1318911320216965e-6
384.0 4.137183601223217e-6
385.00000000000006 4.143242050706859e-6
386.0 4.150015550649852e-6
387.0 4.157454020721028e-6
388.0 4.165508694202231e-6
389.0 4.174132496004795e-6
390.0 4.183280337782654e-6
391.0 4.192909335810673e-6
392.0 4.202978959140495e-6
393.0 4.213451116554712e-6
393.99999999999994 4.2242901912208656e-6
395.0 4.2354630318453065e-6
396.00000000000006 4.246938908643149e-6
397.0 4.2586894417815045e-6
398.0 4.270688509070164e-6
399.0 4.2829121387993025e-6
400.0 4.295338392742871e-6
401.0 4.307947243451806e-6
402.0 4.320720449259641e-6
403.0 4.333641429579148e-6
404.0 4.346695142681432e-6
404.99999999999994 4.359867967322807e-6
406.0 4.373147589569136e-6
407.00000000000006 4.386522895288748e-6
408.0 4.399983869054713e-6
409.0 4.413521499407141e-6
410.0 4.427127690795601e-6
411.0 4.440795181958403e-6
412.0 4.454517470515488e-6
413.0 4.46828874375672e-6
413.99999999999994 4.4821038150078205e-6
415.0 4.495958065537161e-6
416.00000000000006 4.50984739142635e-6
417.0 4.523768155202236e-6
418.00000000000006 4.537717141797667e-6
419.0 4.55169151857654e-6
420.0 4.565688799019518e-6
421.0 4.579706809786781e-6
422.0 4.593743660912393e-6
423.0 4.6077977188107754e-6
424.0 4.621867581836507e-6
424.99999999999994 4.635952058181339e-6
426.0 4.650050145940516e-6
427.00000000000006 4.66416101502485e-6
428.0 4.678283990867198e-6
429.0 4.69241853971468e-6
430.0 4.706564255271793e-6
431.0 4.720720846770606e-6
432.0 4.734888128028021e-6
433.0 4.749066007741622e-6
434.0 4.763254480540696e-6
435.0 4.777453619123147e-6
435.99999999999994 4.791663566930333e-6
437.0 4.8058845317050405e-6
438.00000000000006 4.820116779583358e-6
439.0 4.834360629787811e-6
440.0 4.848616449844329e-6
441.0 4.862884651231497e-6
442.0 4.877165685476593e-6
443.0 4.891460040655689e-6
444.0 4.905768238138445e-6
445.0 4.9200908297677864e-6
446.0 4.9344283952602995e-6
446.99999999999994 4.948781539803088e-6
448.0 4.963150892003911e-6
449.00000000000006 4.97753710195533e-6
450.0 4.9919408394927945e-6
451.0 5.006362792681688e-6
452.0 5.020803666388396e-6
453.0 5.0352641810270655e-6
454.0 5.049745071437153e-6
455.0 5.064247085868514e-6
456.0 5.0787709850369955e-6
457.0 5.093317541349268e-6
457.99999999999994 5.1078875381055184e-6
459.0 5.122481768930336e-6
460.00000000000006 5.137101037090493e-6
461.0 5.151746155056626e-6
462.0 5.166417943950098e-6
463.0 5.1811172332390585e-6
464.0 5.195844860274135e-6
465.0 5.21060167003895e-6
466.0 5.225388514834518e-6
467.0 5.240206254042512e-6
468.0 5.255055753931155e-6
468.99999999999994 5.26993788746958e-6
470.0 5.284853534148632e-6
471.00000000000006 5.299803579907602e-6
472.0 5.3147889169841e-6
473.0 5.329810443857219e-6
474.0 5.3448690651557196e-6
475.0 5.3599656916548535e-6
476.0 5.375101240222145e-6
477.0 5.390276633778192e-6
477.99999999999994 5.405492801359545e-6
479.0 5.42075067804989e-6
479.99999999999994 5.436051205052368e-6
481.0 5.451395329731251e-6
482.00000000000006 5.466784005595866e-6
483.0 5.482218192393723e-6
484.0 5.497698856176423e-6
485.0 5.513226969311106e-6
486.0 5.528803510603419e-6
487.0 5.544429465335527e-6
488.0 5.560105825387972e-6
488.99999999999994 5.575833589255531e-6
490.0 5.5916137622210185e-6
491.00000000000006 5.607447356372808e-6
492.0 5.623335390761889e-6
493.0 5.639278891461767e-6
494.0 5.655278891678389e-6
495.0 5.671336431848047e-6
496.0 5.687452559763346e-6
497.0 5.703628330665308e-6
498.0 5.719864807339558e-6
499.0 5.7361630602466e-6
499.99999999999994 5.7525241676192434e-6
501.0 5.768949215563922e-6
502.00000000000006 5.7854392981757625e-6
503.0 5.8019955176589885e-6
504.0 5.818618984406796e-6
505.0 5.835310817119722e-6
506.0 5.8520721429341395e-6
507.0 5.868904097457355e-6
508.0 5.885807824961244e-6
509.0 5.902784478388821e-6
510.0 5.919835219507142e-6
510.99999999999994 5.936961218983678e-6
512.0 5.9541636564594146e-6
513.0 5.971443720639291e-6
514.0 5.988802609394607e-6
515.0 6.006241529797171e-6
516.0 6.02376169823805e-6
517.0 6.04136434042867e-6
518.0 6.059050691499881e-6
519.0 6.076821996078256e-6
520.0 6.0946795082471795e-6
521.0 6.112624491658357e-6
522.0 6.130658219518273e-6
523.0 6.148781974641199e-6
524.0 6.1669970493961575e-6
525.0 6.185304745774101e-6
526.0 6.20370637534647e-6
527.0 6.222203259218639e-6
528.0 6.240796728029727e-6
529.0 6.2594881218671885e-6
530.0 6.278278790248801e-6
531.0 6.297170091983528e-6
532.0 6.31616339510653e-6
533.0 6.335260076796996e-6
534.0 6.354461523165055e-6
535.0 6.373769129180707e-6
536.0 6.393184298444061e-6
537.0 6.412708443047604e-6
538.0 6.432342983278996e-6
539.0 6.452089347455712e-6
540.0 6.471948971629764e-6
541.0 6.491923299254888e-6
542.0 6.512013780915762e-6
543.0 6.532221873932109e-6
544.0 6.552549041995637e-6
545.0 6.572996754707589e-6
546.0 6.593566487132875e-6
547.0 6.614259719336101e-6
548.0 6.635077935752902e-6
549.0 6.656022624678513e-6
550.0 6.677095277584036e-6
551.0 6.698297388475348e-6
552.0 6.719630453065864e-6
553.0 6.741095968137592e-6
554.0 6.762695430528298e-6
555.0 6.7844303363024845e-6
556.0 6.806302179781118e-6
557.0 6.828312452446324e-6
558.0 6.8504626418733284e-6
559.0 6.872754230510502e-6
560.0 6.895188694378338e-6
561.0 6.917767501740498e-6
562.0 6.940492111671977e-6
563.0 6.963363972414443e-6
564.0 6.986384519870698e-6
565.0 7.009555175717877e-6
566.0 7.032877345626894e-6
567.0 7.056352417256622e-6
568.0 7.079981758124702e-6
569.0 7.1037667134047025e-6
570.0 7.127708603545735e-6
571.0 7.151808721742679e-6
572.0 7.176068331263403e-6
573.0 7.200488662652392e-6
574.0 7.225070910695822e-6
575.0 7.249816231258058e-6
576.0 7.274725737953635e-6
577.0 7.299800498555074e-6
578.0 7.32504153124065e-6
579.0 7.350449800616064e-6
580.0 7.376026213558449e-6
581.0 7.401771614699674e-6
582.0 7.427686781852463e-6
583.0 7.453772420923387e-6
584.0 7.480029160820939e-6
585.0 7.506457547874851e-6
586.0 7.533058040087443e-6
587.0 7.55983100092282e-6
588.0 7.586776693029239e-6
589.0 7.6138952712690545e-6
590.0 7.641186775675752e-6
591.0 7.668651123940508e-6
592.0 7.696288103510174e-6
593.0 7.724097363222344e-6
594.0 7.752078404645165e-6
595.0 7.780230572864697e-6
596.0 7.808553046864334e-6
597.0 7.837044829485145e-6
598.0 7.865704736767548e-6
599.0 7.894531386887364e-6
600.0 7.9235231885147e-6
601.0 7.952678328717455e-6
602.0 7.981994760121749e-6
603.0 8.0114701877599e-6
604.0 8.041102054999434e-6
605.0 8.07088752917562e-6
606.0 8.10082348638514e-6
607.0 8.13090649575798e-6
608.0 8.161132802977723e-6
609.0 8.191498313255873e-6
610.0 8.221998573477756e-6
611.0 8.252628753878845e-6
612.0 8.283383628763793e-6
613.0 8.314257556828655e-6
614.0 8.345244460510426e-6
615.0 8.37633780487411e-6
616.0 8.407530575690068e-6
617.0 8.438815256835498e-6
618.0 8.470183807175433e-6
619.0 8.501627636669517e-6
620.0 8.53313758189837e-6
621.0 8.56470388112852e-6
622.0 8.59631614868587e-6
623.0 8.62796334904693e-6
624.0 8.65963377028555e-6
625.0 8.691314997414002e-6
626.0 8.722993885170162e-6
627.0 8.754656530991321e-6
628.0 8.78628824749631e-6
629.0 8.817873535363937e-6
630.0 8.849396056149087e-6
631.0 8.88083860549512e-6
632.0 8.912183086845701e-6
633.0 8.943410485706461e-6
634.0 8.974500844863688e-6
635.0 9.00543324060109e-6
636.0 9.036185760169797e-6
637.0 9.066735480877357e-6
638.0 9.097058450883549e-6
639.0 9.127129672216533e-6
640.0 9.156923086095009e-6
641.0 9.18641156103632e-6
642.0 9.215566884053912e-6
643.0 9.244359755306327e-6
644.0 9.272759786640935e-6
645.0 9.30073550434615e-6
646.0 9.328254356553152e-6
647.0 9.355282725873064e-6
648.0 9.381785947424938e-6
649.0 9.407728333008978e-6
650.0 9.433073201618703e-6
651.0 9.45778291689602e-6
652.0 9.481818931955251e-6
653.0000000000001 9.505141841944395e-6
654.0 9.527711444784424e-6
655.0 9.549486810442378e-6
656.0 9.570426359233886e-6
657.0 9.590487949151345e-6
658.0 9.609628972829527e-6
659.0 9.627806464092297e-6
659.9999999999999 9.644977214328034e-6
661.0 9.661097898635992e-6
662.0 9.676125211859888e-6
663.0 9.690016014212346e-6
664.0000000000001 9.7027274863514e-6
665.0 9.714217293493798e-6
666.0 9.724443758085901e-6
667.0 9.733366040499668e-6
668.0 9.740944326863201e-6
669.0 9.747140023305478e-6
670.0 9.751915955541015e-6
670.9999999999999 9.755236572598524e-6
672.0 9.757068153465798e-6
673.0 9.757379015294884e-6
674.0 9.756139721529552e-6
675.0000000000001 9.753323288358592e-6
676.0 9.748905387913144e-6
677.0 9.742864546175314e-6
678.0 9.735182333997783e-6
679.0 9.725843549160234e-6
680.0 9.714836387711423e-6
681.0 9.702152602667878e-6
681.9999999999999 9.687787648266153e-6
683.0 9.671740808010563e-6
684.0 9.654015304942458e-6
685.0 9.634618392616681e-6
686.0000000000001 9.613561425155598e-6
687.0 9.590859905892567e-6
688.0 9.566533512791142e-6
688.9999999999999 9.540606100595975e-6
690.0 9.513105678916637e-6
691.0 9.484064366014122e-6
692.0 9.453518318428776e-6
692.9999999999999 9.421507636713184e-6
694.0 9.388076247725465e-6
695.0 9.353271764557586e-6
696.0 9.317145324860863e-6
697.0000000000001 9.279751409131311e-6
698.0 9.241147640364132e-6
699.0 9.201394566740509e-6
699.9999999999999 9.160555429379492e-6
701.0 9.118695916988705e-6
702.0 9.075883909857502e-6
703.0 9.032189214847543e-6
703.9999999999999 8.987683294146611e-6
705.0 8.94243899001454e-6
706.0 8.896530247355983e-6
707.0 8.850031836720609e-6
708.0000000000001 8.803019079736774e-6
709.0 8.755567579116964e-6
710.0 8.707752954842618e-6
710.9999999999999 8.659650588624924e-6
712.0 8.611335378307976e-6
713.0 8.562881503257795e-6
714.0 8.514362202406653e-6
715.0000000000001 8.465849565844458e-6
716.0 8.417414340999095e-6
717.0 8.369125753758725e-6
718.0 8.321051345375717e-6
719.0000000000001 8.273256825411656e-6
720.0 8.225805940564038e-6
721.0 8.178760359540264e-6
721.9999999999999 8.132179573673801e-6
723.0 8.086120813010094e-6
724.0 8.040638976910047e-6
725.0 7.995786578943605e-6
726.0000000000001 7.951613705232192e-6
727.0 7.908167985012993e-6
728.0 7.865494572798028e-6
729.0 7.823636141083769e-6
730.0 7.78263288244916e-6
731.0 7.74252252010939e-6
732.0 7.703340325788959e-6
732.9999999999999 7.665119143986137e-6
734.0 7.627889421592043e-6
735.0 7.5916792419188885e-6
736.0 7.556514362695985e-6
737.0000000000001 7.5224182565281415e-6
738.0 7.489412154033167e-6
739.0 7.457515088549019e-6
740.0 7.4267439422360545e-6
741.0 7.397113493389333e-6
742.0 7.36863646421711e-6
743.0 7.3413235699020526e-6
743.9999999999999 7.315183568006644e-6
745.0 7.290223308927923e-6
746.0 7.266447787287767e-6
747.0 7.243860194433111e-6
748.0000000000001 7.222461972447133e-6
749.0 7.202252869641676e-6
750.0 7.183230998006211e-6
751.0 7.165392892623428e-6
752.0 7.14873357337299e-6
753.0 7.133246608966611e-6
754.0 7.118924183344011e-6
754.9999999999999 7.105757164530637e-6
756.0 7.0937351758040026e-6
757.0 7.082846668973182e-6
758.0 7.073078999758678e-6
759.0000000000001 7.064418504679144e-6
760.0 7.0568505793527305e-6
761.0 7.050359757776617e-6
762.0 7.044929791953257e-6
763.0 7.040543731720807e-6
764.0 7.0371840039954465e-6
765.0 7.03483249120865e-6
765.9999999999999 7.0334706082399346e-6
767.0 7.03307937758322e-6
768.0 7.033639502151494e-6
769.0 7.035131435487923e-6
770.0000000000001 7.037535448878314e-6
771.0 7.040831695231174e-6
772.0 7.045000269313542e-6
773.0 7.050021264283824e-6
774.0 7.055874824285407e-6
775.0 7.062541193070953e-6
776.0 7.070000758569283e-6
776.9999999999999 7.078234093423381e-6
778.0 7.087221991542604e-6
779.0 7.096945500741412e-6
780.0 7.10738595158172e-6
781.0000000000001 7.118524982553826e-6
782.0 7.1303445617881535e-6
783.0 7.1428270054270216e-6
784.0 7.155954992890082e-6
785.0 7.169711579237818e-6
786.0 7.184080204792349e-6
787.0 7.199044702293551e-6
787.9999999999999 7.214589301741271e-6
789.0 7.2306986331607e-6
790.0 7.2473577274705504e-6
791.0 7.264552015649882e-6
792.0000000000001 7.282267326396293e-6
793.0 7.300489882430032e-6
794.0 7.319206295616532e-6
795.0 7.338403561037234e-6
796.0 7.35806905021356e-6
797.0 7.378190503512084e-6
798.0 7.398756021900555e-6
798.9999999999999 7.419754058230931e-6
800.0 7.441173407994418e-6
801.0 7.463003199761112e-6
802.0 7.485232885330295e-6
803.0000000000001 7.507852229683438e-6
804.0 7.530851300794324e-6
805.0 7.554220459295133e-6
806.0 7.5779503481571195e-6
807.0 7.602031882367228e-6
808.0 7.626456238572497e-6
809.0 7.651214844842243e-6
809.9999999999999 7.676299370539849e-6
811.0 7.701701716220463e-6
812.0 7.727414003737309e-6
813.0 7.753428566460108e-6
814.0000000000001 7.779737939649756e-6
815.0 7.806334850994161e-6
816.0 7.833212211336576e-6
816.9999999999999 7.860363105565364e-6
818.0 7.88778078368505e-6
819.0 7.915458652085164e-6
820.0 7.943390264968198e-6
820.9999999999999 7.971569316009246e-6
822.0 7.99998963013315e-6
823.0 8.028645155553153e-6
824.0 8.057529955885226e-6
825.0000000000001 8.086638202561835e-6
826.0 8.115964167305477e-6
827.0 8.145502214864172e-6
827.9999999999999 8.175246795842899e-6
829.0 8.205192439727097e-6
830.0 8.235333748052769e-6
831.0 8.265665387754596e-6
832.0000000000001 8.296182084646202e-6
833.0 8.326878617003964e-6
834.0 8.357749809391407e-6
835.0 8.388790526473548e-6
836.0000000000001 8.419995667161983e-6
837.0 8.451360158652072e-6
838.0 8.48287895081042e-6
838.9999999999999 8.514547010506353e-6
840.0 8.546359316187097e-6
841.0 8.578310852469955e-6
842.0 8.610396604946988e-6
843.0000000000001 8.642611555001443e-6
844.0 8.674950674817096e-6
845.0 8.70740892239217e-6
846.0 8.739981236784703e-6
847.0000000000001 8.772662533367085e-6
848.0 8.805447699164512e-6
849.0 8.838331588414464e-6
849.9999999999999 8.871309018073375e-6
851.0 8.904374763513293e-6
852.0 8.937523554337361e-6
853.0 8.970750070182367e-6
854.0000000000001 9.004048936735232e-6
855.0 9.037414721785146e-6
856.0 9.070841931388676e-6
857.0 9.104325006142361e-6
858.0 9.137858317530032e-6
859.0 9.17143616443087e-6
860.0 9.205052769658574e-6
860.9999999999999 9.238702276641502e-6
862.0 9.272378746258535e-6
863.0 9.306076153691543e-6
864.0 9.33978838545558e-6
865.0000000000001 9.373509236522841e-6
866.0 9.407232407616504e-6
867.0 9.440951502545194e-6
868.0 9.474660025718185e-6
869.0 9.508351379806055e-6
870.0 9.542018863451668e-6
871.0 9.575655669297358e-6
871.9999999999999 9.609254881910671e-6
873.0 9.64280947611004e-6
874.0 9.67631231524406e-6
875.0 9.70975614977333e-6
876.0000000000001 9.743133615906958e-6
877.0 9.776437234534703e-6
878.0 9.809659410189765e-6
879.0 9.842792430336737e-6
880.0 9.875828464727243e-6
881.0 9.90875956505111e-6
882.0 9.941577664685324e-6
882.9999999999999 9.974274578745167e-6
884.0 1.000684200431257e-5
885.0 1.0039271520845914e-5
886.0 1.0071554590879424e-5
887.0000000000001 1.010368256091857e-5
888.0 1.013564666253148e-5
889.0 1.0167438013790814e-5
890.0 1.0199047620845106e-5
891.0 1.0230466379844454e-5
892.0 1.0261685079050513e-5
893.0 1.0292694401277225e-5
893.9999999999999 1.0323484926519654e-5
895.0 1.0354047134954662e-5
896.0 1.0384371410120907e-5
897.0 1.0414448042464961e-5
898.0000000000001 1.0444267233152582e-5
899.0 1.0473819098112848e-5
900.0 1.0503093672471768e-5
901.0 1.0532080915207977e-5
902.0 1.0560770714109787e-5
903.0 1.0589152891078031e-5
904.0 1.0617217207657925e-5
904.9999999999999 1.0644953370969913e-5
906.0 1.0672351039800425e-5
907.0 1.069939983113879e-5
908.0 1.0726089326868526e-5
909.0000000000001 1.075240908086448e-5
910.0 1.0778348626272613e-5
911.0 1.0803897483191183e-5
912.0 1.0829045166476828e-5
913.0 1.0853781194004263e-5
914.0 1.0878095095006812e-5
915.0 1.0901976418793417e-5
915.9999999999999 1.0925414743660171e-5
917.0 1.094839968603202e-5
918.0 1.0970920909876395e-5
919.0 1.099296813626381e-5
920.0000000000001 1.1014531153157574e-5
921.0 1.1035599825378994e-5
922.0 1.1056164104759703e-5
923.0 1.1076214040442644e-5
924.0 1.1095739789270538e-5
925.0 1.1114731626344673e-5
926.0 1.1133179955685246e-5
926.9999999999999 1.1151075320916234e-5
928.0 1.1168408416060742e-5
929.0 1.1185170096350801e-5
930.0 1.120135138907295e-5
931.0000000000001 1.1216943504342416e-5
932.0 1.1231937845947545e-5
933.0 1.1246326022054304e-5
934.0 1.126009985585221e-5
935.0 1.1273251396149774e-5
936.0 1.1285772927741941e-5
937.0 1.12976569817319e-5
937.9999999999999 1.1308896345611826e-5
939.0 1.1319484073118364e-5
940.0 1.1329413493940086e-5
941.0 1.1338678223095272e-5
942.0000000000001 1.134727217007799e-5
943.0 1.1355189547665055e-5
944.0 1.1362424880439226e-5
944.9999999999999 1.1368973012910319e-5
946.0 1.1374829117306708e-5
947.0 1.1379988700960521e-5
948.0 1.1384447613256388e-5
948.9999999999999 1.1388202052168169e-5
950.0 1.139124857032876e-5
951.0 1.1393584080641958e-5
952.0 1.1395205861359652e-5
953.0000000000001 1.139611156070956e-5
954.0 1.1396299200967344e-5
955.0 1.1395767181996772e-5
955.9999999999999 1.1394514284269531e-5
957.0 1.1392539671293553e-5
958.0 1.1389842891498932e-5
959.0 1.1386423879586974e-5
959.9999999999999 1.1382282957218217e-5
961.0 1.137742083321857e-5
962.0 1.1371838603137654e-5
963.0 1.1365537748275458e-5
964.0000000000001 1.13585201340934e-5
965.0 1.1350788008076714e-5
966.0 1.134234399702246e-5
966.9999999999999 1.1333191103764625e-5
968.0 1.1323332703338102e-5
969.0 1.1312772538626545e-5
970.0 1.1301514715447614e-5
971.0000000000001 1.1289563697141719e-5
972.0 1.1276924298651524e-5
973.0 1.1263601680119878e-5
974.0 1.1249601340010268e-5
975.0000000000001 1.1234929107775241e-5
976.0 1.1219591136111275e-5
977.0 1.1203593892781424e-5
977.9999999999999 1.1186944152068325e-5
979.0 1.1169648985840607e-5
980.0 1.1151715754310939e-5
981.0 1.113315209642543e-5
982.0000000000001 1.1113965920002064e-5
983.0 1.1094165391587737e-5
984.0 1.1073758926057778e-5
985.0 1.1052755176014731e-5
986.0 1.1031163020982144e-5
987.0 1.1008991556443602e-5
988.0 1.0986250082728897e-5
988.9999999999999 1.0962948093787307e-5
990.0 1.093909526587765e-5
991.0 1.091470144617891e-5
992.0 1.088977664138692e-5
993.0000000000001 1.086433100624996e-5
994.0 1.0838374832176948e-5
995.0 1.0811918535792442e-5
996.0 1.0784972647622329e-5
997.0 1.07575478008051e-5
998.0 1.0729654719916264e-5
999.0 1.0701304209899221e-5
999.9999999999999 1.067250714513655e-5
1001.0 1.0643274458670324e-5
1002.0 1.0613617131592058e-5
1003.0 1.0583546182612645e-5
1004.0000000000001 1.0553072657823924e-5
1005.0 1.0522207620712427e-5
1006.0 1.0490962142347698e-5
1007.0 1.0459347291840283e-5
1008.0 1.0427374127069772e-5
1009.0 1.0395053685599035e-5
1010.0 1.0362396975943847e-5
1010.9999999999999 1.0329414969074198e-5
1012.0 1.0296118590187144e-5
1013.0 1.0262518710807062e-5
1014.0 1.0228626141156818e-5
1015.0000000000001 1.019445162283524e-5
1016.0 1.0160005821777248e-5
1017.0 1.0125299321547839e-5
1018.0 1.0090342616926966e-5
1019.0 1.0055146107808114e-5
1020.0 1.0019720093361091e-5
1021.0 9.98407476658821e-6
1021.9999999999999 9.948220209069523e-6
1023.0 9.91216638613545e-6
1024.0 9.875923142219974e-6
1025.0 9.83950019656928e-6
1026.0 9.802907139272894e-6
1027.0 9.76615342748112e-6
1028.0 9.729248382024324e-6
1029.0 9.692201184179848e-6
1030.0 9.655020872864894e-6
1031.0 9.6177163419228e-6
1032.0 9.58029633780857e-6
1033.0 9.542769457433473e-6
1034.0 9.505144146307793e-6
1035.0 9.467428696894145e-6
1036.0 9.429631247207076e-6
1037.0 9.391759779610861e-6
1038.0 9.353822119858352e-6
1039.0 9.315825936328175e-6
1040.0 9.277778739440502e-6
1041.0 9.239687881310004e-6
1042.0 9.20156055552804e-6
1043.0 9.163403797176921e-6
1044.0 9.125224482959536e-6
1045.0 9.087029331525164e-6
1046.0 9.048824903933478e-6
1047.0 9.010617604265849e-6
1048.0 8.97241368038556e-6
1049.0 8.934219224804935e-6
1050.0 8.896040175704859e-6
1051.0 8.857882318043587e-6
1052.0 8.81975128479489e-6
1053.0 8.781652558270796e-6
1054.0 8.743591471549714e-6
1055.0 8.705573210036213e-6
1056.0 8.667602812970868e-6
1057.0 8.629685175210614e-6
1058.0 8.591825048912436e-6
1059.0 8.554027045363212e-6
1060.0 8.516295636875182e-6
1061.0 8.478635158657555e-6
1062.0 8.441049810893563e-6
1063.0 8.403543660636093e-6
1064.0 8.366120643991061e-6
1065.0 8.32878456812892e-6
1066.0 8.291539113448335e-6
1067.0 8.254387835730654e-6
1068.0 8.217334168305284e-6
1069.0 8.180381424245625e-6
1070.0 8.14353279858488e-6
1071.0 8.106791370529633e-6
1072.0 8.070160105693134e-6
1073.0 8.033641858327707e-6
1074.0 7.997239373571959e-6
1075.0 7.960955289646556e-6
1076.0 7.924792140157446e-6
1077.0 7.888752356227573e-6
1078.0 7.852838268806671e-6
1079.0 7.817052110813965e-6
1080.0 7.78139601935526e-6
1081.0 7.7458720379147e-6
1082.0 7.710482118475514e-6
1083.0 7.675228123741214e-6
1084.0 7.640111829166353e-6
1085.0 7.605134925143239e-6
1086.0 7.570299019037603e-6
1087.0 7.535605637269521e-6
1088.0 7.501056227340737e-6
1089.0 7.4666521598382465e-6
1090.0 7.432394730431276e-6
1091.0 7.398285161813949e-6
1092.0 7.364324605646285e-6
1093.0 7.33051414443828e-6
1094.0 7.296854793431946e-6
1095.0 7.263347502437856e-6
1096.0 7.229993157632727e-6
1097.0 7.196792583366611e-6
1098.0 7.163746543880065e-6
1099.0 7.130855745052839e-6
1100.0 7.098120836058666e-6
1101.0 7.065542411043684e-6
1102.0 7.033121010747034e-6
1103.0 7.000857124076414e-6
1104.0 6.9687511896861864e-6
1105.0 6.936803597505777e-6
1106.0 6.905014690209738e-6
1107.0 6.873384764738976e-6
1108.0 6.841914073684239e-6
1109.0 6.810602826701156e-6
1110.0 6.779451191917179e-6
1111.0 6.7484592972260755e-6
1112.0 6.717627231643672e-6
1113.0 6.686955046552544e-6
1114.0 6.656442757002416e-6
1115.0 6.6260903428742785e-6
1116.0 6.595897750129458e-6
1117.0 6.5658648919615144e-6
1118.0 6.535991649914554e-6
1119.0 6.506277875003182e-6
1120.0 6.476723388822927e-6
1121.0 6.447327984559735e-6
1122.0 6.4180914280580915e-6
1123.0 6.389013458813375e-6
1124.0 6.360093790938038e-6
1125.0 6.3313321141181e-6
1126.0 6.302728094556278e-6
1127.0 6.274281375862086e-6
1128.0 6.245991579922612e-6
1129.0 6.2178583077742185e-6
1130.0 6.189881140433945e-6
1131.0 6.162059639686454e-6
1132.0 6.134393348899883e-6
1133.0 6.106881793780899e-6
1134.0 6.079524483104835e-6
1135.0 6.052320909468475e-6
1136.0 6.025270549968911e-6
1137.0 5.998372866880906e-6
1138.0 5.971627308352222e-6
1139.0 5.945033309020633e-6
1140.0 5.918590290634662e-6
1141.0 5.8922976626905035e-6
1142.0 5.8661548229923665e-6
1143.0 5.8401611582379615e-6
1144.0 5.814316044571489e-6
1145.0 5.788618848111603e-6
1146.0 5.763068925488765e-6
1147.0 5.737665624338735e-6
1148.0 5.712408283804525e-6
1149.0 5.687296234992917e-6
1150.0 5.6623288014527295e-6
1151.0 5.6375052996047795e-6
1152.0 5.612825039198657e-6
1153.0 5.588287323696955e-6
1154.0 5.563891450713824e-6
1155.0 5.539636712372941e-6
1156.0 5.515522395715747e-6
1157.0 5.491547783052906e-6
1158.0 5.467712152330854e-6
1159.0 5.444014777454484e-6
1160.0 5.420454928636077e-6
1161.0 5.397031872714523e-6
1162.0 5.37374487346321e-6
1163.0 5.350593191879756e-6
1164.0 5.32757608649205e-6
1165.0 5.304692813623006e-6
1166.0 5.2819426276699615e-6
1167.0 5.259324781361206e-6
1168.0 5.236838526006889e-6
1169.0 5.2144831117384e-6
1170.0 5.1922577877501854e-6
1171.0 5.1701618025180625e-6
1172.0 5.148194404018617e-6
1173.0 5.126354839935963e-6
1174.0 5.104642357869977e-6
1175.0 5.083056205526078e-6
1176.0 5.0615956308908444e-6
1177.0 5.040259882441439e-6
1178.0 5.019048209289556e-6
1179.0 4.997959861356957e-6
1180.0 4.976994089537142e-6
1181.0 4.956150145861865e-6
1182.0 4.935427283616832e-6
1183.0 4.9148247575189905e-6
1184.0 4.894341823823949e-6
1185.0 4.87397774047891e-6
1186.0 4.853731767226302e-6
1187.0 4.833603165748211e-6
1188.0 4.813591199760826e-6
1189.0 4.793695135136124e-6
1190.0 4.773914239999017e-6
1191.0 4.754247784836433e-6
1192.0 4.73469504258587e-6
1193.0 4.715255288739501e-6
1194.0 4.695927801411772e-6
1195.0 4.676711861445549e-6
1196.0 4.657606752481721e-6
1197.0 4.638611761023082e-6
1198.0 4.61972617654093e-6
1199.0 4.600949291496642e-6
1200.0 4.582280401454793e-6
1201.0 4.563718805112039e-6
1202.0 4.545263804367562e-6
1203.0 4.526914704382583e-6
1204.0 4.508670813629234e-6
1205.0 4.490531443938223e-6
1206.0 4.472495910548437e-6
1207.0 4.454563532148715e-6
1208.0 4.436733630927938e-6
1209.0 4.419005532607217e-6
1210.0 4.401378566467861e-6
1211.0 4.38385206540765e-6
1212.0 4.366425365957274e-6
1213.0 4.349097808307066e-6
1214.0 4.331868736351866e-6
1215.0 4.314737497698512e-6
1216.0 4.29770344369593e-6
1217.0 4.2807659294668135e-6
1218.0 4.26392431390773e-6
1219.0 4.247177959721924e-6
1220.0 4.230526233433836e-6
1221.0 4.213968505402596e-6
1222.0 4.197504149827022e-6
1223.0 4.181132544770126e-6
1224.0 4.164853072163252e-6
1225.0 4.148665117810408e-6
1226.0 4.13256807140087e-6
1227.0 4.116561326514669e-6
1228.0 4.1006442806274285e-6
1229.0 4.084816335107121e-6
1230.0 4.069076895226778e-6
1231.0 4.0534253701588605e-6
1232.0 4.037861172972579e-6
1233.0 4.022383720638321e-6
1234.0 4.006992434023861e-6
1235.0 3.991686737894103e-6
1236.0 3.97646606089794e-6
1237.0 3.96132983557012e-6
1238.0 3.9462774983266245e-6
1239.0 3.931308489450888e-6
1240.0 3.916422253100152e-6
1241.0 3.901618237273769e-6
1242.0 3.886895893829453e-6
1243.0 3.872254678455252e-6
1244.0 3.857694050670249e-6
1245.0 3.843213473810473e-6
1246.0 3.828812415007046e-6
1247.0 3.8144903451981893e-6
1248.0 3.800246739084737e-6
1249.0 3.78608107514611e-6
1250.0 3.7719928356056256e-6
1251.0 3.7579815064266898e-6
1252.0 3.7440465772967825e-6
1253.0 3.7301875416096125e-6
1254.0 3.7164038964487465e-6
1255.0 3.7026951425766885e-6
1256.0 3.6890607844137388e-6
1257.0 3.6755003300213185e-6
1258.0 3.6620132910873866e-6
1259.0 3.6485991829097184e-6
1260.0 3.635257524371667e-6
1261.0 3.6219878379297847e-6
1262.0 3.608789649595113e-6
1263.0 3.595662488916662e-6
1264.0 3.582605888954677e-6
1265.0 3.569619386266482e-6
1266.0 3.556702520892276e-6
1267.0 3.5438548363249787e-6
1268.0 3.5310758794985435e-6
1269.0 3.5183652007664374e-6
1270.0 3.5057223538801886e-6
1271.0 3.4931468959701556e-6
1272.0 3.480638387523221e-6
1273.0 3.468196392370382e-6
1274.0 3.455820477652491e-6
1275.0 3.4435102138112892e-6
1276.0 3.431265174564203e-6
1277.0 3.4190849368876926e-6
1278.0 3.4069690809850746e-6
1279.0 3.3949171902828757e-6
1280.0 3.382928851388435e-6
1281.0 3.371003654093279e-6
1282.0 3.359141191331238e-6
1283.0 3.347341059170835e-6
1284.0 3.335602856782257e-6
1285.0 3.323926186432295e-6
1286.0 3.312310653447352e-6
1287.0 3.3007558661983743e-6
1288.0 3.2892614360844177e-6
1289.0 3.2778269775045438e-6
1290.0 3.2664521078410355e-6
1291.0 3.255136447433479e-6
1292.0 3.2438796195624856e-6
1293.0 3.232681250428608e-6
1294.0 3.221540969128844e-6
1295.0 3.2104584076327175e-6
1296.0 3.1994332007745138e-6
1297.0 3.1884649862108077e-6
1298.0 3.177553404422354e-6
1299.0 3.1666980986766474e-6
1300.0 3.1558987150151283e-6
1301.0 3.1451549022313925e-6
1302.0 3.1344663118488393e-6
1303.0 3.1238325981016185e-6
1304.0 3.1132534179146992e-6
1305.0 3.1027284308820476e-6
1306.0000000000002 3.092257299247141e-6
1307.0 3.08183968788222e-6
1308.0 3.0714752642664963e-6
1308.9999999999998 3.061163698474173e-6
1310.0 3.050904663142561e-6
1311.0 3.040697833461986e-6
1312.0 3.03054288714954e-6
1313.0 3.020439504432363e-6
1314.0 3.010387368029807e-6
1315.0 3.0003861631325564e-6
1316.0 2.990435577379797e-6
1317.0000000000002 2.9805353008438204e-6
1318.0 2.970685026010907e-6
1319.0 2.9608844477636e-6
1319.9999999999998 2.951133263355497e-6
1321.0 2.941431172398285e-6
1322.0 2.9317778768424613e-6
1323.0 2.922173080954343e-6
1324.0 2.9126164913049747e-6
1325.0 2.9031078167458648e-6
1326.0 2.893646768388422e-6
1327.0 2.8842330595988633e-6
1328.0000000000002 2.874866405964788e-6
1329.0 2.8655465252823373e-6
1330.0 2.8562731375460363e-6
1330.9999999999998 2.84704596492109e-6
1332.0 2.8378647317277407e-6
1333.0 2.8287291644301547e-6
1334.0 2.819638991611114e-6
1335.0 2.8105939439609703e-6
1336.0 2.801593754258834e-6
1337.0 2.7926381573506026e-6
1338.0 2.783726890139375e-6
1339.0000000000002 2.774859691566888e-6
1340.0 2.7660363025923768e-6
1341.0 2.7572564661822935e-6
1341.9999999999998 2.748519927292991e-6
1343.0 2.7398264328452963e-6
1344.0 2.73117573172497e-6
1345.0 2.7225675747527466e-6
1346.0 2.7140017146714666e-6
1347.0 2.705477906138145e-6
1348.0 2.6969959056975473e-6
1349.0 2.6885554717737306e-6
1350.0000000000002 2.6801563646529776e-6
1351.0 2.6717983464652613e-6
1352.0 2.6634811811757257e-6
1352.9999999999998 2.6552046345644573e-6
1354.0 2.646968474211425e-6
1355.0 2.6387724694851403e-6
1356.0 2.6306163915256675e-6
1357.0 2.622500013231669e-6
1358.0 2.6144231092434794e-6
1359.0 2.606385455930239e-6
1360.0 2.5983868313767655e-6
1361.0000000000002 2.5904270153681435e-6
1362.0 2.5825057893761317e-6
1363.0 2.5746229365444517e-6
1363.9999999999998 2.5667782416758466e-6
1365.0 2.558971491220213e-6
1366.0 2.551202473258706e-6
1366.9999999999998 2.5434709774885647e-6
1368.0 2.53577679521552e-6
1369.0 2.5281197193355814e-6
1370.0 2.5204995443249234e-6
1371.0 2.512916066226165e-6
1372.0000000000002 2.5053690826333118e-6
1373.0 2.497858392681767e-6
1374.0 2.490383797036728e-6
1374.9999999999998 2.482945097876591e-6
1376.0 2.475542098881985e-6
1377.0 2.468174605227816e-6
1377.9999999999998 2.460842423565902e-6
1379.0 2.453545362013008e-6
1380.0 2.446283230142271e-6
1381.0 2.4390558389686755e-6
1382.0 2.4318630009406894e-6
1383.0000000000002 2.4247045299213115e-6
1384.0 2.417580241186383e-6
1385.0 2.4104899514020125e-6
1385.9999999999998 2.403433478625452e-6
1387.0 2.3964106422849126e-6
1388.0 2.3894212631682293e-6
1388.9999999999998 2.382465163420327e-6
1390.0 2.3755421665216315e-6
1391.0 2.3686520972866483e-6
1392.0 2.3617947818428986e-6
1393.0 2.35497004763209e-6
1394.0000000000002 2.348177723390731e-6
1395.0 2.3414176391401753e-6
1396.0 2.334689626183552e-6
1396.9999999999998 2.3279935170872136e-6
1398.0 2.3213291456731975e-6
1399.0 2.3146963470123883e-6
1399.9999999999998 2.3080949574088876e-6
1401.0 2.301524814394162e-6
1402.0 2.2949857567172265e-6
1403.0 2.2884776243312707e-6
1404.0 2.2820002583878956e-6
1405.0000000000002 2.2755535012252316e-6
1406.0 2.2691371963612035e-6
1407.0 2.2627511884788588e-6
1407.9999999999998 2.256395323422929e-6
1409.0 2.250069448187826e-6
1410.0 2.2437734109068245e-6
1410.9999999999998 2.2375070608469745e-6
1412.0 2.231270248396237e-6
1413.0 2.225062825057834e-6
1414.0 2.2188846434388884e-6
1415.0 2.212735557243058e-6
1416.0000000000002 2.206615421262027e-6
1417.0 2.2005240913643976e-6
1418.0 2.1944614244916033e-6
1419.0000000000002 2.1884272786446113e-6
1420.0 2.1824215128809208e-6
1421.0 2.176443987300843e-6
1421.9999999999998 2.170494563042954e-6
1423.0 2.1645731022745548e-6
1424.0 2.158679468182916e-6
1425.0 2.1528135249701575e-6
1426.0 2.1469751378409964e-6
1427.0000000000002 2.1411641729997534e-6
1428.0 2.135380497638697e-6
1429.0 2.129623979931698e-6
1430.0000000000002 2.123894489027837e-6
1431.0 2.118191895040193e-6
1432.0 2.1125160690435865e-6
1432.9999999999998 2.106866883061993e-6
1434.0 2.101244210066271e-6
1435.0 2.0956479239615164e-6
1436.0 2.0900778995840107e-6
1437.0 2.0845340126918377e-6
1438.0000000000002 2.0790161399581477e-6
1439.0 2.073524158965342e-6
1440.0 2.0680579481959484e-6
1441.0000000000002 2.0626173870286746e-6
1442.0 2.0572023557278488e-6
1443.0 2.0518127354392985e-6
1443.9999999999998 2.0464484081836806e-6
1445.0 2.0411092568478714e-6
1446.0 2.0357951651796546e-6
1447.0 2.030506017781085e-6
1448.0 2.0252417001029316e-6
1449.0000000000002 2.0200020984353096e-6
1450.0 2.014787099904127e-6
1451.0 2.009596592464525e-6
1452.0000000000002 2.004430464892403e-6
1453.0 1.999288606780494e-6
1454.0 1.994170908531662e-6
1454.9999999999998 1.989077261350522e-6
1456.0 1.984007557242264e-6
1457.0 1.978961689002531e-6
1458.0 1.9739395502103653e-6
1459.0 1.9689410352288567e-6
1460.0 1.9639660391910816e-6
1461.0 1.9590144580012387e-6
1462.0 1.9540861883231028e-6
1463.0000000000002 1.949181127578836e-6
1464.0 1.94429917394058e-6
1465.0 1.93944022632648e-6
1465.9999999999998 1.934604184395794e-6
1467.0 1.9297909485393295e-6
1468.0 1.9250004198768186e-6
1469.0 1.9202325002541256e-6
1470.0 1.9154870922316325e-6
1471.0 1.910764099084133e-6
1472.0 1.9060634247942574e-6
1473.0 1.9013849740456223e-6
1474.0000000000002 1.8967286522176194e-6
1475.0 1.8920943653831707e-6
1476.0 1.8874820203016466e-6
1476.9999999999998 1.8828915244120965e-6
1478.0 1.8783227858309785e-6
1479.0 1.8737757133469149e-6
1480.0 1.869250216412775e-6
1481.0 1.8647462051441543e-6
1482.0 1.8602635903133489e-6
1483.0 1.8558022833426765e-6
1484.0 1.851362196303675e-6
1485.0000000000002 1.8469432419088658e-6
1486.0 1.8425453335059564e-6
1487.0 1.8381683850782875e-6
1487.9999999999998 1.8338123112353972e-6
1489.0 1.829477027210252e-6
1490.0 1.8251624488544534e-6
1491.0 1.8208684926331388e-6
1492.0 1.8165950756214881e-6
1493.0 1.8123421154992268e-6
1494.0 1.808109530546648e-6
1495.0 1.8038972396398483e-6
1496.0000000000002 1.7997051622457719e-6
1497.0 1.795533218420449e-6
1498.0 1.79138132880018e-6
1498.9999999999998 1.7872494146016984e-6
1500.0 1.783137397613209e-6
1501.0 1.7790452001966648e-6
1502.0 1.7749727452755033e-6
1503.0 1.7709199563375276e-6
1504.0 1.7668867574254156e-6
1505.0 1.762873073135213e-6
1506.0 1.7588788286128443e-6
1507.0000000000002 1.7549039495485355e-6
1508.0 1.7509483621721227e-6
1509.0 1.7470119932498558e-6
1509.9999999999998 1.7430947700812946e-6
1511.0 1.739196620494746e-6
1512.0 1.7353174728407905e-6
1513.0 1.7314572559920409e-6
1514.0 1.7276158993375729e-6
1515.0 1.723793332777405e-6
1516.0 1.7199894867213934e-6
1517.0 1.7162042920832092e-6
1518.0000000000002 1.712437680277769e-6
1519.0 1.708689583216297e-6
1520.0 1.7049599333031175e-6
1520.9999999999998 1.7012486634327135e-6
1522.0 1.6975557069829653e-6
1523.0 1.6938809978149022e-6
1524.0 1.6902244702659963e-6
1525.0 1.6865860591495128e-6
1526.0 1.682965699746856e-6
1527.0 1.6793633278080413e-6
1528.0 1.6757788795428942e-6
1529.0000000000002 1.6722122916244673e-6
1530.0 1.6686635011772832e-6
1531.0 1.6651324457804536e-6
1531.9999999999998 1.6616190634592732e-6
1533.0 1.6581232926840592e-6
1534.0 1.654645072365907e-6
1535.0 1.6511843418541722e-6
1536.0 1.6477410409301808e-6
1537.0 1.644315109805481e-6
1538.0 1.6409064891188302e-6
1539.0 1.6375151199306754e-6
1540.0000000000002 1.6341409437220097e-6
1541.0 1.6307839023892974e-6
1542.0 1.6274439382390672e-6
1542.9999999999998 1.6241209939892359e-6
1544.0 1.6208150127617361e-6
1545.0 1.61752593807873e-6
1546.0 1.6142537138625932e-6
1547.0 1.6109982844283342e-6
1548.0 1.607759594483208e-6
1549.0 1.604537589121918e-6
1550.0 1.6013322138229112e-6
1551.0000000000002 1.598143414444446e-6
1552.0 1.5949711372239468e-6
1553.0 1.591815328769981e-6
1553.9999999999998 1.5886759360629588e-6
1555.0 1.5855529064490149e-6
1556.0 1.5824461876392344e-6
1557.0 1.579355727702575e-6
1558.0 1.576281475064884e-6
1559.0 1.5732233785057309e-6
1560.0 1.57018138715295e-6
1561.0 1.567155450482254e-6
1562.0000000000002 1.5641455183094886e-6
1563.0 1.5611515407921492e-6
1564.0 1.5581734684215806e-6
1564.9999999999998 1.5552112520224937e-6
1566.0 1.5522648427483806e-6
1567.0 1.5493341920784478e-6
1568.0 1.5464192518130415e-6
1569.0 1.5435199740726673e-6
1570.0 1.5406363112907259e-6
1571.0 1.5377682162155337e-6
1572.0 1.534915641901428e-6
1573.0000000000002 1.5320785417083373e-6
1574.0 1.5292568692981815e-6
1575.0 1.5264505786302346e-6
1575.9999999999998 1.5236596239600166e-6
1577.0 1.5208839598318188e-6
1578.0 1.518123541080331e-6
1579.0 1.5153783228238355e-6
1580.0 1.5126482604604097e-6
1581.0 1.5099333096675754e-6
1582.0 1.5072334263962184e-6
1583.0 1.504548566867648e-6
1584.0000000000002 1.5018786875711512e-6
1585.0 1.4992237452598005e-6
1586.0 1.4965836969461296e-6
1586.9999999999998 1.4939584999016428e-6
1588.0 1.4913481116494718e-6
1589.0 1.4887524899636562e-6
1590.0 1.4861715928649781e-6
1591.0 1.4836053786181493e-6
1592.0 1.4810538057263364e-6
1593.0 1.4785168329299833e-6
1594.0 1.4759944192023004e-6
1595.0000000000002 1.4734865237459784e-6
1596.0 1.4709931059890154e-6
1597.0 1.4685141255832428e-6
1597.9999999999998 1.466049542398607e-6
1599.0 1.4635993165213006e-6
1600.0 1.4611634082486358e-6
1601.0 1.4587417780885393e-6
1602.0 1.4563343867521595e-6
1603.0 1.4539411951532607e-6
1604.0 1.4515621644042994e-6
1605.0 1.449197255812339e-6
1606.0000000000002 1.446846430875341e-6
1607.0 1.4445096512796804e-6
1608.0 1.4421868788961676e-6
1608.9999999999998 1.4398780757762904e-6
1610.0 1.4375832041487486e-6
1611.0 1.4353022264171534e-6
1612.0 1.4330351051549768e-6
1613.0 1.4307818031030433e-6
1614.0 1.4285422831651157e-6
1615.0 1.4263165084064e-6
1616.0 1.4241044420475692e-6
1617.0000000000002 1.421906047462429e-6
1618.0 1.4197212881753605e-6
1619.0 1.4175501278568444e-6
1619.9999999999998 1.415392530319559e-6
1621.0 1.4132484595161795e-6
1622.0 1.4111178795342195e-6
1622.9999999999998 1.4090007545949675e-6
1624.0 1.4068970490479105e-6
1625.0 1.4048067273683736e-6
1626.0 1.4027297541529126e-6
1627.0 1.4006660941184294e-6
1628.0000000000002 1.3986157120957345e-6
1629.0 1.3965785730276183e-6
1630.0 1.3945546419659126e-6
1630.9999999999998 1.3925438840666498e-6
1632.0 1.3905462645884424e-6
1633.0 1.388561748886992e-6
1633.9999999999998 1.3865903024133815e-6
1635.0 1.3846318907102813e-6
1636.0 1.3826864794084195e-6
1637.0 1.3807540342233663e-6
1638.0 1.3788345209515768e-6
1639.0000000000002 1.3769279054684838e-6
1640.0 1.3750341537232006e-6
1641.0 1.37315323173725e-6
1641.9999999999998 1.3712851055997099e-6
1643.0 1.3694297414649723e-6
1644.0 1.36758710554906e-6
1644.9999999999998 1.3657571641258726e-6
1646.0 1.3639398835251724e-6
1647.0 1.362135230128446e-6
1648.0 1.3603431703657262e-6
1649.0 1.3585636707128415e-6
1650.0000000000002 1.3567966976883886e-6
1651.0 1.355042217849539e-6
1652.0 1.3533001977900056e-6
1652.9999999999998 1.3515706041366804e-6
1654.0 1.3498534035468437e-6
1655.0 1.3481485627040233e-6
1655.9999999999998 1.346456048316219e-6
1657.0 1.3447758271117576e-6
1658.0 1.3431078658379402e-6
1659.0 1.341452131255964e-6
1660.0 1.339808590140297e-6
1661.0000000000002 1.3381772092734048e-6
1662.0 1.3365579554450007e-6
1663.0 1.334950795447518e-6
1664.0000000000002 1.3333556960752015e-6
1665.0 1.331772624118684e-6
1666.0 1.3302015463651164e-6
1666.9999999999998 1.3286424295932095e-6
1668.0 1.3270952405714602e-6
1669.0 1.3255599460558926e-6
1670.0 1.3240365127864867e-6
1671.0 1.3225249074857961e-6
1672.0000000000002 1.3210250968545784e-6
1673.0 1.3195370475713162e-6
1674.0 1.3180607262887209e-6
1675.0000000000002 1.3165960996305251e-6
1676.0 1.3151431341911505e-6
1677.0 1.3137017965315134e-6
1677.9999999999998 1.3122720531770691e-6
1679.0 1.3108538706161423e-6
1680.0 1.309447215297431e-6
1681.0 1.3080520536272932e-6
1682.0 1.3066683519681004e-6
1683.0000000000002 1.3052960766362426e-6
1684.0 1.3039351938992735e-6
1685.0 1.3025856699751334e-6
1686.0000000000002 1.301247471028785e-6
1687.0 1.2999205631714486e-6
1688.0 1.298604912457772e-6
1688.9999999999998 1.297300484884612e-6
1690.0 1.296007246389229e-6
1691.0 1.2947251628465843e-6
1692.0 1.2934542000692592e-6
1693.0 1.2921943238042209e-6
1694.0000000000002 1.2909454997325295e-6
1695.0 1.2897076934666626e-6
1696.0 1.2884808705496703e-6
1697.0000000000002 1.2872649964531862e-6
1698.0 1.286060036576894e-6
1699.0 1.2848659562467084e-6
1699.9999999999998 1.2836827207125924e-6
1701.0 1.2825102951488434e-6
1702.0 1.2813486446518973e-6
1703.0 1.2801977342394796e-6
1704.0 1.279057528849353e-6
1705.0000000000002 1.2779279933384853e-6
1706.0 1.2768090924817597e-6
1707.0 1.2757007909712571e-6
1708.0000000000002 1.2746030534157377e-6
1709.0 1.273515844338491e-6
1710.0 1.2724391281781104e-6
1710.9999999999998 1.2713728692872538e-6
1712.0 1.2703170319309155e-6
1713.0 1.2692715802879225e-6
1714.0 1.2682364784478237e-6
1715.0 1.2672116904128627e-6
1716.0 1.2661971800955485e-6
1717.0 1.2651929113192533e-6
1718.0 1.2641988478178817e-6
1719.0000000000002 1.263214953234736e-6
1720.0 1.2622411911237094e-6
1721.0 1.2612775249475845e-6
1721.9999999999998 1.2603239180785561e-6
1723.0 1.2593803337985266e-6
1724.0 1.2584467352982235e-6
1725.0 1.2575230856780982e-6
1726.0 1.2566093479474084e-6
1727.0 1.2557054850252202e-6
1728.0 1.2548114597402231e-6
1729.0 1.2539272348310629e-6
1730.0000000000002 1.2530527729459123e-6
1731.0 1.2521880366439357e-6
1732.0 1.2513329883948995e-6
1732.9999999999998 1.2504875905796414e-6
1734.0 1.2496518054911358e-6
1735.0 1.2488255953339953e-6
1736.0 1.2480089222258725e-6
1737.0 1.247201748197788e-6
1738.0 1.2464040351943434e-6
1739.0 1.2456157450754406e-6
1740.0 1.2448368396159842e-6
1741.0000000000002 1.2440672805075798e-6
1742.0 1.2433070293582568e-6
1743.0 1.2425560476945993e-6
1743.9999999999998 1.2418142969617173e-6
1745.0 1.241081738524379e-6
1746.0 1.2403583336688875e-6
1747.0 1.2396440436023433e-6
1748.0 1.2389388294559066e-6
1749.0 1.2382426522838405e-6
1750.0 1.237555473066367e-6
1751.0 1.2368772527096008e-6
1752.0000000000002 1.2362079520477256e-6
1753.0 1.2355475318434307e-6
1754.0 1.2348959527900733e-6
1754.9999999999998 1.2342531755120408e-6
1756.0 1.2336191605671275e-6
1757.0 1.2329938684472957e-6
1758.0 1.2323772595801274e-6
1759.0 1.2317692943305258e-6
1760.0 1.2311699330022148e-6
1761.0 1.2305791358389416e-6
1762.0 1.2299968630264963e-6
1763.0000000000002 1.229423074693767e-6
1764.0 1.2288577309150533e-6
1765.0 1.2283007917105609e-6
1765.9999999999998 1.227752217049366e-6
1767.0 1.2272119668501325e-6
1768.0 1.2266800009834981e-6
1769.0 1.2261562792728218e-6
1770.0 1.225640761497181e-6
1771.0 1.2251334073922992e-6
1772.0 1.2246341766522977e-6
1773.0 1.224143028931794e-6
1774.0000000000002 1.2236599238479346e-6
1775.0 1.2231848209815983e-6
1776.0 1.2227176798795476e-6
1776.9999999999998 1.2222584600564853e-6
1778.0 1.2218071209967523e-6
1779.0 1.2213636221558691e-6
1780.0 1.2209279229630001e-6
1781.0 1.2204999828228192e-6
1782.0 1.220079761116652e-6
1783.0 1.2196672172054319e-6
1784.0 1.2192623104309125e-6
1785.0000000000002 1.2188650001180353e-6
1786.0 1.2184752455763013e-6
1787.0 1.2180930061025768e-6
1787.9999999999998 1.217718240982104e-6
1789.0 1.2173509094913313e-6
1790.0 1.2169909708990228e-6
1791.0 1.2166383844689175e-6
1792.0 1.2162931094614532e-6
1793.0 1.2159551051352112e-6
1794.0 1.2156243307500595e-6
1795.0 1.215300745567791e-6
1796.0000000000002 1.2149843088548274e-6
1797.0 1.2146749798842274e-6
1798.0 1.2143727179370363e-6
1798.9999999999998 1.2140774823051743e-6
1800.0 1.2137892322919566e-6
1801.0 1.2135079272158883e-6
1802.0 1.2132335264107576e-6
1803.0 1.2129659892288105e-6
1804.0 1.2127052750420014e-6
1805.0 1.2124513432441302e-6
1806.0 1.2122041532529382e-6
1807.0000000000002 1.2119636645113173e-6
1808.0 1.2117298364902758e-6
1809.0 1.2115026286895405e-6
1809.9999999999998 1.2112820006401632e-6
1811.0 1.2110679119064514e-6
1812.0 1.2108603220871097e-6
1813.0 1.2106591908180126e-6
1814.0 1.2104644777729702e-6
1815.0 1.210276142666328e-6
1816.0 1.2100941452542546e-6
1817.0 1.2099184453365573e-6
1818.0000000000002 1.2097490027588985e-6
1819.0 1.209585777413647e-6
1820.0 1.2094287292423981e-6
1820.9999999999998 1.2092778182371358e-6
1822.0 1.209133004442256e-6
1823.0 1.2089942479558887e-6
1824.0 1.2088615089316173e-6
1825.0 1.2087347475806253e-6
1826.0 1.2086139241721822e-6
1827.0 1.208498999036436e-6
1828.0 1.2083899325651728e-6
1829.0000000000002 1.2082866852135375e-6
1830.0 1.208189217501736e-6
1831.0 1.208097490016286e-6
1831.9999999999998 1.208011463411804e-6
1833.0 1.2079310984120644e-6
1834.0 1.207856355811999e-6
1835.0 1.2077871964782696e-6
1836.0 1.20772358135166e-6
1837.0 1.2076654714476028e-6
1838.0 1.2076128278580648e-6
1839.0 1.2075656117527154e-6
1840.0000000000002 1.2075237843800653e-6
1841.0 1.2074873070692404e-6
1842.0 1.2074561412304937e-6
1842.9999999999998 1.2074302483573587e-6
1844.0 1.2074095900270603e-6
1845.0 1.2073941279020292e-6
1846.0 1.207383823731523e-6
1847.0 1.2073786393518911e-6
1848.0 1.2073785366885702e-6
1849.0 1.2073834777565535e-6
1850.0 1.2073934246620676e-6
1851.0000000000002 1.2074083396030082e-6
1852.0 1.2074281848703541e-6
1853.0 1.2074529228495598e-6
1853.9999999999998 1.2074825160204817e-6
1855.0 1.2075169269597488e-6
1856.0 1.2075561183403755e-6
1857.0 1.207600052933962e-6
1858.0 1.2076486936103817e-6
1859.0 1.207702003339613e-6
1860.0 1.2077599451923025e-6
1861.0 1.2078224823404968e-6
1862.0000000000002 1.2078895780585933e-6
1863.0 1.2079611957241603e-6
1864.0 1.2080372988187386e-6
1864.9999999999998 1.2081178509285894e-6
1866.0 1.2082028157451102e-6
1867.0 1.208292157066484e-6
1868.0 1.2083858387971474e-6
1869.0 1.2084838249497252e-6
1870.0 1.2085860796444665e-6
1871.0 1.2086925671110738e-6
1872.0 1.2088032516883797e-6
1873.0000000000002 1.2089180978253954e-6
1874.0 1.209037070082128e-6
1875.0 1.2091601331294376e-6
1875.9999999999998 1.209287251750421e-6
1877.0 1.2094183908401942e-6
1878.0 1.2095535154069964e-6
1878.9999999999998 1.2096925905723135e-6
1880.0 1.2098355815713145e-6
1881.0 1.2099824537538414e-6
1882.0 1.2101331725841051e-6
1883.0 1.2102877036417052e-6
1884.0000000000002 1.2104460126216128e-6
1885.0 1.2106080653349202e-6
1886.0 1.2107738277089233e-6
1886.9999999999998 1.2109432657875224e-6
1888.0 1.211116345731745e-6
1889.0 1.2112930338197498e-6
1889.9999999999998 1.2114732964476106e-6
1891.0 1.2116571001290008e-6
1892.0 1.2118444114959982e-6
1893.0 1.2120351972988693e-6
1894.0 1.212229424406772e-6
1895.0000000000002 1.2124270598076332e-6
1896.0 1.212628070608465e-6
1897.0 1.2128324240358044e-6
1897.9999999999998 1.2130400874352436e-6
1899.0 1.2132510282724794e-6
1900.0 1.2134652141327683e-6
1900.9999999999998 1.2136826127211852e-6
1902.0 1.213903191863225e-6
1903.0 1.2141269195041695e-6
1904.0 1.2143537637099748e-6
1905.0 1.2145836926665386e-6
1906.0000000000002 1.2148166746805754e-6
1907.0 1.2150526781792098e-6
1908.0 1.21529167170978e-6
1908.9999999999998 1.2155336239407209e-6
1910.0 1.2157785036607585e-6
1911.0 1.2160262797793097e-6
1911.9999999999998 1.2162769213265462e-6
1913.0 1.2165303974532382e-6
1914.0 1.2167866774305665e-6
1915.0 1.2170457306505954e-6
1916.0 1.2173075266257993e-6
1917.0000000000002 1.2175720349890374e-6
1918.0 1.21783922549389e-6
1919.0 1.218109068014021e-6
1919.9999999999998 1.2183815325436077e-6
1921.0 1.2186565891969731e-6
1922.0 1.2189342082085585e-6
1922.9999999999998 1.2192143599328537e-6
1924.0 1.2194970148440833e-6
1925.0 1.2197821435366499e-6
1926.0 1.22006971672405e-6
1927.0 1.220359705239918e-6
1928.0000000000002 1.2206520800367458e-6
1929.0 1.2209468121866285e-6
1930.0 1.2212438728804994e-6
1931.0000000000002 1.221543233428201e-6
1932.0 1.2218448652584627e-6
1933.0 1.2221487399184355e-6
1933.9999999999998 1.2224548290736884e-6
1935.0 1.2227631045079745e-6
1936.0 1.2230735381229038e-6
1937.0 1.2233861019381105e-6
1938.0 1.2237007680903857e-6
1939.0000000000002 1.2240175088342455e-6
1940.0 1.2243362965410823e-6
1941.0 1.224657103699435e-6
1942.0000000000002 1.2249799029141864e-6
1943.0 1.225304666906934e-6
1944.0 1.2256313685152021e-6
1944.9999999999998 1.2259599806926005e-6
1946.0 1.2262904765084307e-6
1947.0 1.2266228291472772e-6
1948.0 1.226957011909253e-6
1949.0 1.2272929982088503e-6
1950.0000000000002 1.2276307615757442e-6
1951.0 1.2279702756534963e-6
1952.0 1.2283115141999966e-6
1953.0000000000002 1.2286544510869825e-6
1954.0 1.228999060299706e-6
1955.0 1.2293453159365e-6
1955.9999999999998 1.2296931922088069e-6
1957.0 1.2300426634408581e-6
1958.0 1.2303937040689584e-6
1959.0 1.2307462886415789e-6
1960.0 1.2311003918192132e-6
1961.0000000000002 1.2314559883734994e-6
1962.0 1.2318130531874963e-6
1963.0 1.232171561254845e-6
1964.0000000000002 1.232531487680252e-6
1965.0 1.2328928076780346e-6
1966.0 1.2332554965729105e-6
1966.9999999999998 1.2336195297989845e-6
1968.0 1.2339848828998137e-6
1969.0 1.2343515315279222e-6
1970.0 1.2347194514444172e-6
1971.0 1.2350886185189447e-6
1972.0 1.2354590087288293e-6
1973.0 1.2358305981594537e-6
1974.0 1.2362033630034226e-6
1975.0000000000002 1.2365772795604658e-6
1976.0 1.2369523242371813e-6
1977.0 1.2373284735462065e-6
1977.9999999999998 1.2377057041066545e-6
1979.0 1.2380839926433135e-6
1980.0 1.2384633159860591e-6
1981.0 1.2388436510704926e-6
1982.0 1.2392249749364245e-6
1983.0 1.2396072647284761e-6
1984.0 1.2399904976952058e-6
1985.0 1.2403746511891137e-6
1986.0000000000002 1.2407597026660468e-6
1987.0 1.2411456296850164e-6
1988.0 1.2415324099078898e-6
1988.9999999999998 1.2419200210989294e-6
1990.0 1.2423084411247052e-6
1991.0 1.2426976479534618e-6
1992.0 1.2430876196550092e-6
1993.0 1.243478334400377e-6
1994.0 1.2438697704612934e-6
1995.0 1.244261906210298e-6
1996.0 1.2446547201196745e-6
1997.0000000000002 1.2450481907620866e-6
1998.0 1.2454422968093278e-6
1999.0 1.2458370170326899e-6
1999.9999999999998 1.2462323303022707e-6
