0.0 1.1166652439952516e-5
1.0 1.1166953296907113e-5
2.0 1.1167855976338587e-5
3.0 1.1169360804370726e-5
4.0 1.1171468324239276e-5
5.0 1.1174179297568386e-5
6.0 1.117749470495099e-5
7.0 1.1181415746152786e-5
8.0 1.1185943841892574e-5
9.0 1.1191080634736862e-5
10.0 1.119682799088058e-5
10.999999999999998 1.1203188001194088e-5
12.0 1.1210162983732216e-5
13.000000000000002 1.1217755485771013e-5
14.0 1.1225968285521694e-5
14.999999999999998 1.1234804395227054e-5
16.0 1.1244267063554013e-5
17.0 1.125435977896489e-5
18.0 1.1265086272039308e-5
19.0 1.1276450519814495e-5
20.0 1.1288456749138417e-5
21.0 1.130110944027786e-5
21.999999999999996 1.1314413331222703e-5
23.0 1.132837342233897e-5
24.0 1.134299498075966e-5
25.0 1.1358283545598686e-5
26.000000000000004 1.13742449328708e-5
27.0 1.1390885241202107e-5
28.0 1.1408210857692651e-5
29.0 1.1426228464131025e-5
29.999999999999996 1.144494504324777e-5
31.0 1.1464367885880327e-5
32.0 1.148450459787714e-5
33.0 1.1505363107605767e-5
34.0 1.1526951674064787e-5
35.0 1.1549278895375116e-5
36.0 1.1572353716313001e-5
37.0 1.15961854396137e-5
38.0 1.1620783733459862e-5
39.0 1.1646158642655883e-5
40.0 1.1672320598936863e-5
41.0 1.1699280431881697e-5
42.0 1.1727049380843935e-5
43.0 1.1755639106495265e-5
43.99999999999999 1.178506170413319e-5
45.0 1.1815329716446458e-5
46.0 1.1846456147981522e-5
47.0 1.187845447940739e-5
48.0 1.1911338682651013e-5
49.0 1.1945123237547732e-5
50.0 1.1979823148020159e-5
51.0 1.2015453959805198e-5
52.00000000000001 1.2052031779571378e-5
53.0 1.2089573292822895e-5
54.0 1.2128095785459764e-5
55.0 1.2167617164863618e-5
56.0 1.2208155981091437e-5
57.0 1.2249731451910389e-5
58.0 1.22923634855007e-5
59.0 1.2336072708009542e-5
59.99999999999999 1.238088048916263e-5
61.0 1.2426808971207958e-5
62.0 1.2473881098288139e-5
63.0 1.2522120648289912e-5
64.0 1.2571552265528856e-5
65.0 1.2622201494742023e-5
66.0 1.2674094817901866e-5
67.0 1.2727259692560647e-5
68.0 1.2781724591575261e-5
69.0 1.2837519045377499e-5
70.0 1.289467368728474e-5
71.0 1.2953220299408565e-5
72.0 1.3013191862539774e-5
73.0 1.3074622608502383e-5
74.0 1.3137548074255342e-5
75.0 1.3202005160571247e-5
76.0 1.3268032193610593e-5
77.0 1.333566898805634e-5
78.0 1.3404956916360403e-5
79.0 1.3475938981529304e-5
80.0 1.3548659891419282e-5
81.0 1.362316614115168e-5
82.0 1.3699506097665822e-5
83.00000000000001 1.3777730090328533e-5
84.0 1.3857890506841538e-5
85.0 1.3940041894644524e-5
86.0 1.4024241068171144e-5
87.0 1.4110547224756986e-5
87.99999999999999 1.4199022063599395e-5
89.0 1.4289729916412031e-5
90.0 1.4382737884984873e-5
91.0 1.4478115984429773e-5
92.0 1.4575937301488083e-5
92.99999999999999 1.4676278158240054e-5
94.0 1.4779218287868641e-5
95.0 1.4884841024059963e-5
96.0 1.4993233500355997e-5
97.0 1.5104486864495093e-5
98.0 1.521869650791996e-5
99.00000000000001 1.5335962310386482e-5
100.0 1.5456388901330748e-5
101.0 1.558008594156687e-5
102.0 1.5707168422795117e-5
103.0 1.5837756991491244e-5
104.00000000000001 1.5971978295894235e-5
105.0 1.6109965356279687e-5
106.0 1.6251857967129986e-5
107.0 1.6397803128907145e-5
108.0 1.6547955510090754e-5
108.99999999999999 1.670247795015538e-5
110.0 1.6861541999874815e-5
111.0 1.7025328504589088e-5
112.0 1.7194028237384102e-5
113.0 1.7367842582851718e-5
114.0 1.7546984277073753e-5
115.00000000000001 1.7731678214826635e-5
116.0 1.792216232087573e-5
117.0 1.811868850128359e-5
118.0 1.832152367679694e-5
119.0 1.853095091160391e-5
119.99999999999999 1.8747270643367362e-5
121.0 1.8970802026237046e-5
122.0 1.9201884403037866e-5
123.0 1.944087891745052e-5
124.0 1.9688170280010167e-5
124.99999999999999 1.994416871328627e-5
126.0 2.0209312086308208e-5
127.0 2.048406827103298e-5
128.0 2.0768937744011262e-5
129.0 2.106445645491517e-5
130.0 2.1371199011624606e-5
131.0 2.1689782209560292e-5
132.0 2.2020868950151833e-5
133.0 2.2365172608638544e-5
134.0 2.2723461901986795e-5
135.0 2.3096566326498592e-5
136.0 2.3485382254371947e-5
137.0 2.3890879765189213e-5
138.0 2.4314110334861342e-5
139.0 2.475621549739675e-5
140.0 2.5218436636767576e-5
141.0 2.5702126068753726e-5
142.0 2.6208759624435823e-5
143.0 2.6739950980137915e-5
144.0 2.7297468001664477e-5
145.0 2.788325147120788e-5
146.0 2.8499436565574563e-5
147.0 2.9148377606365348e-5
148.0 2.983267664406123e-5
149.0 3.0555216594318125e-5
150.0 3.131919977548551e-5
151.0 3.2128192905049954e-5
152.0 3.2986179810726325e-5
153.0 3.389762345797197e-5
154.0 3.486753920099899e-5
155.0 3.590158169722813e-5
156.0 3.7006148464457455e-5
157.0 3.818850386496472e-5
158.0 3.9456928260649556e-5
159.0 4.082089833515851e-5
160.0 4.229130626787834e-5
161.0 4.3880727526365656e-5
162.0 4.560374990134755e-5
163.0 4.7477380065244406e-5
164.0 4.9521548699664076e-5
164.99999999999997 5.175974171563381e-5
166.00000000000003 5.421979313322984e-5
167.0 5.693488602971783e-5
168.0 5.9944821119224624e-5
169.0 6.329762883427994e-5
170.0 6.705161804330304e-5
171.0 7.127796920034803e-5
172.0 7.606397975514048e-5
173.0 8.15170260503684e-5
174.0 8.776915236722416e-5
174.99999999999997 9.498177909125099e-5
175.99999999999997 0.0001033489942387909
177.00000000000003 0.00011309550389332197
178.0 0.00012446002974795555
179.0 0.00013764403482312816
180.0 0.0001526862150666849
181.0 0.0001692007715077857
182.0 0.0001859392827717747
183.0 0.0002003486661461397
184.0 0.00020881807238726138
185.0 0.00020842193817857593
185.99999999999997 0.0001991610599591928
187.00000000000003 0.00018398595313478134
188.0 0.0001665564661768495
189.0 0.00014945990000229714
190.0 0.00013394975217867103
191.0 0.00012039830524696011
192.0 0.00010874748996208456
193.0 9.87774867167845e-5
194.0 9.023453223475276e-5
195.0 8.288234685727199e-5
196.0 7.65181742007512e-5
196.99999999999997 7.097415988928451e-5
198.00000000000003 6.611348231973398e-5
199.0 6.18251986242318e-5
200.0 5.801932719603393e-5
201.0 5.462264848853193e-5
202.0 5.1575289247630344e-5
203.0 4.8828006863469524e-5
204.0 4.634005218149138e-5
205.0 4.407749306075849e-5
206.0 4.201189854197233e-5
206.99999999999997 4.0119302950756434e-5
208.00000000000003 3.837938688806825e-5
209.00000000000003 3.677482634255136e-5
210.0 3.529077257560893e-5
211.0 3.391443408972639e-5
212.0 3.263473871950559e-5
213.0 3.1442058909005686e-5
214.0 3.0327987111379733e-5
215.0 2.9285151162423587e-5
216.0 2.8307061705194277e-5
217.0 2.7387985461344184e-5
217.99999999999997 2.6522839458435542e-5
219.00000000000003 2.5707102323762625e-5
220.0 2.4936739556369056e-5
221.0 2.420814031106643e-5
222.0 2.3518063684452735e-5
223.0 2.286359290476576e-5
224.0 2.2242096103513597e-5
225.0 2.1651192613036374e-5
226.0 2.10887238975131e-5
227.0 2.055272840220146e-5
228.0 2.0041419725947148e-5
228.99999999999997 1.955316761042593e-5
230.00000000000003 1.9086481339963567e-5
231.0 1.8639995207219798e-5
232.0 1.821245574168758e-5
233.0 1.7802710469203248e-5
234.0 1.740969799090317e-5
235.0 1.7032439198021737e-5
236.0 1.667002948579195e-5
237.0 1.6321631826671164e-5
238.0 1.5986470602018016e-5
238.99999999999997 1.566382609422987e-5
239.99999999999997 1.5353029557856485e-5
241.00000000000003 1.5053458801777182e-5
242.0 1.4764534222277441e-5
243.0 1.4485715232868309e-5
244.0 1.4216497046864077e-5
245.0 1.3956407770289287e-5
246.0 1.3705005775660454e-5
247.0 1.3461877320583386e-5
248.0 1.322663438715e-5
249.0 1.2998912720286218e-5
249.99999999999997 1.2778370040579647e-5
251.00000000000003 1.256468441608478e-5
252.0 1.235755277842799e-5
253.0 1.2156689562092173e-5
254.0 1.196182546514762e-5
255.0 1.1772706309432835e-5
256.0 1.1589091996442716e-5
257.0 1.1410755548253267e-5
258.0 1.1237482226607542e-5
259.0 1.1069068720024095e-5
260.0 1.0905322396479011e-5
261.0 1.0746060612766742e-5
262.0 1.0591110076919828e-5
263.0 1.0440306259153639e-5
264.0 1.0293492846615731e-5
265.0 1.0150521237410851e-5
266.0 1.0011250073129335e-5
267.0 9.87554480351037e-6
268.0 9.743277282084503e-6
269.0 9.614325392026362e-6
270.0 9.488572695480726e-6
271.0 9.365908108411504e-6
272.0 9.24622559792112e-6
273.0 9.12942389841385e-6
274.0 9.015406247869537e-6
275.0 8.904080140955797e-6
276.0 8.795357098175457e-6
277.0 8.689152449887947e-6
278.0 8.585385134204796e-6
279.0 8.48397750717713e-6
280.0 8.384855165844028e-6
281.0 8.287946780625281e-6
282.0 8.193183939209568e-6
283.0 8.100500999388423e-6
284.0 8.009834951162899e-6
285.0 7.921125285775224e-6
286.0 7.83431387411413e-6
287.0 7.749344850879938e-6
288.0 7.666164505978864e-6
289.0 7.584721182301857e-6
290.0 7.504965178471695e-6
291.0 7.4268486579538e-6
292.0 7.350325562794489e-6
293.0 7.2753515318454484e-6
294.0 7.201883823932433e-6
295.0 7.1298812449752655e-6
296.0 7.059304078888206e-6
297.0 6.99011402210181e-6
298.0 6.922274121927335e-6
299.0 6.85574871769464e-6
300.0 6.790503385230293e-6
301.0 6.726504883786403e-6
302.0 6.6637211063024665e-6
303.0 6.602121031354297e-6
304.0 6.541674678465696e-6
305.0 6.48235306469777e-6
306.0 6.424128163867392e-6
307.0 6.366972867936171e-6
308.0 6.310860949689052e-6
309.0 6.255767027665336e-6
310.0 6.201666532664219e-6
311.0 6.1485356756337285e-6
312.0 6.096351417354365e-6
313.0 6.045091439374042e-6
314.0 5.9947341161692635e-6
315.0 5.94525848891788e-6
316.0 5.896644240079823e-6
317.0 5.848871669468941e-6
318.0 5.8019216710723695e-6
319.0 5.755775711175499e-6
320.0 5.710415807313102e-6
321.0 5.66582450810776e-6
322.0 5.621984874130662e-6
323.0 5.578880459458034e-6
324.0 5.536495294082764e-6
325.0 5.49481386704331e-6
326.0 5.45382111024518e-6
327.0 5.413502383107332e-6
328.0 5.373843457517259e-6
329.0 5.3348305039446174e-6
329.99999999999994 5.296450077530647e-6
331.0 5.258689105139059e-6
332.00000000000006 5.22153487279883e-6
333.0 5.184975013693254e-6
334.0 5.148997496610488e-6
335.0 5.113590614825018e-6
336.0 5.0787429754551395e-6
337.0 5.04444348922208e-6
338.0 5.010681360589068e-6
339.0 4.977446078425378e-6
340.0 4.944727406770553e-6
340.99999999999994 4.912515376124532e-6
342.0 4.880800275105787e-6
343.00000000000006 4.849572642310877e-6
344.0 4.8188232585212054e-6
345.0 4.788543139181029e-6
346.0 4.758723527281156e-6
347.0 4.729355886279995e-6
348.0 4.700431893443163e-6
349.0 4.671943433450925e-6
349.99999999999994 4.643882592090454e-6
351.0 4.616241650321304e-6
351.99999999999994 4.589013078418845e-6
353.0 4.562189530508611e-6
354.00000000000006 4.535763839093489e-6
355.0 4.509729009845853e-6
356.0 4.4840782167095135e-6
357.0 4.4588047969594076e-6
358.0 4.433902246586197e-6
359.0 4.409364215733017e-6
360.0 4.385184504445938e-6
360.99999999999994 4.36135705836296e-6
362.0 4.337875964665161e-6
363.00000000000006 4.314735448221338e-6
364.0 4.291929867719979e-6
365.0 4.2694537120339366e-6
366.0 4.247301596630344e-6
367.0 4.2254682602222895e-6
368.0 4.203948561368949e-6
369.0 4.182737475273164e-6
370.0 4.161830090728002e-6
371.0 4.141221607064568e-6
371.99999999999994 4.120907331245738e-6
373.0 4.100882675053609e-6
374.00000000000006 4.0811431523838555e-6
375.0 4.06168437657432e-6
376.0 4.042502057820141e-6
377.0 4.023592000772767e-6
378.0 4.004950102085399e-6
379.0 3.986572348083593e-6
380.0 3.9684548125234835e-6
381.0 3.950593654401706e-6
382.0 3.9329851158388665e-6
382.99999999999994 3.915625520028725e-6
384.0 3.898511269240645e-6
385.00000000000006 3.881638842891023e-6
386.0 3.865004795614158e-6
387.0 3.848605755566725e-6
388.0 3.832438422543283e-6
389.0 3.816499566322548e-6
390.0 3.8007860249955646e-6
391.0 3.7852947033402412e-6
392.0 3.7700225712828456e-6
393.0 3.7549666623468647e-6
393.99999999999994 3.740124072209836e-6
395.0 3.72549195723489e-6
396.00000000000006 3.711067533105626e-6
397.0 3.696848073466093e-6
398.0 3.682830908599572e-6
399.0 3.6690134241666825e-6
400.0 3.6553930599574273e-6
401.0 3.6419673086991774e-6
402.0 3.6287337148594557e-6
403.0 3.6156898735454807e-6
404.0 3.6028334293449568e-6
404.99999999999994 3.5901620753378244e-6
406.0 3.577673551950178e-6
407.00000000000006 3.5653656460305e-6
408.0 3.55323618977993e-6
409.0 3.5412830598727903e-6
410.0 3.5295041764683382e-6
411.0 3.517897502302015e-6
412.0 3.506461041863744e-6
413.0 3.495192840459024e-6
413.99999999999994 3.4840909834465014e-6
415.0 3.4731535953693872e-6
416.00000000000006 3.462378839207602e-6
417.0 3.4517649155919283e-6
418.00000000000006 3.44131006208064e-6
419.0 3.4310125524027752e-6
420.0 3.4208706957695568e-6
421.0 3.4108828362057937e-6
422.0 3.40104735187161e-6
423.0 3.3913626544064586e-6
424.0 3.3818271883202525e-6
424.99999999999994 3.372439430386153e-6
426.0 3.363197889021205e-6
427.00000000000006 3.354101103753035e-6
428.0 3.34514764464073e-6
429.0 3.3363361117313002e-6
430.0 3.3276651345724743e-6
431.0 3.3191333716472756e-6
432.0 3.31073950995519e-6
433.0 3.3024822644750133e-6
434.0 3.2943603777801164e-6
435.0 3.2863726195156485e-6
435.99999999999994 3.2785177860508143e-6
437.0 3.270794700027134e-6
438.00000000000006 3.263202209983727e-6
439.0 3.2557391899793105e-6
440.0 3.2484045392341743e-6
441.0 3.2411971817900914e-6
442.0 3.2341160661909946e-6
443.0 3.2271601651524884e-6
444.0 3.2203284753096113e-6
445.0 3.2136200169127854e-6
446.0 3.207033833571087e-6
446.99999999999994 3.2005689920497374e-6
448.0 3.1942245820109838e-6
449.00000000000006 3.1879997158307154e-6
450.0 3.1818935284337315e-6
451.0 3.175905177106623e-6
452.0 3.1700338413782006e-6
453.0 3.164278722899928e-6
454.0 3.158639045338027e-6
455.0 3.15311405431025e-6
456.0 3.147703017338305e-6
457.0 3.1424052238115175e-6
457.99999999999994 3.137219985009714e-6
459.0 3.132146634091292e-6
460.00000000000006 3.127184526189558e-6
461.0 3.1223330384526717e-6
462.0 3.1175915702002743e-6
463.0 3.11295954301206e-6
464.0 3.108436400945409e-6
465.0 3.1040216107105587e-6
466.0 3.0997146619229376e-6
467.0 3.0955150673791074e-6
468.0 3.0914223633563473e-6
468.99999999999994 3.087436109967901e-6
470.0 3.083555891559247e-6
471.00000000000006 3.079781317116295e-6
472.0 3.0761120207587387e-6
473.0 3.0725476622423227e-6
474.0 3.0690879275295857e-6
475.0 3.065732529386862e-6
476.0 3.062481208048908e-6
477.0 3.0593337319303752e-6
477.99999999999994 3.056289898369836e-6
479.0 3.053349534467007e-6
479.99999999999994 3.0505124979307704e-6
481.0 3.0477786780087742e-6
482.00000000000006 3.0451479964833622e-6
483.0 3.042620408706057e-6
484.0 3.0401959046975813e-6
485.0 3.037874510332811e-6
486.0 3.0356562885586397e-6
487.0 3.0335413407000396e-6
488.0 3.0315298078159565e-6
488.99999999999994 3.0296218721448557e-6
490.0 3.027817758586061e-6
491.00000000000006 3.0261177362814408e-6
492.0 3.0245221202410217e-6
493.0 3.0230312730520154e-6
494.0 3.0216456066515505e-6
495.0 3.0203655841650266e-6
496.0 3.019191721808205e-6
497.0 3.018124590860333e-6
498.0 3.0171648196966224e-6
499.0 3.01631309587812e-6
499.99999999999994 3.0155701683003187e-6
501.0 3.014936849395094e-6
502.00000000000006 3.014414017380778e-6
503.0 3.014002618547984e-6
504.0 3.013703669594021e-6
505.0 3.0135182599756933e-6
506.0 3.013447554285541e-6
507.0 3.013492794646774e-6
508.0 3.0136553030964044e-6
509.0 3.0139364839724687e-6
510.0 3.0143378262665705e-6
510.99999999999994 3.0148609059484055e-6
512.0 3.0155073882319395e-6
513.0 3.0162790297756716e-6
514.0 3.017177680793738e-6
515.0 3.0182052870617982e-6
516.0 3.019363891792949e-6
517.0 3.0206556373654495e-6
518.0 3.022082766871908e-6
519.0 3.0236476254737443e-6
520.0 3.025352661522861e-6
521.0 3.0272004274348853e-6
522.0 3.0291935802741995e-6
523.0 3.0313348820304383e-6
524.0 3.0336271995472842e-6
525.0 3.036073504082486e-6
526.0 3.038676870458349e-6
527.0 3.0414404757821127e-6
528.0 3.0443675976973086e-6
529.0 3.047461612143252e-6
530.0 3.0507259905961205e-6
531.0 3.0541642967612395e-6
532.0 3.0577801826953946e-6
533.0 3.061577384351212e-6
534.0 3.065559716506337e-6
535.0 3.0697310670881687e-6
536.0 3.074095390870852e-6
537.0 3.0786567025662772e-6
538.0 3.0834190692743256e-6
539.0 3.0883866023640224e-6
540.0 3.09356344874931e-6
541.0 3.098953781612324e-6
542.0 3.104561790616939e-6
543.0 3.1103916716392387e-6
544.0 3.1164476160733974e-6
545.0 3.1227337997667263e-6
546.0 3.129254371663823e-6
547.0 3.1360134422337324e-6
548.0 3.143015071726445e-6
549.0 3.1502632584039132e-6
550.0 3.157761926789427e-6
551.0 3.165514916070197e-6
552.0 3.173525968688361e-6
553.0 3.181798719344198e-6
554.0 3.1903366843344512e-6
555.0 3.199143251501198e-6
556.0 3.2082216707851276e-6
557.0 3.2175750454753853e-6
558.0 3.2272063243038704e-6
559.0 3.237118294390345e-6
560.0 3.2473135751400154e-6
561.0 3.2577946131639807e-6
562.0 3.268563678253151e-6
563.0 3.2796228603926966e-6
564.0 3.2909740679773227e-6
565.0 3.302619027038125e-6
566.0 3.314559281666739e-6
567.0 3.3267961954980477e-6
568.0 3.339330954249472e-6
569.0 3.3521645693217963e-6
570.0 3.365297882345796e-6
571.0 3.378731570639992e-6
572.0 3.392466153524123e-6
573.0 3.40650199940022e-6
574.0 3.4208393334766506e-6
575.0 3.4354782461313727e-6
576.0 3.4504187017583177e-6
577.0 3.465660548007012e-6
578.0 3.481203525356944e-6
579.0 3.4970472769065663e-6
580.0 3.513191358335688e-6
581.0 3.5296352478379397e-6
582.0 3.5463783561368685e-6
583.0 3.563420036264583e-6
584.0 3.5807595932830813e-6
585.0 3.598396293683375e-6
586.0 3.6163293745344905e-6
587.0 3.6345580522136977e-6
588.0 3.653081530870235e-6
589.0 3.671899010269518e-6
590.0 3.691009693327929e-6
591.0 3.7104127930904256e-6
592.0 3.730107539203286e-6
593.0 3.7500931838272444e-6
594.0 3.770369007075406e-6
595.0 3.7909343218519215e-6
596.0 3.8117884781700203e-6
597.0 3.832930866958558e-6
598.0 3.854360923255358e-6
599.0 3.876078128949614e-6
600.0 3.8980820149471135e-6
601.0 3.92037216290546e-6
602.0 3.9429482063663914e-6
603.0 3.965809831545265e-6
604.0 3.9889567775094756e-6
605.0 4.012388836050725e-6
606.0 4.036105851012105e-6
607.0 4.060107717290396e-6
608.0 4.084394379353517e-6
609.0 4.108965829439665e-6
610.0 4.1338221053093205e-6
611.0 4.158963287744484e-6
612.0 4.184389497534785e-6
613.0 4.210100892324303e-6
614.0 4.236097662931955e-6
615.0 4.2623800294753205e-6
616.0 4.288948237149295e-6
617.0 4.315802551630995e-6
618.0 4.342943254296608e-6
619.0 4.370370637031576e-6
620.0 4.398084996749252e-6
621.0 4.42608662969349e-6
622.0 4.454375825304382e-6
623.0 4.482952859925094e-6
624.0 4.511817990060123e-6
625.0 4.540971445450258e-6
626.0 4.570413421687086e-6
627.0 4.600144072708268e-6
628.0 4.630163502715515e-6
629.0 4.660471757979509e-6
630.0 4.691068818157137e-6
631.0 4.7219545873023395e-6
632.0 4.753128884545437e-6
633.0 4.78459143430623e-6
634.0 4.816341856237729e-6
635.0 4.848379654699388e-6
636.0 4.880704207822515e-6
637.0 4.913314756214169e-6
638.0 4.94621039113824e-6
639.0 4.979390042391218e-6
640.0 5.012852465591576e-6
641.0 5.046596229082392e-6
642.0 5.080619700343103e-6
643.0 5.114921031927001e-6
644.0 5.149498146898511e-6
645.0 5.184348723801581e-6
646.0 5.219470181030739e-6
647.0 5.254859660858718e-6
648.0 5.290514012777861e-6
649.0 5.326429776454656e-6
650.0 5.3626031641116035e-6
651.0 5.399030042381526e-6
652.0 5.435705913708409e-6
653.0000000000001 5.472625897251309e-6
654.0 5.509784709249693e-6
655.0 5.547176642945214e-6
656.0 5.584795548122977e-6
657.0 5.622634810094016e-6
658.0 5.660687328387724e-6
659.0 5.6989454951014315e-6
659.9999999999999 5.737401172817477e-6
661.0 5.776045672311101e-6
662.0 5.814869730058027e-6
663.0 5.853863485508278e-6
664.0000000000001 5.893016458367777e-6
665.0 5.932317525712407e-6
666.0 5.9717548993236014e-6
667.0 6.011316102998843e-6
668.0 6.050987950272086e-6
669.0 6.090756522380417e-6
670.0 6.130607146806837e-6
670.9999999999999 6.1705243763284175e-6
672.0 6.210491968897033e-6
673.0 6.250492868372528e-6
674.0 6.29050918637746e-6
675.0000000000001 6.330522185291488e-6
676.0 6.370512262730502e-6
677.0 6.410458937652134e-6
678.0 6.450340838185619e-6
679.0 6.490135691584201e-6
680.0 6.529820316330959e-6
681.0 6.569370616800012e-6
681.9999999999999 6.608761580558629e-6
683.0 6.647967278641511e-6
684.0 6.686960869060161e-6
685.0 6.725714603604182e-6
686.0000000000001 6.7641998386049535e-6
687.0 6.802387049277026e-6
688.0 6.840245848565853e-6
688.9999999999999 6.8777450101773634e-6
690.0 6.9148524963299576e-6
691.0 6.951535490341524e-6
692.0 6.987760434267322e-6
692.9999999999999 7.023493071711435e-6
694.0 7.058698496013819e-6
695.0 7.093341203974899e-6
696.0 7.127385155058033e-6
697.0000000000001 7.160793836298312e-6
698.0 7.193530332863823e-6
699.0 7.225557404192161e-6
699.9999999999999 7.256837565731846e-6
701.0 7.2873331760856636e-6
702.0 7.317006529356079e-6
703.0 7.34581995262176e-6
703.9999999999999 7.37373590809397e-6
705.0 7.400717099566536e-6
706.0 7.426726583004071e-6
707.0 7.451727880544485e-6
708.0000000000001 7.4756850974830204e-6
709.0 7.498563041683998e-6
710.0 7.520327344768869e-6
710.9999999999999 7.5409445843669e-6
712.0 7.5603824066713596e-6
713.0 7.57860964864386e-6
714.0 7.595596458941933e-6
715.0000000000001 7.611314416778295e-6
716.0 7.625736647849303e-6
717.0 7.638837936561379e-6
718.0 7.650594833532763e-6
719.0000000000001 7.660985757646162e-6
720.0 7.669991091839986e-6
721.0 7.677593271739526e-6
721.9999999999999 7.683776866498002e-6
723.0 7.688528651021916e-6
724.0 7.691837669092397e-6
725.0 7.693695286692635e-6
726.0000000000001 7.69409523511446e-6
727.0 7.693033643424219e-6
728.0 7.690509060035925e-6
729.0 7.686522463088908e-6
730.0 7.681077259595136e-6
731.0 7.674179273360993e-6
732.0 7.665836721661096e-6
732.9999999999999 7.656060181038264e-6
734.0 7.644862542386024e-6
735.0 7.63225895573547e-6
736.0 7.618266765294397e-6
737.0000000000001 7.602905435168614e-6
738.0 7.586196466532231e-6
739.0 7.5681633068306245e-6
740.0 7.548831251843768e-6
741.0 7.528227341387874e-6
742.0 7.506380249446344e-6
743.0 7.4833201696386575e-6
743.9999999999999 7.459078696868249e-6
745.0 7.433688706041114e-6
746.0 7.407184228647016e-6
747.0 7.379600328165668e-6
748.0000000000001 7.350972975048407e-6
749.0 7.321338922038288e-6
750.0 7.290735580678582e-6
751.0 7.259200899586351e-6
752.0 7.22677324527768e-6
753.0 7.193491286042303e-6
754.0 7.15939387940538e-6
754.9999999999999 7.12451996379168e-6
756.0 7.088908454642086e-6
757.0 7.052598145393511e-6
758.0 7.015627613760541e-6
759.0000000000001 6.978035133320805e-6
760.0 6.939858590713667e-6
761.0 6.901135408701328e-6
762.0 6.861902474836006e-6
763.0 6.822196076158291e-6
764.0 6.782051839560786e-6
765.0 6.741504677989987e-6
765.9999999999999 6.700588742321972e-6
767.0 6.659337378705543e-6
768.0 6.617783091307043e-6
769.0 6.5759575103092564e-6
770.0000000000001 6.533891364778433e-6
771.0 6.4916144604351845e-6
772.0 6.449155661834351e-6
773.0 6.40654287893214e-6
774.0 6.363803057643096e-6
775.0 6.320962174161615e-6
776.0 6.278045232822037e-6
776.9999999999999 6.235076267259121e-6
778.0 6.192078344501761e-6
779.0 6.149073571849019e-6
780.0 6.10608310628005e-6
781.0000000000001 6.0631271660863864e-6
782.0 6.020225044589674e-6
783.0 5.977395125630965e-6
784.0 5.934654900681143e-6
785.0 5.8920209873581955e-6
786.0 5.84950914916433e-6
787.0 5.80713431623275e-6
787.9999999999999 5.764910606961723e-6
789.0 5.7228513503375196e-6
790.0 5.680969108845474e-6
791.0 5.639275701774602e-6
792.0000000000001 5.597782228874128e-6
793.0 5.556499094127593e-6
794.0 5.515436029685894e-6
795.0 5.4746021197694615e-6
796.0 5.4340058244229845e-6
797.0 5.39365500317125e-6
798.0 5.353556938434547e-6
798.9999999999999 5.313718358547738e-6
800.0 5.2741454605567245e-6
801.0 5.23484393252619e-6
802.0 5.195818975462347e-6
803.0000000000001 5.1570753246913695e-6
804.0 5.118617270797378e-6
805.0 5.080448680036142e-6
806.0 5.042573014155851e-6
807.0 5.0049933496615055e-6
808.0 4.967712396564805e-6
809.0 4.930732516498922e-6
809.9999999999999 4.894055740225877e-6
811.0 4.857683784647649e-6
812.0 4.821618069131101e-6
813.0 4.785859731304488e-6
814.0000000000001 4.7504096422619275e-6
815.0 4.715268421189449e-6
816.0 4.680436449433176e-6
816.9999999999999 4.645913883993381e-6
818.0 4.6117006705057154e-6
819.0 4.577796555649961e-6
820.0 4.5442010990787015e-6
820.9999999999999 4.5109136847870575e-6
822.0 4.47793353203243e-6
823.0 4.445259705737367e-6
824.0 4.4128911264751185e-6
825.0000000000001 4.380826579915311e-6
826.0 4.349064725933668e-6
827.0 4.317604107200427e-6
827.9999999999999 4.286443157431162e-6
829.0 4.255580209213017e-6
830.0 4.225013501456651e-6
831.0 4.194741186453266e-6
832.0000000000001 4.164761336616316e-6
833.0 4.135071950875385e-6
834.0 4.105670960717632e-6
835.0 4.0765562359760875e-6
836.0000000000001 4.047725590211014e-6
837.0 4.01917678594742e-6
838.0 3.990907539496344e-6
838.9999999999999 3.962915525622807e-6
840.0 3.935198381887883e-6
841.0 3.9077537128047625e-6
842.0 3.880579093707728e-6
843.0000000000001 3.853672074456728e-6
844.0 3.827030182888292e-6
845.0 3.8006509281224765e-6
846.0 3.774531803596979e-6
847.0000000000001 3.7486702899887283e-6
848.0 3.7230638579596244e-6
849.0 3.6977099706765457e-6
849.9999999999999 3.6726060862501225e-6
851.0 3.6477496599881373e-6
852.0 3.6231381464813758e-6
853.0 3.5987690016249865e-6
854.0000000000001 3.57463968444185e-6
855.0 3.550747658826981e-6
856.0 3.527090395162648e-6
857.0 3.5036653718216523e-6
858.0 3.4804700765795643e-6
859.0 3.4575020079075663e-6
860.0 3.4347586761993125e-6
860.9999999999999 3.4122376048905016e-6
862.0 3.3899363314895098e-6
863.0 3.3678524085529483e-6
864.0 3.3459834045714522e-6
865.0000000000001 3.3243269047907775e-6
866.0 3.3028805119454555e-6
867.0 3.2816418469571972e-6
868.0 3.260608549570477e-6
869.0 3.2397782789046054e-6
870.0 3.2191487140028944e-6
871.0 3.1987175542508186e-6
871.9999999999999 3.178482519857396e-6
873.0 3.158441352180808e-6
874.0 3.138591814098749e-6
875.0 3.118931690278266e-6
876.0000000000001 3.0994587874584814e-6
877.0 3.0801709346479137e-6
878.0 3.0610659833398357e-6
879.0 3.0421418076472977e-6
880.0 3.023396304459957e-6
881.0 3.004827393524779e-6
882.0 2.9864330175446343e-6
882.9999999999999 2.968211142221224e-6
884.0 2.9501597562834188e-6
885.0 2.932276871517033e-6
886.0 2.9145605227323173e-6
887.0000000000001 2.8970087677542334e-6
888.0 2.8796196873833653e-6
889.0 2.862391385323333e-6
890.0 2.8453219881213547e-6
891.0 2.8284096450650916e-6
892.0 2.811652528102637e-6
893.0 2.7950488317092755e-6
893.9999999999999 2.778596772786541e-6
895.0 2.762294590513141e-6
896.0 2.746140546218923e-6
897.0 2.7301329232261684e-6
898.0000000000001 2.714270026684408e-6
899.0 2.6985501834264787e-6
900.0 2.6829717417732253e-6
901.0 2.667533071371424e-6
902.0 2.6522325630141466e-6
903.0 2.637068628437556e-6
904.0 2.622039700150124e-6
904.9999999999999 2.6071442312126222e-6
906.0 2.5923806950616266e-6
907.0 2.577747585289142e-6
908.0 2.563243415451808e-6
909.0000000000001 2.5488667188506557e-6
910.0 2.534616048339696e-6
911.0 2.5204899760887757e-6
912.0 2.506487093404682e-6
913.0 2.492606010480564e-6
914.0 2.4788453562131055e-6
915.0 2.4652037779678475e-6
915.9999999999999 2.451679941375618e-6
917.0 2.4382725301134805e-6
918.0 2.4249802456811922e-6
919.0 2.4118018071975004e-6
920.0000000000001 2.398735951182318e-6
921.0 2.3857814313423823e-6
922.0 2.3729370183537963e-6
923.0 2.360201499649465e-6
924.0 2.3475736792174373e-6
925.0 2.3350523773777913e-6
926.0 2.3226364305800768e-6
926.9999999999999 2.310324691195597e-6
928.0 2.298116027306868e-6
929.0 2.2860093225066887e-6
930.0 2.27400347568866e-6
931.0000000000001 2.262097400856582e-6
932.0 2.2502900269083453e-6
933.0 2.238580297449759e-6
934.0 2.2269671705972147e-6
935.0 2.2154496187716277e-6
936.0 2.2040266285216664e-6
937.0 2.1926972003253883e-6
937.9999999999999 2.18146034839024e-6
939.0 2.1703151004889306e-6
940.0 2.1592604977558964e-6
941.0 2.1482955945145045e-6
942.0000000000001 2.137419458088641e-6
943.0 2.12663116863258e-6
944.0 2.115929818947366e-6
944.9999999999999 2.105314514312622e-6
946.0 2.0947843723087896e-6
947.0 2.084338522649318e-6
948.0 2.0739761070151456e-6
948.9999999999999 2.063696278886657e-6
950.0 2.053498203377198e-6
951.0 2.043381057075764e-6
952.0 2.0333440278917286e-6
953.0000000000001 2.023386314884405e-6
954.0 2.01350712811958e-6
955.0 2.0037056885160377e-6
955.9999999999999 1.993981227684625e-6
957.0 1.9843329877929644e-6
958.0 1.9747602214130244e-6
959.0 1.965262191367585e-6
959.9999999999999 1.9558381706047326e-6
961.0 1.946487442043067e-6
962.0 1.9372092984428474e-6
963.0 1.9280030422606268e-6
964.0000000000001 1.9188679855226983e-6
965.0 1.9098034496860497e-6
966.0 1.900808765514719e-6
966.9999999999999 1.8918832729437772e-6
968.0 1.8830263209566106e-6
969.0 1.8742372674594834e-6
970.0 1.8655154791573458e-6
971.0000000000001 1.8568603314344457e-6
972.0 1.8482712082320622e-6
973.0 1.8397475019303985e-6
974.0 1.83128861323983e-6
975.0000000000001 1.8228939510760368e-6
976.0 1.814562932457207e-6
977.0 1.8062949823841694e-6
977.9999999999999 1.798089533736771e-6
979.0 1.7899460271676969e-6
980.0 1.781863910993701e-6
981.0 1.773842641088731e-6
982.0000000000001 1.765881680785596e-6
983.0 1.7579805007728567e-6
984.0 1.750138578998429e-6
985.0 1.74235540056211e-6
986.0 1.7346304576311676e-6
987.0 1.726963249330129e-6
988.0 1.7193532816639062e-6
988.9999999999999 1.7118000674109944e-6
990.0 1.7043031260406447e-6
991.0 1.6968619836154809e-6
992.0 1.689476172711313e-6
993.0000000000001 1.6821452323218119e-6
994.0 1.6748687077800167e-6
995.0 1.667646150665683e-6
996.0 1.6604771187267685e-6
997.0 1.6533611757951492e-6
998.0 1.6462978917051468e-6
999.0 1.6392868422129151e-6
999.9999999999999 1.632327608916633e-6
1001.0 1.6254197791793925e-6
1002.0 1.6185629460535178e-6
1003.0 1.6117567082007752e-6
1004.0000000000001 1.605000669816459e-6
1005.0 1.5982944405619746e-6
1006.0 1.5916376354840336e-6
1007.0 1.5850298749447177e-6
1008.0 1.5784707845538578e-6
1009.0 1.5719599950898488e-6
1010.0 1.565497142436122e-6
1010.9999999999999 1.5590818675130536e-6
1012.0 1.552713816202859e-6
1013.0 1.5463926392863198e-6
1014.0 1.5401179923777127e-6
1015.0000000000001 1.5338895358554985e-6
1016.0 1.5277069347955312e-6
1017.0 1.521569858908307e-6
1018.0 1.5154779824751852e-6
1019.0 1.5094309842848723e-6
1020.0 1.5034285475638186e-6
1021.0 1.4974703599239442e-6
1021.9999999999999 1.491556113288638e-6
1023.0 1.4856855038431494e-6
1024.0 1.4798582319642223e-6
1025.0 1.4740740021599206e-6
1026.0 1.468332523016271e-6
1027.0 1.462633507126802e-6
1028.0 1.4569766710427476e-6
1029.0 1.4513617352031829e-6
1030.0 1.4457884238868694e-6
1031.0 1.4402564651440963e-6
1032.0 1.4347655907433268e-6
1033.0 1.4293155361091915e-6
1034.0 1.4239060402673417e-6
1035.0 1.4185368457840927e-6
1036.0 1.4132076987106376e-6
1037.0 1.4079183485214013e-6
1038.0 1.4026685480601266e-6
1039.0 1.3974580534814387e-6
1040.0 1.3922866241904903e-6
1041.0 1.3871540227892165e-6
1042.0 1.3820600150155922e-6
1043.0 1.3770043696895075e-6
1044.0 1.371986858651159e-6
1045.0 1.367007256706657e-6
1046.0 1.362065341569202e-6
1047.0 1.3571608938010086e-6
1048.0 1.352293696756301e-6
1049.0 1.3474635365227693e-6
1050.0 1.342670201865376e-6
1051.0 1.3379134841651838e-6
1052.0 1.3331931773640996e-6
1053.0 1.328509077904283e-6
1054.0 1.3238609846697905e-6
1055.0 1.3192486989332876e-6
1056.0 1.3146720242851389e-6
1057.0 1.3101307665894157e-6
1058.0 1.3056247339120233e-6
1059.0 1.3011537364688419e-6
1060.0 1.2967175865644874e-6
1061.0 1.292316098528442e-6
1062.0 1.287949088665023e-6
1063.0 1.2836163751798053e-6
1064.0 1.2793177781331405e-6
1065.0 1.2750531193689165e-6
1066.0 1.2708222224604646e-6
1067.0 1.2666249126473617e-6
1068.0 1.2624610167759447e-6
1069.0 1.2583303632365784e-6
1070.0 1.2542327819042039e-6
1071.0 1.250168104076262e-6
1072.0 1.2461361624123398e-6
1073.0 1.2421367908724888e-6
1074.0 1.2381698246574738e-6
1075.0 1.234235100142521e-6
1076.0 1.2303324548260546e-6
1077.0 1.226461727254943e-6
1078.0 1.2226227569777493e-6
1079.0 1.2188153844722801e-6
1080.0 1.2150394510913723e-6
1081.0 1.2112947990017547e-6
1082.0 1.2075812711184445e-6
1083.0 1.203898711054651e-6
1084.0 1.200246963049742e-6
1085.0 1.196625871920888e-6
1086.0 1.1930352829973228e-6
1087.0 1.1894750420644875e-6
1088.0 1.1859449953051294e-6
1089.0 1.1824449892416629e-6
1090.0 1.1789748706801803e-6
1091.0 1.1755344866528032e-6
1092.0 1.172123684363777e-6
1093.0 1.1687423111329628e-6
1094.0 1.1653902143425587e-6
1095.0 1.1620672413841683e-6
1096.0 1.158773239605106e-6
1097.0 1.1555080562592054e-6
1098.0 1.1522715384546441e-6
1099.0 1.1490635331061916e-6
1100.0 1.1458838868854566e-6
1101.0 1.1427324461750746e-6
1102.0 1.1396090570234853e-6
1103.0 1.1365135650988303e-6
1104.0 1.1334458156473226e-6
1105.0 1.1304056534518896e-6
1106.0 1.1273929227891352e-6
1107.0 1.1244074673959566e-6
1108.0 1.1214491304273502e-6
1109.0 1.118517754422508e-6
1110.0 1.1156131812736471e-6
1111.0 1.1127352521889029e-6
1112.0 1.109883807667055e-6
1113.0 1.1070586874640755e-6
1114.0 1.1042597305718933e-6
1115.0 1.101486775186955e-6
1116.0 1.0987396586927519e-6
1117.0 1.0960182176374284e-6
1118.0 1.093322287712014e-6
1119.0 1.0906517037355291e-6
1120.0 1.0880062996409326e-6
1121.0 1.0853859084590818e-6
1122.0 1.0827903623099228e-6
1123.0 1.0802194923935565e-6
1124.0 1.0776731289817538e-6
1125.0 1.0751511014141572e-6
1126.0 1.072653238095995e-6
1127.0 1.0701793664972516e-6
1128.0 1.0677293131529048e-6
1129.0 1.0653029036676695e-6
1130.0 1.0628999627225942e-6
1131.0 1.0605203140793217e-6
1132.0 1.0581637805937316e-6
1133.0 1.055830184225143e-6
1134.0 1.0535193460505613e-6
1135.0 1.0512310862814465e-6
1136.0 1.0489652242801804e-6
1137.0 1.0467215785788062e-6
1138.0 1.0444999669028725e-6
1139.0 1.042300206193207e-6
1140.0 1.0401221126296948e-6
1141.0 1.0379655016608845e-6
1142.0 1.035830188030206e-6
1143.0 1.0337159858071119e-6
1144.0 1.0316227084182725e-6
1145.0 1.029550168680615e-6
1146.0 1.027498178837024e-6
1147.0 1.025466550591284e-6
1148.0 1.0234550951468021e-6
1149.0 1.021463623243743e-6
1150.0 1.019491945200921e-6
1151.0 1.0175398709548823e-6
1152.0 1.0156072101048675e-6
1153.0 1.0136937719533143e-6
1154.0 1.011799365552679e-6
1155.0 1.0099237997481991e-6
1156.0 1.008066883225771e-6
1157.0 1.0062284245582053e-6
1158.0 1.0044082322528777e-6
1159.0 1.0026061147988902e-6
1160.0 1.0008218807168965e-6
1161.0 9.990553386078587e-7
1162.0 9.973062972028973e-7
1163.0 9.955745654122323e-7
1164.0 9.938599523768584e-7
1165.0 9.92162267517728e-7
1166.0 9.904813205873651e-7
1167.0 9.888169217201305e-7
1168.0 9.87168881482879e-7
1169.0 9.855370109255935e-7
1170.0 9.83921121632796e-7
1171.0 9.823210257733274e-7
1172.0 9.8073653615079e-7
1173.0 9.791674662537287e-7
1174.0 9.776136303055092e-7
1175.0 9.760748433136533e-7
1176.0 9.745509211181968e-7
1177.0 9.73041680441619e-7
1178.0 9.715469389358255e-7
1179.0 9.700665152298015e-7
1180.0 9.68600228976846e-7
1181.0 9.671479009010507e-7
1182.0 9.657093528421648e-7
1183.0 9.642844078016393e-7
1184.0 9.628728899857095e-7
1185.0 9.61474624849953e-7
1186.0 9.600894391407898e-7
1187.0 9.587171609386002e-7
1188.0 9.573576196977165e-7
1189.0 9.560106462867138e-7
1190.0 9.54676073027807e-7
1191.0 9.533537337348544e-7
1192.0 9.520434637505744e-7
1193.0 9.507450999832404e-7
1194.0 9.494584809411364e-7
1195.0 9.481834467674484e-7
1196.0 9.469198392735522e-7
1197.0 9.456675019700728e-7
1198.0 9.444262800994255e-7
1199.0 9.431960206638975e-7
1200.0 9.419765724563517e-7
1201.0 9.407677860864066e-7
1202.0 9.395695140072736e-7
1203.0 9.383816105414442e-7
1204.0 9.372039319044646e-7
1205.0 9.360363362277007e-7
1206.0 9.348786835802161e-7
1207.0 9.337308359888598e-7
1208.0 9.325926574579995e-7
1209.0 9.314640139871858e-7
1210.0 9.303447735868423e-7
1211.0 9.292348062950705e-7
1212.0 9.281339841905773e-7
1213.0 9.270421814053871e-7
1214.0 9.259592741366711e-7
1215.0 9.248851406559613e-7
1216.0 9.238196613177849e-7
1217.0 9.227627185671533e-7
1218.0 9.217141969448153e-7
1219.0 9.206739830912563e-7
1220.0 9.196419657501468e-7
1221.0 9.186180357690294e-7
1222.0 9.176020860989948e-7
1223.0 9.16594011793357e-7
1224.0 9.155937100038933e-7
1225.0 9.146010799759644e-7
1226.0 9.136160230422548e-7
1227.0 9.126384426146116e-7
1228.0 9.116682441741354e-7
1229.0 9.107053352599739e-7
1230.0 9.097496254562763e-7
1231.0 9.088010263774062e-7
1232.0 9.078594516514488e-7
1233.0 9.069248169020364e-7
1234.0 9.059970397288286e-7
1235.0 9.050760396852731e-7
1236.0 9.041617382557951e-7
1237.0 9.032540588300422e-7
1238.0 9.023529266760496e-7
1239.0 9.014582689117345e-7
1240.0 9.005700144739077e-7
1241.0 8.996880940856953e-7
1242.0 8.988124402227152e-7
1243.0 8.979429870764427e-7
1244.0 8.970796705167851e-7
1245.0 8.962224280516957e-7
1246.0 8.953711987857678e-7
1247.0 8.945259233771246e-7
1248.0 8.936865439913888e-7
1249.0 8.928530042553111e-7
1250.0 8.920252492074994e-7
1251.0 8.912032252479497e-7
1252.0 8.903868800857129e-7
1253.0 8.89576162684699e-7
1254.0 8.887710232079405e-7
1255.0 8.879714129604642e-7
1256.0 8.871772843298836e-7
1257.0 8.863885907263337e-7
1258.0 8.856052865200226e-7
1259.0 8.848273269782267e-7
1260.0 8.840546681997686e-7
1261.0 8.832872670497576e-7
1262.0 8.825250810914868e-7
1263.0 8.817680685180726e-7
1264.0 8.810161880830114e-7
1265.0 8.802693990290882e-7
1266.0 8.795276610174441e-7
1267.0 8.78790934054689e-7
1268.0 8.780591784201935e-7
1269.0 8.773323545920906e-7
1270.0 8.766104231735012e-7
1271.0 8.758933448178576e-7
1272.0 8.751810801540202e-7
1273.0 8.744735897116787e-7
1274.0 8.737708338461948e-7
1275.0 8.730727726641056e-7
1276.0 8.723793659483795e-7
1277.0 8.716905730846482e-7
1278.0 8.710063529875141e-7
1279.0 8.703266640277734e-7
1280.0 8.696514639607231e-7
1281.0 8.689807098547615e-7
1282.0 8.683143580218361e-7
1283.0 8.676523639489967e-7
1284.0 8.669946822311531e-7
1285.0 8.663412665056075e-7
1286.0 8.656920693884713e-7
1287.0 8.650470424127185e-7
1288.0 8.644061359682538e-7
1289.0 8.637692992445348e-7
1290.0 8.631364801751568e-7
1291.0 8.625076253847845e-7
1292.0 8.618826801393486e-7
1293.0 8.612615882981897e-7
1294.0 8.606442922695616e-7
1295.0 8.600307329687028e-7
1296.0 8.594208497794058e-7
1297.0 8.58814580518526e-7
1298.0 8.582118614037112e-7
1299.0 8.576126270247376e-7
1300.0 8.57016810318183e-7
1301.0 8.564243425453428e-7
1302.0 8.558351532746664e-7
1303.0 8.552491703665491e-7
1304.0 8.546663199628881e-7
1305.0 8.540865264798884e-7
1306.0000000000002 8.535097126048775e-7
1307.0 8.529357992967303e-7
1308.0 8.52364705790321e-7
1308.9999999999998 8.517963496042572e-7
1310.0 8.512306465535183e-7
1311.0 8.506675107644433e-7
1312.0 8.501068546946912e-7
1313.0 8.495485891562144e-7
1314.0 8.489926233422578e-7
1315.0 8.484388648575375e-7
1316.0 8.478872197525673e-7
1317.0000000000002 8.473375925608109e-7
1318.0 8.467898863396815e-7
1319.0 8.462440027147421e-7
1319.9999999999998 8.456998419265203e-7
1321.0 8.451573028814106e-7
1322.0 8.446162832045121e-7
1323.0 8.440766792961296e-7
1324.0 8.435383863900844e-7
1325.0 8.430012986154548e-7
1326.0 8.42465309060409e-7
1327.0 8.419303098374404e-7
1328.0000000000002 8.413961921525918e-7
1329.0 8.408628463747934e-7
1330.0 8.403301621080414e-7
1330.9999999999998 8.397980282645294e-7
1332.0 8.392663331404779e-7
1333.0 8.387349644913679e-7
1334.0 8.38203809610151e-7
1335.0 8.376727554054518e-7
1336.0 8.37141688480612e-7
1337.0 8.366104952139675e-7
1338.0 8.360790618386916e-7
1339.0000000000002 8.355472745240026e-7
1340.0 8.350150194557608e-7
1341.0 8.344821829171867e-7
1341.9999999999998 8.339486513698772e-7
1343.0 8.334143115339768e-7
1344.0 8.328790504683426e-7
1345.0 8.323427556497832e-7
1346.0 8.318053150516906e-7
1347.0 8.312666172220111e-7
1348.0 8.307265513598791e-7
1349.0 8.301850073914572e-7
1350.0000000000002 8.296418760442284e-7
1351.0 8.290970489205928e-7
1352.0 8.285504185688388e-7
1352.9999999999998 8.280018785540515e-7
1354.0 8.274513235262318e-7
1355.0 8.268986492871722e-7
1356.0 8.263437528555211e-7
1357.0 8.257865325298448e-7
1358.0 8.252268879499823e-7
1359.0 8.246647201559507e-7
1360.0 8.240999316453489e-7
1361.0000000000002 8.235324264282147e-7
1362.0 8.229621100796864e-7
1363.0 8.223888897911648e-7
1363.9999999999998 8.218126744181079e-7
1365.0 8.212333745267742e-7
1366.0 8.206509024375355e-7
1366.9999999999998 8.20065172267137e-7
1368.0 8.194760999671216e-7
1369.0 8.18883603361757e-7
1370.0 8.18287602181997e-7
1371.0 8.176880180981052e-7
1372.0000000000002 8.170847747496514e-7
1373.0 8.164777977734533e-7
1374.0 8.158670148287581e-7
1374.9999999999998 8.152523556207499e-7
1376.0 8.146337519213511e-7
1377.0 8.140111375882787e-7
1377.9999999999998 8.133844485814172e-7
1379.0 8.127536229775134e-7
1380.0 8.121186009823734e-7
1381.0 8.114793249413554e-7
1382.0 8.108357393477014e-7
1383.0000000000002 8.101877908483969e-7
1384.0 8.095354282493972e-7
1385.0 8.08878602517082e-7
1385.9999999999998 8.082172667796499e-7
1387.0 8.075513763255346e-7
1388.0 8.068808886008538e-7
1388.9999999999998 8.062057632043594e-7
1390.0 8.055259618813485e-7
1391.0 8.048414485160575e-7
1392.0 8.041521891217993e-7
1393.0 8.034581518305399e-7
1394.0000000000002 8.027593068802633e-7
1395.0 8.020556266013931e-7
1396.0 8.01347085402031e-7
1396.9999999999998 8.006336597511186e-7
1398.0 7.999153281616561e-7
1399.0 7.991920711713146e-7
1399.9999999999998 7.984638713233636e-7
1401.0 7.977307131452347e-7
1402.0 7.969925831274265e-7
1403.0 7.962494697000552e-7
1404.0 7.955013632096539e-7
1405.0000000000002 7.947482558943533e-7
1406.0 7.939901418589062e-7
1407.0 7.932270170484701e-7
1407.9999999999998 7.924588792217442e-7
1409.0 7.91685727923829e-7
1410.0 7.909075644581813e-7
1410.9999999999998 7.901243918577387e-7
1412.0 7.893362148561613e-7
1413.0 7.885430398581472e-7
1414.0 7.877448749096679e-7
1415.0 7.869417296669799e-7
1416.0000000000002 7.861336153667711e-7
1417.0 7.853205447942019e-7
1418.0 7.845025322523312e-7
1419.0000000000002 7.836795935300915e-7
1420.0 7.828517458707841e-7
1421.0 7.820190079401249e-7
1421.9999999999998 7.811813997937506e-7
1423.0 7.803389428458645e-7
1424.0 7.794916598360347e-7
1425.0 7.7863957479782e-7
1426.0 7.777827130257622e-7
1427.0000000000002 7.769211010435525e-7
1428.0 7.760547665714572e-7
1429.0 7.75183738494326e-7
1430.0000000000002 7.743080468293653e-7
1431.0 7.734277226942302e-7
1432.0 7.725427982751726e-7
1432.9999999999998 7.716533067953441e-7
1434.0 7.707592824830367e-7
1435.0 7.698607605408998e-7
1436.0 7.689577771141077e-7
1437.0 7.680503692599832e-7
1438.0000000000002 7.671385749171119e-7
1439.0 7.662224328752239e-7
1440.0 7.65301982744724e-7
1441.0000000000002 7.643772649270565e-7
1442.0 7.634483205853414e-7
1443.0 7.625151916147821e-7
1443.9999999999998 7.615779206142944e-7
1445.0 7.606365508575688e-7
1446.0 7.596911262650556e-7
1447.0 7.587416913760881e-7
1448.0 7.577882913216006e-7
1449.0000000000002 7.568309717967153e-7
1450.0 7.558697790342353e-7
1451.0 7.549047597785087e-7
1452.0000000000002 7.539359612590053e-7
1453.0 7.529634311652486e-7
1454.0 7.519872176217436e-7
1454.9999999999998 7.510073691625288e-7
1456.0 7.500239347078905e-7
1457.0 7.490369635398013e-7
1458.0 7.480465052786597e-7
1459.0 7.470526098602018e-7
1460.0 7.460553275130094e-7
1461.0 7.450547087363023e-7
1462.0 7.44050804277772e-7
1463.0000000000002 7.430436651127894e-7
1464.0 7.420333424232013e-7
1465.0 7.410198875768683e-7
1465.9999999999998 7.400033521078067e-7
1467.0 7.389837876961097e-7
1468.0 7.379612461490798e-7
1469.0 7.369357793823596e-7
1470.0 7.359074394015839e-7
1471.0 7.348762782842436e-7
1472.0 7.33842348162637e-7
1473.0 7.328057012061197e-7
1474.0000000000002 7.317663896047251e-7
1475.0 7.307244655530307e-7
1476.0 7.29679981234023e-7
1476.9999999999998 7.286329888035537e-7
1478.0 7.275835403754675e-7
1479.0 7.265316880070394e-7
1480.0 7.254774836839872e-7
1481.0 7.244209793074322e-7
1482.0 7.233622266799291e-7
1483.0 7.223012774921836e-7
1484.0 7.212381833108066e-7
1485.0000000000002 7.20172995565398e-7
1486.0 7.191057655366443e-7
1487.0 7.180365443448648e-7
1487.9999999999998 7.169653829385421e-7
1489.0 7.158923320834951e-7
1490.0 7.148174423519572e-7
1491.0 7.137407641126616e-7
1492.0 7.126623475206949e-7
1493.0 7.115822425081715e-7
1494.0 7.105004987745421e-7
1495.0 7.094171657781432e-7
1496.0000000000002 7.083322927270929e-7
1497.0 7.072459285714421e-7
1498.0 7.061581219947865e-7
1498.9999999999998 7.050689214068441e-7
1500.0 7.039783749355772e-7
1501.0 7.028865304210047e-7
1502.0 7.017934354072142e-7
1503.0 7.006991371369816e-7
1504.0 6.996036825442068e-7
1505.0 6.985071182491832e-7
1506.0 6.974094905519641e-7
1507.0000000000002 6.963108454275056e-7
1508.0 6.952112285199057e-7
1509.0 6.941106851376117e-7
1509.9999999999998 6.930092602490077e-7
1511.0 6.91906998477636e-7
1512.0 6.908039440977184e-7
1513.0 6.897001410305752e-7
1514.0 6.885956328408085e-7
1515.0 6.87490462732054e-7
1516.0 6.863846735445506e-7
1517.0 6.85278307751379e-7
1518.0000000000002 6.841714074556119e-7
1519.0 6.830640143875504e-7
1520.0 6.819561699023941e-7
1520.9999999999998 6.808479149776934e-7
1522.0 6.797392902108057e-7
1523.0 6.786303358176591e-7
1524.0 6.775210916303185e-7
1525.0 6.764115970954962e-7
1526.0 6.753018912732298e-7
1527.0 6.74192012835283e-7
1528.0 6.730820000639733e-7
1529.0000000000002 6.719718908516802e-7
1530.0 6.708617226991986e-7
1531.0 6.697515327157754e-7
1531.9999999999998 6.686413576178123e-7
1533.0 6.675312337290293e-7
1534.0 6.664211969797501e-7
1535.0 6.653112829072919e-7
1536.0 6.642015266551204e-7
1537.0 6.630919629734336e-7
1538.0 6.619826262194571e-7
1539.0 6.608735503572887e-7
1540.0000000000002 6.597647689589929e-7
1541.0 6.586563152044483e-7
1542.0 6.575482218822607e-7
1542.9999999999998 6.564405213906413e-7
1544.0 6.553332457383058e-7
1545.0 6.542264265446631e-7
1546.0 6.531200950420858e-7
1547.0 6.520142820758292e-7
1548.0 6.509090181059334e-7
1549.0 6.498043332085034e-7
1550.0 6.487002570766155e-7
1551.0000000000002 6.475968190219809e-7
1552.0 6.464940479768534e-7
1553.0 6.453919724948306e-7
1553.9999999999998 6.442906207531942e-7
1555.0 6.431900205541972e-7
1556.0 6.420901993273299e-7
1557.0 6.409911841305213e-7
1558.0 6.398930016524044e-7
1559.0 6.38795678214333e-7
1560.0 6.376992397721351e-7
1561.0 6.366037119187513e-7
1562.0000000000002 6.355091198851977e-7
1563.0 6.344154885441398e-7
1564.0 6.333228424108236e-7
1564.9999999999998 6.322312056462957e-7
1566.0 6.311406020589489e-7
1567.0 6.300510551075566e-7
1568.0 6.289625879028824e-7
1569.0 6.278752232106217e-7
1570.0 6.26788983453329e-7
1571.0 6.25703890713776e-7
1572.0 6.246199667362923e-7
1573.0000000000002 6.235372329298919e-7
1574.0 6.224557103709998e-7
1575.0 6.213754198054757e-7
1575.9999999999998 6.202963816517107e-7
1577.0 6.19218616002655e-7
1578.0 6.181421426290601e-7
1579.0 6.170669809818594e-7
1580.0 6.159931501943875e-7
1581.0 6.149206690859143e-7
1582.0 6.138495561637643e-7
1583.0 6.127798296259265e-7
1584.0000000000002 6.117115073642246e-7
1585.0 6.106446069666604e-7
1586.0 6.095791457200721e-7
1586.9999999999998 6.085151406135069e-7
1588.0 6.074526083400319e-7
1589.0 6.063915653001525e-7
1590.0 6.053320276043767e-7
1591.0 6.042740110761747e-7
1592.0 6.032175312539823e-7
1593.0 6.021626033950181e-7
1594.0 6.011092424772516e-7
1595.0000000000002 6.000574632025593e-7
1596.0 5.990072799992062e-7
1597.0 5.979587070249009e-7
1597.9999999999998 5.969117581693052e-7
1599.0 5.958664470569113e-7
1600.0 5.948227870496217e-7
1601.0 5.937807912498998e-7
1602.0 5.927404725028897e-7
1603.0 5.917018433995525e-7
1604.0 5.906649162793414e-7
1605.0 5.896297032329927e-7
1606.0000000000002 5.885962161047767e-7
1607.0 5.875644664957745e-7
1608.0 5.865344657662123e-7
1608.9999999999998 5.855062250382683e-7
1610.0 5.844797551984603e-7
1611.0 5.834550669008431e-7
1612.0 5.824321705691528e-7
1613.0 5.814110763996069e-7
1614.0 5.803917943634413e-7
1615.0 5.793743342099092e-7
1616.0 5.783587054681251e-7
1617.0000000000002 5.773449174502378e-7
1618.0 5.7633297925388e-7
1619.0 5.753228997647243e-7
1619.9999999999998 5.743146876585846e-7
1621.0 5.733083514047355e-7
1622.0 5.723038992674503e-7
1622.9999999999998 5.713013393094212e-7
1624.0 5.703006793937309e-7
1625.0 5.693019271862481e-7
1626.0 5.683050901580476e-7
1627.0 5.673101755884662e-7
1628.0000000000002 5.663171905665815e-7
1629.0 5.653261419941151e-7
1630.0 5.643370365878314e-7
1630.9999999999998 5.633498808816886e-7
1632.0 5.623646812293119e-7
1633.0 5.613814438061797e-7
1633.9999999999998 5.604001746119004e-7
1635.0 5.594208794728537e-7
1636.0 5.584435640439277e-7
1637.0 5.57468233811271e-7
1638.0 5.564948940940077e-7
1639.0000000000002 5.555235500469546e-7
1640.0 5.545542066622619e-7
1641.0 5.535868687721144e-7
1641.9999999999998 5.526215410505232e-7
1643.0 5.516582280156388e-7
1644.0 5.506969340318397e-7
1644.9999999999998 5.497376633116622e-7
1646.0 5.487804199181429e-7
1647.0 5.478252077667243e-7
1648.0 5.468720306271789e-7
1649.0 5.459208921259452e-7
1650.0000000000002 5.449717957479342e-7
1651.0 5.440247448382972e-7
1652.0 5.430797426047679e-7
1652.9999999999998 5.421367921194686e-7
1654.0 5.411958963209558e-7
1655.0 5.402570580156413e-7
1655.9999999999998 5.393202798804338e-7
1657.0 5.383855644636933e-7
1658.0 5.374529141881858e-7
1659.0 5.36522331351901e-7
1660.0 5.355938181305409e-7
1661.0000000000002 5.346673765788332e-7
1662.0 5.337430086327094e-7
1663.0 5.328207161107828e-7
1664.0000000000002 5.319005007164442e-7
1665.0 5.309823640389123e-7
1666.0 5.300663075559175e-7
1666.9999999999998 5.291523326342561e-7
1668.0 5.282404405324998e-7
1669.0 5.273306324018486e-7
1670.0 5.264229092883625e-7
1671.0 5.255172721342404e-7
1672.0000000000002 5.24613721779343e-7
1673.0 5.237122589630504e-7
1674.0 5.228128843257757e-7
1675.0000000000002 5.219155984101844e-7
1676.0 5.210204016632079e-7
1677.0 5.201272944372977e-7
1677.9999999999998 5.192362769916101e-7
1679.0 5.183473494942589e-7
1680.0 5.174605120229985e-7
1681.0 5.165757645672307e-7
1682.0 5.156931070289551e-7
1683.0000000000002 5.148125392246287e-7
1684.0 5.139340608860921e-7
1685.0 5.130576716625389e-7
1686.0000000000002 5.121833711212849e-7
1687.0 5.113111587494682e-7
1688.0 5.104410339552665e-7
1688.9999999999998 5.095729960692646e-7
1690.0 5.087070443457106e-7
1691.0 5.078431779637293e-7
1692.0 5.06981396028631e-7
1693.0 5.061216975734516e-7
1694.0000000000002 5.052640815596814e-7
1695.0 5.044085468789046e-7
1696.0 5.035550923537069e-7
1697.0000000000002 5.027037167390392e-7
1698.0 5.018544187234492e-7
1699.0 5.010071969302261e-7
1699.9999999999998 5.001620499182177e-7
1701.0 4.99318976183414e-7
1702.0 4.984779741598695e-7
1703.0 4.976390422210107e-7
1704.0 4.968021786800927e-7
1705.0000000000002 4.959673817922801e-7
1706.0 4.951346497546453e-7
1707.0 4.943039807081802e-7
1708.0000000000002 4.934753727382102e-7
1709.0 4.926488238754527e-7
1710.0 4.918243320975635e-7
1710.9999999999998 4.910018953294946e-7
1712.0 4.901815114447996e-7
1713.0 4.893631782666355e-7
1714.0 4.885468935685124e-7
1715.0 4.877326550755532e-7
1716.0 4.869204604651723e-7
1717.0 4.861103073680361e-7
1718.0 4.853021933691163e-7
1719.0000000000002 4.84496116008393e-7
1720.0 4.836920727821464e-7
1721.0 4.828900611432154e-7
1721.9999999999998 4.820900785022918e-7
1723.0 4.812921222287787e-7
1724.0 4.804961896514589e-7
1725.0 4.797022780594517e-7
1726.0 4.789103847029125e-7
1727.0 4.781205067939173e-7
1728.0 4.77332641507436e-7
1729.0 4.765467859818016e-7
1730.0000000000002 4.757629373195602e-7
1731.0 4.7498109258853006e-7
1732.0 4.742012488221895e-7
1732.9999999999998 4.734234030206117e-7
1734.0 4.7264755215133467e-7
1735.0 4.7187369314970037e-7
1736.0 4.7110182291989485e-7
1737.0 4.7033193833563664e-7
1738.0 4.695640362407135e-7
1739.0 4.68798113449689e-7
1740.0 4.6803416674879784e-7
1741.0000000000002 4.672721928965619e-7
1742.0 4.665121886240215e-7
1743.0 4.6575415063599444e-7
1743.9999999999998 4.649980756114554e-7
1745.0 4.6424396020395907e-7
1746.0 4.6349180104280386e-7
1747.0 4.6274159473290964e-7
1748.0 4.619933378562099e-7
1749.0 4.6124702697161703e-7
1750.0 4.6050265861595816e-7
1751.0 4.597602293044817e-7
1752.0000000000002 4.590197355315813e-7
1753.0 4.5828117377079243e-7
1754.0 4.5754454047625323e-7
1754.9999999999998 4.568098320822463e-7
1756.0 4.5607704500473e-7
1757.0 4.553461756412143e-7
1758.0 4.546172203712817e-7
1759.0 4.538901755576607e-7
1760.0 4.531650375460842e-7
1761.0 4.5244180266633416e-7
1762.0 4.5172046723219124e-7
1763.0000000000002 4.510010275425566e-7
1764.0 4.502834798814578e-7
1765.0 4.4956782051851477e-7
1765.9999999999998 4.4885404570995163e-7
1767.0 4.48142151698292e-7
1768.0 4.474321347135587e-7
1769.0 4.4672399097296127e-7
1770.0 4.4601771668214797e-7
1771.0 4.453133080350489e-7
1772.0 4.4461076121436293e-7
1773.0 4.439100723924694e-7
1774.0000000000002 4.43211237731233e-7
1775.0 4.4251425338277634e-7
1776.0 4.418191154896077e-7
1776.9999999999998 4.4112582018549483e-7
1778.0 4.4043436359544095e-7
1779.0 4.3974474183599355e-7
1780.0 4.3905695101619497e-7
1781.0 4.383709872373536e-7
1782.0 4.3768684659376654e-7
1783.0 4.3700452517273507e-7
1784.0 4.363240190555404e-7
1785.0000000000002 4.3564532431721134e-7
1786.0 4.349684370269644e-7
1787.0 4.342933532490093e-7
1787.9999999999998 4.336200690421833e-7
1789.0 4.329485804609718e-7
1790.0 4.322788835551712e-7
1791.0 4.31610974370893e-7
1792.0 4.309448489503635e-7
1793.0 4.3028050333236295e-7
1794.0 4.2961793355283863e-7
1795.0 4.28957135644672e-7
1796.0000000000002 4.28298105638561e-7
1797.0 4.2764083956268595e-7
1798.0 4.2698533344367935e-7
1798.9999999999998 4.2633158330641206e-7
1800.0 4.2567958517431516e-7
1801.0 4.2502933507009347e-7
1802.0 4.2438082901539105e-7
1803.0 4.2373406303157624e-7
1804.0 4.2308903313957504e-7
1805.0 4.2244573536046383e-7
1806.0 4.218041657155838e-7
1807.0000000000002 4.2116432022682907e-7
1808.0 4.205261949169833e-7
1809.0 4.1988978580961606e-7
1809.9999999999998 4.192550889298524e-7
1811.0 4.186221003040911e-7
1812.0 4.1799081596058453e-7
1813.0 4.173612319295717e-7
1814.0 4.167333442435224e-7
1815.0 4.1610714893729174e-7
1816.0 4.1548264204828904e-7
1817.0 4.1485981961698227e-7
1818.0000000000002 4.142386776868464e-7
1819.0 4.136192123045229e-7
1820.0 4.1300141952024395e-7
1820.9999999999998 4.1238529538803255e-7
1822.0 4.117708359656025e-7
1823.0 4.1115803731484046e-7
1824.0 4.105468955019529e-7
1825.0 4.0993740659767237e-7
1826.0 4.093295666772115e-7
1827.0 4.0872337182074684e-7
1828.0 4.0811881811356857e-7
1829.0000000000002 4.0751590164593387e-7
1830.0 4.069146185136542e-7
1831.0 4.063149648180668e-7
1831.9999999999998 4.057169366661306e-7
1833.0 4.05120530170865e-7
1834.0 4.0452574145126823e-7
1835.0 4.0393256663239505e-7
1836.0 4.033410018458777e-7
1837.0 4.0275104322980634e-7
1838.0 4.0216268692892346e-7
1839.0 4.0157592909486147e-7
1840.0000000000002 4.0099076588613523e-7
1841.0 4.0040719346846576e-7
1842.0 3.9982520801484863e-7
1842.9999999999998 3.992448057056121e-7
1844.0 3.986659827287312e-7
1845.0 3.980887352797569e-7
1846.0 3.975130595622123e-7
1847.0 3.969389517874053e-7
1848.0 3.9636640817481303e-7
1849.0 3.9579542495215197e-7
1850.0 3.95225998355425e-7
1851.0000000000002 3.946581246289951e-7
1852.0 3.940918000260755e-7
1853.0 3.935270208082361e-7
1853.9999999999998 3.929637832461951e-7
1855.0 3.9240208361927545e-7
1856.0 3.918419182160927e-7
1857.0 3.9128328333426513e-7
1858.0 3.9072617528084717e-7
1859.0 3.901705903720118e-7
1860.0 3.896165249336617e-7
1861.0 3.8906397530106863e-7
1862.0000000000002 3.88512937819291e-7
1863.0 3.8796340884318595e-7
1864.0 3.8741538473745896e-7
1864.9999999999998 3.8686886187671814e-7
1866.0 3.863238366457455e-7
1867.0 3.8578030543937367e-7
1868.0 3.8523826466284513e-7
1869.0 3.846977107316908e-7
1870.0 3.841586400716675e-7
1871.0 3.836210491193422e-7
1872.0 3.8308493432180705e-7
1873.0000000000002 3.825502921366041e-7
1874.0 3.8201711903235137e-7
1875.0 3.814854114883912e-7
1875.9999999999998 3.809551659949164e-7
1877.0 3.804263790532463e-7
1878.0 3.7989904717569284e-7
1878.9999999999998 3.793731668857829e-7
1880.0 3.788487347182373e-7
1881.0 3.7832574721897417e-7
1882.0 3.778042009455307e-7
1883.0 3.7728409246657113e-7
1884.0000000000002 3.767654183625229e-7
1885.0 3.762481752252461e-7
1886.0 3.757323596582051e-7
1886.9999999999998 3.752179682766542e-7
1888.0 3.7470499770762626e-7
1889.0 3.7419344458985986e-7
1889.9999999999998 3.7368330557409873e-7
1891.0 3.7317457732285167e-7
1892.0 3.7266725651082277e-7
1893.0 3.7216133982466726e-7
1894.0 3.716568239631636e-7
1895.0000000000002 3.7115370563724695e-7
1896.0 3.7065198157004723e-7
1897.0 3.701516484970079e-7
1897.9999999999998 3.6965270316588636e-7
1899.0 3.691551423367349e-7
1900.0 3.6865896278209375e-7
1900.9999999999998 3.6816416128700826e-7
1902.0 3.676707346488281e-7
1903.0 3.6717867967769757e-7
1904.0 3.66687993196289e-7
1905.0 3.6619867203979714e-7
1906.0000000000002 3.6571071305623023e-7
1907.0 3.6522411310621097e-7
1908.0 3.647388690632748e-7
1908.9999999999998 3.6425497781366546e-7
1910.0 3.637724362564718e-7
1911.0 3.6329124130368807e-7
1911.9999999999998 3.628113898801453e-7
1913.0 3.623328789237242e-7
1914.0 3.618557053852846e-7
1915.0 3.613798662286902e-7
1916.0 3.6090535843076185e-7
1917.0000000000002 3.60432178981513e-7
1918.0 3.599603248840947e-7
1919.0 3.594897931546938e-7
1919.9999999999998 3.5902058082277745e-7
1921.0 3.585526849308815e-7
1922.0 3.5808610253499193e-7
1922.9999999999998 3.576208307040919e-7
1924.0 3.5715686652061013e-7
1925.0 3.5669420708021705e-7
1926.0 3.5623284949201525e-7
1927.0 3.5577279087834683e-7
1928.0000000000002 3.5531402837491814e-7
1929.0 3.5485655913095855e-7
1930.0 3.5440038030895934e-7
1931.0000000000002 3.5394548908508166e-7
1932.0 3.5349188264867e-7
1933.0 3.5303955820270714e-7
1933.9999999999998 3.525885129636555e-7
1935.0 3.5213874416146314e-7
1936.0 3.5169024903966936e-7
1937.0 3.5124302485518693e-7
1938.0 3.507970688787047e-7
1939.0000000000002 3.503523783944159e-7
1940.0 3.499089506999863e-7
1941.0 3.494667831068009e-7
1942.0000000000002 3.4902587293976866e-7
1943.0 3.485862175375138e-7
1944.0 3.4814781425227777e-7
1944.9999999999998 3.477106604498453e-7
1946.0 3.4727475350976856e-7
1947.0 3.468400908251694e-7
1948.0 3.4640666980282723e-7
1949.0 3.4597448786328586e-7
1950.0000000000002 3.455435424406727e-7
1951.0 3.4511383098288334e-7
1952.0 3.4468535095141014e-7
1953.0000000000002 3.442580998215182e-7
1954.0 3.4383207508201173e-7
1955.0 3.434072742356439e-7
1955.9999999999998 3.42983694798647e-7
1957.0 3.425613343009898e-7
1958.0 3.421401902864124e-7
1959.0 3.4172026031228703e-7
1960.0 3.4130154194972865e-7
1961.0000000000002 3.408840327834327e-7
1962.0 3.4046773041192875e-7
1963.0 3.400526324474059e-7
1964.0000000000002 3.396387365155556e-7
1965.0 3.392260402560016e-7
1966.0 3.388145413218427e-7
1966.9999999999998 3.384042373799875e-7
1968.0 3.379951261108388e-7
1969.0 3.375872052085769e-7
1970.0 3.371804723809253e-7
1971.0 3.367749253493425e-7
1972.0 3.3637056184883343e-7
1973.0 3.3596737962799137e-7
1974.0 3.355653764490964e-7
1975.0000000000002 3.351645500878909e-7
1976.0 3.3476489833371806e-7
1977.0 3.3436641898952737e-7
1977.9999999999998 3.339691098718068e-7
1979.0 3.335729688104411e-7
1980.0 3.331779936490415e-7
1981.0 3.3278418224446686e-7
1982.0 3.3239153246722133e-7
1983.0 3.320000422012103e-7
1984.0 3.316097093436969e-7
1985.0 3.3122053180547893e-7
1986.0000000000002 3.308325075106654e-7
1987.0 3.3044563439670406e-7
1988.0 3.300599104144803e-7
1988.9999999999998 3.296753335281489e-7
1990.0 3.292919017151286e-7
1991.0 3.2890961296614e-7
1992.0 3.2852846528521075e-7
1993.0 3.2814845668943717e-7
1994.0 3.2776958520920883e-7
1995.0 3.2739184888803676e-7
1996.0 3.270152457826278e-7
1997.0000000000002 3.266397739626643e-7
1998.0 3.262654315109935e-7
1999.0 3.2589221652349284e-7
1999.9999999999998 3.2552012710893363e-7
