0.0 8.408514782457455e-6
1.0 8.408760981333379e-6
2.0 8.40949970588973e-6
3.0 8.410731340288502e-6
4.0 8.412456524510247e-6
5.0 8.414676155949283e-6
6.0 8.417391390169182e-6
7.0 8.420603641310163e-6
8.0 8.424314584405239e-6
9.0 8.428526156476894e-6
10.0 8.433240559199036e-6
10.999999999999998 8.43846025999438e-6
12.0 8.44418799564278e-6
13.000000000000002 8.45042677491312e-6
14.0 8.457179880882624e-6
14.999999999999998 8.464450875108805e-6
16.0 8.472243600876361e-6
17.0 8.480562187665387e-6
18.0 8.489411054494351e-6
19.0 8.498794915373855e-6
20.0 8.508718784254568e-6
21.0 8.51918797959929e-6
21.999999999999996 8.53020813043585e-6
23.0 8.541785182378881e-6
24.0 8.553925403905526e-6
25.0 8.566635392990795e-6
26.000000000000004 8.57992208425891e-6
27.0 8.593792756335875e-6
28.0 8.608255040049912e-6
29.0 8.623316926736777e-6
29.999999999999996 8.638986776956687e-6
31.0 8.65527332999994e-6
32.0 8.67218571359345e-6
33.0 8.68973345397234e-6
34.0 8.707926487097394e-6
35.0 8.726775170265595e-6
36.0 8.746290292661122e-6
37.0 8.76648309062949e-6
38.0 8.78736525823808e-6
39.0 8.808948962863454e-6
40.0 8.831246859271312e-6
41.0 8.85427210487267e-6
42.0 8.878038376626969e-6
43.0 8.902559886955253e-6
43.99999999999999 8.927851402600464e-6
45.0 8.953928262515916e-6
46.0 8.980806398496273e-6
47.0 9.008502355346773e-6
48.0 9.037033312595655e-6
49.0 9.066417108185269e-6
50.0 9.096672261835445e-6
51.0 9.127818000734566e-6
52.00000000000001 9.159874287076077e-6
53.0 9.192861844556765e-6
54.0 9.226802189604712e-6
55.0 9.261717662592236e-6
56.0 9.297631459523314e-6
57.0 9.334567668740008e-6
58.0 9.372551305734755e-6
59.0 9.411608353901932e-6
59.99999999999999 9.451765804003112e-6
61.0 9.49305169807607e-6
62.0 9.53549517475826e-6
63.0 9.579126518503808e-6
64.0 9.623977210427877e-6
65.0 9.670079981867265e-6
66.0 9.71746887243486e-6
67.0 9.766179291171622e-6
68.0 9.816248080524682e-6
69.0 9.86771358440563e-6
70.0 9.920615722443422e-6
71.0 9.974996065361285e-6
72.0 1.0030897917795216e-5
73.0 1.0088366406050563e-5
74.0 1.0147448569343321e-5
75.0 1.0208193459895467e-5
76.0 1.0270652248517702e-5
77.0 1.0334878334859701e-5
78.0 1.0400927468460046e-5
79.0 1.0468857877211e-5
80.0 1.0538730401151685e-5
81.0 1.0610608640486448e-5
82.0 1.0684559110362125e-5
83.00000000000001 1.0760651408018227e-5
84.0 1.0838958391474509e-5
85.0 1.0919556370520318e-5
86.0 1.1002525312271842e-5
87.0 1.1087949062759712e-5
87.99999999999999 1.1175915581165678e-5
89.0 1.1266517196594082e-5
90.0 1.135985088244857e-5
91.0 1.1456018548291443e-5
92.0 1.1555127361601512e-5
92.99999999999999 1.1657290089327853e-5
94.0 1.176262546708318e-5
95.0 1.1871258602165178e-5
96.0 1.1983321405082916e-5
97.0 1.2098953058668643e-5
98.0 1.2218300528183211e-5
99.00000000000001 1.2341519112675559e-5
100.0 1.2468773043978077e-5
101.0 1.2600236140933015e-5
102.0 1.2736092517071052e-5
103.0 1.2876537357631782e-5
104.00000000000001 1.3021777764935507e-5
105.0 1.3172033679318044e-5
106.0 1.3327538892742484e-5
107.0 1.3488542157582333e-5
108.0 1.3655308398421149e-5
108.99999999999999 1.3828120051074093e-5
110.0 1.4007278532557143e-5
111.0 1.419310585894888e-5
112.0 1.4385946436328868e-5
113.0 1.4586169037918292e-5
114.0 1.4794168991835236e-5
115.00000000000001 1.5010370614974958e-5
116.0 1.5235229910314415e-5
117.0 1.5469237574893606e-5
118.0 1.5712922354204794e-5
119.0 1.5966854793723183e-5
119.99999999999999 1.6231651439219914e-5
121.0 1.6507979550466944e-5
122.0 1.6796562407612787e-5
123.0 1.7098185296210248e-5
124.0 1.741370226440308e-5
124.99999999999999 1.7744043791458047e-5
126.0 1.8090225487769384e-5
127.0 1.8453358014893794e-5
128.0 1.883465841823116e-5
129.0 1.923546309830037e-5
130.0 1.965724273441875e-5
131.0 2.0101619480852377e-5
132.0 2.0570386854750292e-5
133.0 2.1065532831024087e-5
134.0 2.1589266740516928e-5
135.0 2.214405072056769e-5
136.0 2.273263665754406e-5
137.0 2.3358109723943055e-5
138.0 2.40239399474196e-5
139.0 2.473404355208487e-5
140.0 2.5492856304238145e-5
141.0 2.6305421624971613e-5
142.0 2.7177497033113086e-5
143.0 2.811568346872923e-5
144.0 2.9127583305860987e-5
145.0 3.0221994716162992e-5
146.0 3.1409152250883135e-5
147.0 3.270102704764432e-5
148.0 3.4111705370229734e-5
149.0 3.5657877390044374e-5
150.0 3.735952496224783e-5
151.0 3.9241275142407155e-5
152.0 4.133789912568705e-5
153.0 4.3731674678320975e-5
154.0 4.678192707991571e-5
155.0 5.147483519044885e-5
156.0 5.716596549883014e-5
157.0 6.0944501071720226e-5
158.0 6.318585115472317e-5
159.0 6.676857316180199e-5
160.0 7.235278150031482e-5
161.0 7.946360651536348e-5
162.0 8.807913925613093e-5
163.0 9.845458721814842e-5
164.0 0.00011089970232561654
164.99999999999997 0.00012556930371600996
166.00000000000003 0.00014202944229741682
167.0 0.00015844093832584658
168.0 0.00017080281388365297
169.0 0.00017415741010080394
170.0 0.00016671114118630377
171.0 0.00015183021229394928
172.0 0.00013455390979389326
173.0 0.00011816908200111304
174.0 0.00010392781954156037
174.99999999999997 9.197386039355117e-5
175.99999999999997 8.204120427212365e-5
177.00000000000003 7.377678872262262e-5
178.0 6.68555103913219e-5
179.0 6.100925241560362e-5
180.0 5.602588881960282e-5
181.0 5.174006386423732e-5
182.0 4.802337056756797e-5
183.0 4.477630746468337e-5
184.0 4.192283904627878e-5
185.0 3.94087000634675e-5
185.99999999999997 3.720690395622387e-5
187.00000000000003 3.5339406602526295e-5
188.0 3.392604972859872e-5
189.0 3.3213635314590157e-5
190.0 3.3377925774766854e-5
191.0 3.4183171941506214e-5
192.0 3.5088952840463405e-5
193.0 3.553339969501908e-5
194.0 3.50537750767088e-5
195.0 3.3438044113313006e-5
196.0 3.085703369794056e-5
196.99999999999997 2.7782876241430234e-5
198.00000000000003 2.477428707671484e-5
199.0 2.2330673045206574e-5
200.0 2.0695170059078037e-5
201.0 1.9669915116000817e-5
202.0 1.8933153573147254e-5
203.0 1.831451239340085e-5
204.0 1.7753620766986948e-5
205.0 1.723052208853423e-5
206.0 1.6737669558504292e-5
206.99999999999997 1.6271327199962275e-5
208.00000000000003 1.58290486162066e-5
209.00000000000003 1.540891405701469e-5
210.0 1.5009281394253256e-5
211.0 1.4628693897638823e-5
212.0 1.426583900256789e-5
213.0 1.3919525215041428e-5
214.0 1.3588666377777743e-5
215.0 1.3272269500637631e-5
216.0 1.2969424688070517e-5
217.0 1.2679296520178449e-5
217.99999999999997 1.2401116555877089e-5
219.00000000000003 1.213417674926994e-5
220.0 1.1877823636866783e-5
221.0 1.1631453191192346e-5
222.0 1.1394506243533987e-5
223.0 1.11664644077737e-5
224.0 1.094684643753754e-5
225.0 1.0735204970122243e-5
226.0 1.0531123603415048e-5
227.0 1.0334214269824654e-5
228.0 1.0144114874743928e-5
228.99999999999997 9.96048716419249e-6
230.00000000000003 9.783014799444843e-6
231.0 9.611401617144999e-6
232.0 9.44537004830848e-6
233.0 9.284659685884689e-6
234.0 9.129025983498727e-6
235.0 8.978239067225398e-6
236.0 8.832082656006942e-6
237.0 8.690353072815645e-6
238.0 8.552858342986723e-6
238.99999999999997 8.419417367924521e-6
239.99999999999997 8.289859167427198e-6
241.00000000000003 8.164022184410045e-6
242.0 8.041753646799334e-6
243.0 7.922908979812768e-6
244.0 7.807351265362243e-6
245.0 7.694950742270072e-6
246.0 7.585584347105728e-6
247.0 7.479135288404681e-6
248.0 7.375492652875348e-6
249.0 7.274551042290969e-6
249.99999999999997 7.1762102353273934e-6
251.00000000000003 7.080374874600958e-6
252.0 6.986954177366371e-6
253.0 6.8958616635230774e-6
254.0 6.807014906814969e-6
255.0 6.720335300259341e-6
256.0 6.635747838626106e-6
257.0 6.553180915693622e-6
258.0 6.472566135967812e-6
259.0 6.393838137531497e-6
260.0 6.316934427897975e-6
261.0 6.241795230129439e-6
262.0 6.168363338915853e-6
263.0 6.096583986692538e-6
264.0 6.026404718219283e-6
265.0 5.95777527283679e-6
266.0 5.8906474756551185e-6
267.0 5.824975134902352e-6
268.0 5.760713946173789e-6
269.0 5.697821404462477e-6
270.0 5.636256720652274e-6
271.0 5.5759807448421025e-6
272.0 5.516955895855649e-6
273.0 5.459146094991168e-6
274.0 5.4025167062419564e-6
275.0 5.347034481420694e-6
276.0 5.292667510424138e-6
277.0 5.239385176836884e-6
278.0 5.187158118830911e-6
279.0 5.135958195028454e-6
280.0 5.085758456576276e-6
281.0 5.036533123592944e-6
282.0 4.988257568242781e-6
283.0 4.940908303487445e-6
284.0 4.894462978478845e-6
285.0 4.848900379375012e-6
286.0 4.804200438629504e-6
287.0 4.760344250267017e-6
288.0 4.7173140935933854e-6
289.0 4.675093465002986e-6
290.0 4.63366711786262e-6
291.0 4.59302111216394e-6
292.0 4.553142873239037e-6
293.0 4.5140212602696884e-6
294.0 4.475646645174832e-6
295.0 4.438011001792048e-6
296.0 4.401108005199239e-6
297.0 4.364933141079314e-6
298.0 4.3294838249075666e-6
299.0 4.2947595292347696e-6
300.0 4.2607619182392115e-6
301.0 4.227494986563926e-6
302.0 4.194965200652672e-6
303.0 4.163181636895974e-6
304.0 4.132156113419995e-6
305.0 4.101903307168425e-6
306.0 4.07244084985137e-6
307.0 4.043789393101358e-6
308.0 4.015972631296654e-6
309.0 3.989017270874955e-6
310.0 3.962952932193786e-6
311.0 3.937811970107765e-6
312.0 3.913629199773653e-6
313.0 3.8904415149289e-6
314.0 3.868287388450485e-6
315.0 3.847206249589448e-6
316.0 3.827237737060363e-6
317.0 3.8084208355314976e-6
318.0 3.7907929109903667e-6
319.0 3.7743886709412306e-6
320.0 3.7592390845298312e-6
321.0 3.7453703067137483e-6
322.0 3.7328026572028905e-6
323.0 3.7215497077296243e-6
324.0 3.7116175302667976e-6
325.0 3.7030041525078278e-6
326.0 3.6956992563449396e-6
327.0 3.689684140370873e-6
328.0 3.6849319503522227e-6
329.0 3.6814081643661897e-6
329.99999999999994 3.679071302584935e-6
331.0 3.6778738193291193e-6
332.00000000000006 3.6777631258632974e-6
333.0 3.6786826889092144e-6
334.0 3.680573150860993e-6
335.0 3.683373422841802e-6
336.0 3.6870217098089617e-6
337.0 3.6914564367445526e-6
338.0 3.6966170552363116e-6
339.0 3.7024447194836745e-6
340.0 3.70888282937723e-6
340.99999999999994 3.7158774450198245e-6
342.0 3.723377582140251e-6
343.00000000000006 3.7313354012549452e-6
344.0 3.7397063050434196e-6
345.0 3.74844895909448e-6
346.0 3.7575252506103473e-6
347.0 3.7669001988682003e-6
348.0 3.776541829524835e-6
349.0 3.7864210233299354e-6
349.99999999999994 3.79651134830687e-6
351.0 3.8067888825273545e-6
351.99999999999994 3.8172320334362975e-6
353.0 3.8278213581290825e-6
354.00000000000006 3.838539388128804e-6
355.0 3.849370461000799e-6
356.0 3.8603005604470196e-6
357.0 3.871317166110667e-6
358.0 3.882409113476254e-6
359.0 3.893566464184528e-6
360.0 3.904780386549404e-6
360.99999999999994 3.916043046163969e-6
362.0 3.927347506024641e-6
363.00000000000006 3.9386876356312185e-6
364.0 3.950058028650118e-6
365.0 3.961453928365233e-6
366.0 3.972871160415829e-6
367.0 3.98430607211255e-6
368.0 3.99575547793884e-6
369.0 4.007216610512797e-6
370.0 4.018687076529682e-6
371.0 4.030164817319682e-6
371.99999999999994 4.041648073449752e-6
373.0 4.053135353034182e-6
374.00000000000006 4.064625403315649e-6
375.0 4.076117185296704e-6
376.0 4.0876098510207785e-6
377.0 4.099102723173593e-6
378.0 4.110595276939286e-6
379.0 4.1220871237237895e-6
380.0 4.133577996597775e-6
381.0 4.14506773727936e-6
382.0 4.1565562844966675e-6
382.99999999999994 4.168043663569415e-6
384.0 4.179529977100364e-6
385.00000000000006 4.191015396647063e-6
386.0 4.202500155300729e-6
387.0 4.213984540932914e-6
388.0 4.2254688903245754e-6
389.0 4.236953583773749e-6
390.0 4.248439040334499e-6
391.0 4.259925713552268e-6
392.0 4.27141408762347e-6
393.0 4.282904673988694e-6
393.99999999999994 4.294398008254765e-6
395.0 4.305894647480108e-6
396.00000000000006 4.317395167708904e-6
397.0 4.328900161785723e-6
398.0 4.340410237405934e-6
399.0 4.351926015354516e-6
400.0 4.363448127954079e-6
401.0 4.374977217657266e-6
402.0 4.3865139358296956e-6
403.0 4.398058941609296e-6
404.0 4.409612900969383e-6
404.99999999999994 4.42117648575671e-6
406.0 4.432750373014851e-6
407.00000000000006 4.444335244200417e-6
408.0 4.455931784659877e-6
409.0 4.467540683000221e-6
410.0 4.479162630672096e-6
411.0 4.490798321562244e-6
412.0 4.502448451553654e-6
413.0 4.514113718297846e-6
413.99999999999994 4.525794820858277e-6
415.0 4.537492459542305e-6
416.00000000000006 4.5492073356435956e-6
417.0 4.560940151298069e-6
418.00000000000006 4.572691609308674e-6
419.0 4.5844624130643565e-6
420.0 4.596253266425082e-6
421.0 4.608064873628248e-6
422.0 4.619897939244786e-6
423.0 4.631753168148196e-6
424.0 4.643631265471399e-6
424.99999999999994 4.6555329365841645e-6
426.0 4.667458887131256e-6
427.00000000000006 4.679409822995371e-6
428.0 4.691386450343698e-6
429.0 4.703389475663043e-6
430.0 4.715419605749171e-6
431.0 4.727477547840983e-6
432.0 4.739564009565893e-6
433.0 4.751679699095757e-6
434.0 4.763825325102557e-6
435.0 4.776001596947902e-6
435.99999999999994 4.788209224649411e-6
437.0 4.800448919015533e-6
438.00000000000006 4.8127213917033184e-6
439.0 4.825027355307827e-6
440.0 4.837367523448476e-6
441.0 4.849742610851924e-6
442.0 4.862153333436555e-6
443.0 4.874600408444121e-6
444.0 4.88708455446605e-6
445.0 4.899606491597168e-6
446.0 4.912166941536377e-6
446.99999999999994 4.9247666276253475e-6
448.0 4.937406275019623e-6
449.00000000000006 4.950086610766392e-6
450.0 4.9628083638817224e-6
451.0 4.975572265499469e-6
452.0 4.988379048948066e-6
453.0 5.001229449858629e-6
454.0 5.014124206291014e-6
455.0 5.02706405883113e-6
456.0 5.040049750691078e-6
457.0 5.053082027842769e-6
457.99999999999994 5.066161639084911e-6
459.0 5.0792893362296765e-6
460.00000000000006 5.092465874124205e-6
461.0 5.1056920108507376e-6
462.0 5.118968507742278e-6
463.0 5.13229612961344e-6
464.0 5.145675644766535e-6
465.0 5.159107825182088e-6
466.0 5.172593446590472e-6
467.0 5.186133288602941e-6
468.0 5.199728134836155e-6
468.99999999999994 5.213378773027487e-6
470.0 5.227085995126318e-6
471.00000000000006 5.240850597461816e-6
472.0 5.254673380818983e-6
473.0 5.268555150579393e-6
474.0 5.282496716822777e-6
475.0 5.296498894480492e-6
476.0 5.310562503436601e-6
477.0 5.3246883686303435e-6
477.99999999999994 5.338877320238077e-6
479.0 5.3531301937203585e-6
479.99999999999994 5.3674478300042205e-6
481.0 5.381831075604773e-6
482.00000000000006 5.396280782709883e-6
483.0 5.410797809338125e-6
484.0 5.425383019489112e-6
485.0 5.44003728320128e-6
486.0 5.45476147675861e-6
487.0 5.469556482756631e-6
488.0 5.4844231902988595e-6
488.99999999999994 5.4993624950427856e-6
490.0 5.514375299421923e-6
491.00000000000006 5.529462512707257e-6
492.0 5.544625051196868e-6
493.0 5.5598638383165746e-6
494.0 5.575179804760406e-6
495.0 5.590573888628606e-6
496.0 5.6060470355807154e-6
497.0 5.6216001989617515e-6
498.0 5.637234339931984e-6
499.0 5.652950427630485e-6
499.99999999999994 5.668749439307651e-6
501.0 5.684632360456835e-6
502.00000000000006 5.700600184966175e-6
503.0 5.716653915281516e-6
504.0 5.732794562522863e-6
505.0 5.749023146639374e-6
506.0 5.7653406965923275e-6
507.0 5.781748250428647e-6
508.0 5.798246855534944e-6
509.0 5.8148375686841e-6
510.0 5.831521456263719e-6
510.99999999999994 5.848299594403558e-6
512.0 5.865173069115882e-6
513.0 5.882142976468451e-6
514.0 5.8992104227555755e-6
515.0 5.916376524618827e-6
516.0 5.93364240925782e-6
517.0 5.951009214529421e-6
518.0 5.968478089151653e-6
519.0 5.9860501928860455e-6
520.0 6.003726696632591e-6
521.0 6.02150878265529e-6
522.0 6.0393976447248405e-6
523.0 6.057394488308269e-6
524.0 6.07550053067882e-6
525.0 6.093717001162741e-6
526.0 6.112045141268521e-6
527.0 6.1304862048472815e-6
528.0 6.149041458299489e-6
529.0 6.167712180712401e-6
530.0 6.186499664080908e-6
531.0 6.205405213427063e-6
532.0 6.224430147013625e-6
533.0 6.243575796536081e-6
534.0 6.262843507236759e-6
535.0 6.282234638158824e-6
536.0 6.301750562262397e-6
537.0 6.321392666670286e-6
538.0 6.3411623527624255e-6
539.0 6.361061036443252e-6
540.0 6.381090148281076e-6
541.0 6.401251133674208e-6
542.0 6.421545453077162e-6
543.0 6.441974582141332e-6
544.0 6.462540011933402e-6
545.0 6.483243249084036e-6
546.0 6.504085815980118e-6
547.0 6.525069250987088e-6
548.0 6.546195108556344e-6
549.0 6.56746495946971e-6
550.0 6.58888039098011e-6
551.0 6.610443007044017e-6
552.0 6.632154428395732e-6
553.0 6.65401629288409e-6
554.0 6.676030255490971e-6
555.0 6.698197988591945e-6
556.0 6.720521182128834e-6
557.0 6.743001543746759e-6
558.0 6.765640799001362e-6
559.0 6.788440691507099e-6
560.0 6.811402983089933e-6
561.0 6.834529453970296e-6
562.0 6.857821902944159e-6
563.0 6.881282147448234e-6
564.0 6.904912023859498e-6
565.0 6.928713387492162e-6
566.0 6.9526881128507536e-6
567.0 6.976838093729569e-6
568.0 7.001165243329868e-6
569.0 7.025671494427903e-6
570.0 7.050358799483849e-6
571.0 7.0752291307560295e-6
572.0 7.100284480399628e-6
573.0 7.125526860617038e-6
574.0 7.1509583037028636e-6
575.0 7.176580862159774e-6
576.0 7.2023966087884905e-6
577.0 7.228407636748605e-6
578.0 7.254616059599555e-6
579.0 7.281024011373113e-6
580.0 7.307633646643743e-6
581.0 7.334447140478904e-6
582.0 7.3614666885635454e-6
583.0 7.388694507085387e-6
584.0 7.41613283281601e-6
585.0 7.443783923030985e-6
586.0 7.471650055522623e-6
587.0 7.499733528440152e-6
588.0 7.528036660379586e-6
589.0 7.556561790108842e-6
590.0 7.585311276560579e-6
591.0 7.614287498677973e-6
592.0 7.643492855270463e-6
593.0 7.672929764777232e-6
594.0 7.702600665128834e-6
595.0 7.732508013474456e-6
596.0 7.76265428592344e-6
597.0 7.793041977304787e-6
598.0 7.823673600794902e-6
599.0 7.854551687586392e-6
600.0 7.885678786491679e-6
601.0 7.917057463577332e-6
602.0 7.94869030162656e-6
603.0 7.98057989973049e-6
604.0 8.012728872654144e-6
605.0 8.045139850342354e-6
606.0 8.07781547723514e-6
607.0 8.110758411629336e-6
608.0 8.143971324933112e-6
609.0 8.177456900889888e-6
610.0 8.21121783472482e-6
611.0 8.245256832320097e-6
612.0 8.279576609140527e-6
613.0 8.314179889358106e-6
614.0 8.349069404633212e-6
615.0 8.384247893046752e-6
616.0 8.419718097826596e-6
617.0 8.455482766012624e-6
618.0 8.491544647136584e-6
619.0 8.527906491686856e-6
620.0 8.564571049525093e-6
621.0 8.601541068300486e-6
622.0 8.638819291569084e-6
623.0 8.676408457071302e-6
624.0 8.714311294623593e-6
625.0 8.752530524154935e-6
626.0 8.79106885334453e-6
627.0 8.829928975498275e-6
628.0 8.86911356689336e-6
629.0 8.908625284326663e-6
630.0 8.94846676232364e-6
631.0 8.988640610233879e-6
632.0 9.02914940926986e-6
633.0 9.069995709227811e-6
634.0 9.111182025181889e-6
635.0 9.152710833943556e-6
636.0 9.19458457030503e-6
637.0 9.236805623183317e-6
638.0 9.27937633142652e-6
639.0 9.322298979624905e-6
640.0 9.365575793476969e-6
641.0 9.409208935083143e-6
642.0 9.453200497957256e-6
643.0 9.497552501785754e-6
644.0 9.542266886984971e-6
645.0 9.587345508957417e-6
646.0 9.632790132015385e-6
647.0 9.678602423204425e-6
648.0 9.724783945635042e-6
649.0 9.771336151645326e-6
650.0 9.81826037561107e-6
651.0 9.865557826375594e-6
652.0 9.913229579431542e-6
653.0000000000001 9.96127656874803e-6
654.0 1.0009699578161658e-5
655.0 1.005849923245093e-5
656.0 1.0107675988093201e-5
657.0 1.0157230123454241e-5
658.0 1.0207161728757877e-5
659.0 1.0257470695564941e-5
659.9999999999999 1.0308156705802365e-5
661.0 1.035921922034265e-5
662.0 1.0410657467216168e-5
663.0 1.0462470429248027e-5
664.0000000000001 1.0514656831380243e-5
665.0 1.0567215127296147e-5
666.0 1.0620143485818855e-5
667.0 1.0673439776511183e-5
668.0 1.0727101555040723e-5
669.0 1.078112604783343e-5
670.0 1.0835510136359847e-5
670.9999999999999 1.0890250340747907e-5
672.0 1.0945342802966109e-5
673.0 1.1000783269434179e-5
674.0 1.1056567073127048e-5
675.0000000000001 1.1112689115099334e-5
676.0 1.1169143845495634e-5
677.0 1.1225925244091289e-5
678.0 1.1283026800219616e-5
679.0 1.1340441492247467e-5
680.0 1.1398161766528488e-5
681.0 1.1456179515939948e-5
681.9999999999999 1.1514486057842787e-5
683.0 1.1573072111674619e-5
684.0 1.1631927776198977e-5
685.0 1.1691042506089564e-5
686.0000000000001 1.1750405088660342e-5
687.0 1.1810003619678371e-5
688.0 1.1869825479486264e-5
688.9999999999999 1.1929857308507934e-5
690.0 1.1990084982770155e-5
691.0 1.2050493589318841e-5
692.0 1.2111067401594668e-5
692.9999999999999 1.217178985485294e-5
694.0 1.2232643521700799e-5
695.0 1.2293610087943261e-5
696.0 1.2354670328592424e-5
697.0000000000001 1.2415804084458458e-5
698.0 1.2476990239193465e-5
699.0 1.2538206697078945e-5
699.9999999999999 1.2599430361480745e-5
701.0 1.266063711441924e-5
702.0 1.2721801797011303e-5
703.0 1.2782898191311492e-5
703.9999999999999 1.2843899003643219e-5
705.0 1.290477584915515e-5
706.0 1.296549923859885e-5
707.0 1.3026038566765924e-5
708.0000000000001 1.3086362103208324e-5
709.0 1.3146436985254874e-5
710.0 1.3206229213725539e-5
710.9999999999999 1.3265703651387018e-5
712.0 1.3324824024361783e-5
713.0 1.338355292691636e-5
714.0 1.3441851829698335e-5
715.0000000000001 1.3499681091674715e-5
716.0 1.3556999975976622e-5
717.0 1.3613766670066845e-5
718.0 1.3669938310176069e-5
719.0000000000001 1.3725471010352404e-5
720.0 1.3780319896471742e-5
721.0 1.3834439145159186e-5
721.9999999999999 1.3887782028001544e-5
723.0 1.3940300961018597e-5
724.0 1.3991947559821553e-5
725.0 1.4042672700392618e-5
726.0000000000001 1.4092426585469419e-5
727.0 1.4141158816932676e-5
728.0 1.4188818474034758e-5
729.0 1.42353541974401e-5
730.0 1.4280714279135154e-5
731.0 1.4324846758184564e-5
732.0 1.4367699521987791e-5
732.9999999999999 1.4409220413242117e-5
734.0 1.4449357342032262e-5
735.0 1.4488058403082105e-5
736.0 1.4525271997566774e-5
737.0000000000001 1.456094695953703e-5
738.0 1.4595032686111731e-5
739.0 1.4627479271236048e-5
740.0 1.4658237642474564e-5
741.0 1.4687259700096465e-5
742.0 1.4714498458221142e-5
743.0 1.4739908186796656e-5
743.9999999999999 1.4763444554346256e-5
745.0 1.4785064770278133e-5
746.0 1.4804727726171969e-5
747.0 1.4822394135326311e-5
748.0000000000001 1.4838026669581129e-5
749.0 1.4851590092715804e-5
750.0 1.4863051389574557e-5
751.0 1.4872379890013778e-5
752.0 1.4879547386994133e-5
753.0 1.4884528247813784e-5
754.0 1.4887299517906194e-5
754.9999999999999 1.4887841016348987e-5
756.0 1.4886135422431528e-5
757.0 1.4882168352550417e-5
758.0 1.4875928427006242e-5
759.0000000000001 1.4867407326038784e-5
760.0 1.4856599834623464e-5
761.0 1.484350387587933e-5
762.0 1.4828120532509857e-5
763.0 1.4810454056282667e-5
764.0 1.4790511865371079e-5
765.0 1.4768304529434474e-5
765.9999999999999 1.4743845742770697e-5
767.0 1.4717152285335526e-5
768.0 1.4688243972174192e-5
769.0 1.4657143591538071e-5
770.0000000000001 1.4623876831918297e-5
771.0 1.4588472198800043e-5
772.0 1.4550960921427916e-5
773.0 1.4511376850368577e-5
774.0 1.4469756346575558e-5
775.0 1.4426138162540218e-5
776.0 1.4380563316483843e-5
776.9999999999999 1.4333074960403639e-5
778.0 1.4283718242660803e-5
779.0 1.423254016609473e-5
780.0 1.4179589442562528e-5
781.0000000000001 1.4124916344662427e-5
782.0 1.406857255558411e-5
783.0 1.401061101786709e-5
784.0 1.3951085781944906e-5
785.0 1.3890051855215631e-5
786.0 1.3827565052449028e-5
787.0 1.3763681848158434e-5
787.9999999999999 1.3698459231709138e-5
789.0 1.363195456563985e-5
790.0 1.3564225447939828e-5
791.0 1.3495329578648344e-5
792.0000000000001 1.3425324631335376e-5
793.0 1.3354268129709155e-5
794.0 1.3282217329934906e-5
795.0 1.3209229108785546e-5
796.0 1.3135359857774305e-5
797.0 1.3060665383724595e-5
798.0 1.298520081576501e-5
798.9999999999999 1.2909020518585469e-5
800.0 1.283217801253335e-5
801.0 1.2754725900044769e-5
802.0 1.2676715798663386e-5
803.0000000000001 1.2598198280309315e-5
804.0 1.2519222816961857e-5
805.0 1.243983773254765e-5
806.0 1.2360090160628766e-5
807.0 1.2280026007891662e-5
808.0 1.2199689923392037e-5
809.0 1.2119125272972362e-5
809.9999999999999 1.2038374118721231e-5
811.0 1.1957477203525242e-5
812.0 1.1876473939961994e-5
813.0 1.179540240365495e-5
814.0000000000001 1.1714299330640739e-5
815.0 1.1633200118544645e-5
816.0 1.155213883128538e-5
816.9999999999999 1.1471148206969603e-5
818.0 1.1390259668909557e-5
819.0 1.1309503339283813e-5
820.0 1.1228908055374554e-5
820.9999999999999 1.1148501387970278e-5
822.0 1.1068309661932584e-5
823.0 1.098835797840932e-5
824.0 1.0908670238908471e-5
825.0000000000001 1.0829269170405241e-5
826.0 1.0750176352028064e-5
827.0 1.0671412242468401e-5
827.9999999999999 1.0592996208487793e-5
829.0 1.0514946553991297e-5
830.0 1.0437280549738516e-5
831.0 1.0360014463325375e-5
832.0000000000001 1.0283163589619718e-5
833.0 1.0206742281327489e-5
834.0 1.0130763979514736e-5
835.0 1.0055241244312654e-5
836.0000000000001 9.980185785154238e-6
837.0 9.905608491240557e-6
838.0 9.831519461297083e-6
838.9999999999999 9.757928033319728e-6
840.0 9.684842813680157e-6
841.0 9.612271705963357e-6
842.0 9.540221939084363e-6
843.0000000000001 9.468700095088394e-6
844.0 9.3977121361602e-6
845.0 9.327263431290464e-6
846.0 9.257358781971532e-6
847.0000000000001 9.188002447507128e-6
848.0 9.119198169625236e-6
849.0 9.050949196225996e-6
849.9999999999999 8.9832583046771e-6
851.0 8.916127824291756e-6
852.0 8.849559658061274e-6
853.0 8.783555303855614e-6
854.0000000000001 8.718115874778948e-6
855.0 8.653242118900822e-6
856.0 8.58893443829524e-6
857.0 8.52519290741586e-6
858.0 8.462017290797693e-6
859.0 8.399407060056071e-6
860.0 8.337361410342735e-6
860.9999999999999 8.27587927609679e-6
862.0 8.21495934614665e-6
863.0 8.154600078303601e-6
864.0 8.094799713318974e-6
865.0000000000001 8.035556288263385e-6
866.0 7.976867649295758e-6
867.0 7.918731463998371e-6
868.0 7.861145233116533e-6
869.0 7.804106301764586e-6
870.0 7.747611870253438e-6
871.0 7.691659004187974e-6
871.9999999999999 7.636244644460392e-6
873.0 7.5813656164353095e-6
874.0 7.52701863896974e-6
875.0 7.473200332848179e-6
876.0000000000001 7.419907228923396e-6
877.0 7.367135775756567e-6
878.0 7.314882347022841e-6
879.0 7.263143248401862e-6
880.0 7.2119147242735095e-6
881.0 7.161192963954349e-6
882.0 7.110974107718383e-6
882.9999999999999 7.061254252440573e-6
884.0 7.012029456935958e-6
885.0 6.96329574711367e-6
886.0 6.915049120729226e-6
887.0000000000001 6.8672855519830555e-6
888.0 6.82000099585022e-6
889.0 6.773191392102659e-6
890.0 6.7268526692198144e-6
891.0 6.680980747956852e-6
892.0 6.635571544814313e-6
893.0 6.590620975221014e-6
893.9999999999999 6.546124956619292e-6
895.0 6.502079411271041e-6
896.0 6.458480268983867e-6
897.0 6.415323469609743e-6
898.0000000000001 6.37260496536859e-6
899.0 6.330320723126764e-6
900.0 6.288466726403967e-6
901.0 6.2470389773199285e-6
902.0 6.206033498428674e-6
903.0 6.165446334350881e-6
904.0 6.125273553378564e-6
904.9999999999999 6.0855112488605e-6
906.0 6.046155540611641e-6
907.0 6.007202576093275e-6
908.0 5.9686485316059715e-6
909.0000000000001 5.930489613300667e-6
910.0 5.892722058191278e-6
911.0 5.855342134960785e-6
912.0 5.8183461448762085e-6
913.0 5.781730422378692e-6
914.0 5.745491335859761e-6
915.0 5.709625288184705e-6
915.9999999999999 5.674128717250068e-6
917.0 5.638998096436862e-6
918.0 5.604229935001232e-6
919.0 5.569820778452314e-6
920.0000000000001 5.535767208849367e-6
921.0 5.502065845053134e-6
922.0 5.468713342913213e-6
923.0 5.435706395444278e-6
924.0 5.403041732949403e-6
925.0 5.370716123089372e-6
926.0 5.338726370918804e-6
926.9999999999999 5.3070693189136346e-6
928.0 5.275741846925543e-6
929.0 5.244740872120771e-6
930.0 5.21406334889133e-6
931.0000000000001 5.183706268759435e-6
932.0 5.15366666018312e-6
933.0 5.123941588421028e-6
934.0 5.094528155339302e-6
935.0 5.065423499145056e-6
936.0 5.0366247942078264e-6
937.0 5.008129250754475e-6
937.9999999999999 4.979934114575102e-6
939.0 4.952036666768323e-6
940.0 4.9244342233824404e-6
941.0 4.897124135093768e-6
942.0000000000001 4.870103786840039e-6
943.0 4.843370597473437e-6
944.0 4.816922019358338e-6
944.9999999999999 4.790755537988531e-6
946.0 4.764868671567037e-6
947.0 4.739258970582122e-6
948.0 4.713924017386285e-6
948.9999999999999 4.6888614257364395e-6
950.0 4.664068840338589e-6
951.0 4.639543936375662e-6
952.0 4.6152844190553816e-6
953.0000000000001 4.591288023083603e-6
954.0 4.5675525121914004e-6
955.0 4.544075678636468e-6
955.9999999999999 4.520855342655061e-6
957.0 4.497889351983581e-6
958.0 4.4751755813022216e-6
959.0 4.452711931681147e-6
959.9999999999999 4.430496330080325e-6
961.0 4.4085267287558395e-6
962.0 4.386801104725461e-6
963.0 4.365317459183604e-6
964.0000000000001 4.34407381694759e-6
965.0 4.3230682258613304e-6
966.0 4.302298756230034e-6
966.9999999999999 4.281763500210721e-6
968.0 4.2614605712262645e-6
969.0 4.241388103367341e-6
970.0 4.2215442507753066e-6
971.0000000000001 4.201927187038873e-6
972.0 4.182535104574981e-6
973.0 4.16336621399647e-6
974.0 4.144418743516531e-6
975.0000000000001 4.125690938284414e-6
976.0 4.1071810597729e-6
977.0 4.088887385129893e-6
977.9999999999999 4.070808206537483e-6
979.0 4.052941830579409e-6
980.0 4.035286577581774e-6
981.0 4.017840780956429e-6
982.0000000000001 4.000602786559575e-6
983.0 3.983570952032663e-6
984.0 3.966743646149661e-6
985.0 3.950119248135769e-6
986.0 3.9336961470414545e-6
987.0 3.917472741035685e-6
988.0 3.901447436795142e-6
988.9999999999999 3.885618648799373e-6
990.0 3.869984798692439e-6
991.0 3.854544314604215e-6
992.0 3.8392956305073925e-6
993.0000000000001 3.8242371855421e-6
994.0 3.8093674233740565e-6
995.0 3.7946847915257426e-6
996.0 3.780187740736184e-6
997.0 3.7658747243085894e-6
998.0 3.751744197471636e-6
999.0 3.7377946167357735e-6
999.9999999999999 3.724024439269451e-6
1001.0 3.7104321222607904e-6
1002.0 3.6970161223193227e-6
1003.0 3.683774894848297e-6
1004.0000000000001 3.6707068934437095e-6
1005.0 3.6578105693161504e-6
1006.0 3.6450843706959315e-6
1007.0 3.632526742261582e-6
1008.0 3.620136124593813e-6
1009.0 3.607910953609781e-6
1010.0 3.595849660044859e-6
1010.9999999999999 3.583950668931585e-6
1012.0 3.572212399086925e-6
1013.0 3.5606332626351494e-6
1014.0 3.5492116645375053e-6
1015.0000000000001 3.5379460021337552e-6
1016.0 3.5268346647109196e-6
1017.0 3.5158760330932535e-6
1018.0 3.5050684792457605e-6
1019.0 3.494410365907439e-6
1020.0 3.4839000462311076e-6
1021.0 3.473535863475131e-6
1021.9999999999999 3.463316150679999e-6
1023.0 3.4532392304133407e-6
1024.0 3.4433034145057367e-6
1025.0 3.433507003821036e-6
1026.0 3.4238482880797193e-6
1027.0 3.4143255456638607e-6
1028.0 3.4049370434966315e-6
1029.0 3.395681036913244e-6
1030.0 3.3865557695937386e-6
1031.0 3.3775594735003745e-6
1032.0 3.368690368862689e-6
1033.0 3.3599466641815514e-6
1034.0 3.351326556277297e-6
1035.0 3.3428282303564985e-6
1036.0 3.3344498601257266e-6
1037.0 3.3261896079204323e-6
1038.0 3.318045624881622e-6
1039.0 3.310016051159025e-6
1040.0 3.302099016145218e-6
1041.0 3.2942926387432356e-6
1042.0 3.2865950276694168e-6
1043.0 3.27900428178861e-6
1044.0 3.2715184904725837e-6
1045.0 3.2641357340040586e-6
1046.0 3.2568540840037303e-6
1047.0 3.249671603884343e-6
1048.0 3.242586349346384e-6
1049.0 3.2355963688942215e-6
1050.0 3.2286997043835203e-6
1051.0 3.2218943915978567e-6
1052.0 3.215178460854729e-6
1053.0 3.208549937631878e-6
1054.0 3.202006843225216e-6
1055.0 3.1955471954309745e-6
1056.0 3.1891690092455777e-6
1057.0 3.1828702975946207e-6
1058.0 3.176649072080154e-6
1059.0 3.170503343748166e-6
1060.0 3.1644311238734113e-6
1061.0 3.158430424767463e-6
1062.0 3.152499260592257e-6
1063.0 3.1466356482003294e-6
1064.0 3.140837607980534e-6
1065.0 3.135103164715779e-6
1066.0 3.129430348456647e-6
1067.0 3.123817195398627e-6
1068.0 3.1182617487664073e-6
1069.0 3.11276205971035e-6
1070.0 3.1073161881991783e-6
1071.0 3.101922203918867e-6
1072.0 3.096578187175493e-6
1073.0 3.0912822297922547e-6
1074.0 3.0860324360072456e-6
1075.0 3.0808269233725087e-6
1076.0 3.0756638236348662e-6
1077.0 3.070541283626903e-6
1078.0 3.0654574661371255e-6
1079.0 3.0604105507756144e-6
1080.0 3.055398734829437e-6
1081.0 3.050420234105553e-6
1082.0 3.045473283757208e-6
1083.0 3.0405561390972847e-6
1084.0 3.0356670763987717e-6
1085.0 3.030804393670798e-6
1086.0 3.025966411420084e-6
1087.0 3.02115147339208e-6
1088.0 3.0163579472922675e-6
1089.0 3.011584225481535e-6
1090.0 3.0068287256522904e-6
1091.0 3.0020898914786184e-6
1092.0 2.9973661932408356e-6
1093.0 2.9926561284264144e-6
1094.0 2.987958222304065e-6
1095.0 2.9832710284676255e-6
1096.0 2.9785931293549675e-6
1097.0 2.973923136738825e-6
1098.0 2.969259692184034e-6
1099.0 2.9646014674804404e-6
1100.0 2.959947165045148e-6
1101.0 2.9552955182891706e-6
1102.0 2.9506452919614817e-6
1103.0 2.9459952824558827e-6
1104.0 2.9413443180893062e-6
1105.0 2.9366912593490038e-6
1106.0 2.9320349991118978e-6
1107.0 2.9273744628230365e-6
1108.0 2.922708608654831e-6
1109.0 2.918036427629993e-6
1110.0 2.913356943709723e-6
1111.0 2.908669213860551e-6
1112.0 2.9039723280829237e-6
1113.0 2.8992654094154143e-6
1114.0 2.894547613904482e-6
1115.0 2.889818130552245e-6
1116.0 2.885076181227586e-6
1117.0 2.8803210205537006e-6
1118.0 2.8755519357714055e-6
1119.0 2.8707682465695724e-6
1120.0 2.865969304889914e-6
1121.0 2.8611544947128444e-6
1122.0 2.8563232318102956e-6
1123.0 2.851474963479346e-6
1124.0 2.8466091682528438e-6
1125.0 2.8417253555849906e-6
1126.0 2.8368230655159572e-6
1127.0 2.8319018683162435e-6
1128.0 2.8269613641127475e-6
1129.0 2.8220011824911306e-6
1130.0 2.8170209820856104e-6
1131.0 2.81202045014702e-6
1132.0 2.806999302094783e-6
1133.0 2.8019572810559414e-6
1134.0 2.7968941573893448e-6
1135.0 2.791809728190334e-6
1136.0 2.786703816792199e-6
1137.0 2.7815762722480706e-6
1138.0 2.7764269688034703e-6
1139.0 2.7712558053609992e-6
1140.0 2.7660627049349777e-6
1141.0 2.760847614094577e-6
1142.0 2.7556105024054735e-6
1143.0 2.7503513618588355e-6
1144.0 2.7450702062984e-6
1145.0 2.739767070841654e-6
1146.0 2.7344420112969457e-6
1147.0 2.729095103575867e-6
1148.0 2.723726443106237e-6
1149.0 2.718336144240562e-6
1150.0 2.712924339663841e-6
1151.0 2.7074911798045028e-6
1152.0 2.70203683223895e-6
1153.0 2.6965614811058754e-6
1154.0 2.6910653265133394e-6
1155.0 2.6855485839567835e-6
1156.0 2.6800114837339697e-6
1157.0 2.6744542703656238e-6
1158.0 2.668877202019978e-6
1159.0 2.6632805499447865e-6
1160.0 2.657664597898033e-6
1161.0 2.6520296415922315e-6
1162.0 2.646375988138825e-6
1163.0 2.640703955502185e-6
1164.0 2.6350138719594243e-6
1165.0 2.6293060755697797e-6
1166.0 2.6235809136461628e-6
1167.0 2.617838742244716e-6
1168.0 2.6120799256508384e-6
1169.0 2.6063048358832027e-6
1170.0 2.6005138522033724e-6
1171.0 2.594707360634112e-6
1172.0 2.5888857534867058e-6
1173.0 2.5830494289011345e-6
1174.0 2.5771987903931077e-6
1175.0 2.571334246410894e-6
1176.0 2.56545620990431e-6
1177.0 2.5595650979028456e-6
1178.0 2.553661331104483e-6
1179.0 2.547745333473581e-6
1180.0 2.5418175318515486e-6
1181.0 2.5358783555762726e-6
1182.0 2.5299282361120803e-6
1183.0 2.5239676066927776e-6
1184.0 2.5179969019706586e-6
1185.0 2.5120165576811967e-6
1186.0 2.5060270103135044e-6
1187.0 2.5000286967961437e-6
1188.0 2.494022054188776e-6
1189.0 2.4880075193867735e-6
1190.0 2.481985528835194e-6
1191.0 2.4759565182545653e-6
1192.0 2.4699209223729267e-6
1193.0 2.4638791746735744e-6
1194.0 2.457831707146638e-6
1195.0 2.4517789500540636e-6
1196.0 2.4457213317043453e-6
1197.0 2.4396592782338493e-6
1198.0 2.4335932134022455e-6
1199.0 2.4275235583887544e-6
1200.0 2.4214507316091765e-6
1201.0 2.4153751485315228e-6
1202.0 2.4092972215039604e-6
1203.0 2.4032173595936855e-6
1204.0 2.3971359684297882e-6
1205.0 2.3910534500576327e-6
1206.0 2.3849702027992316e-6
1207.0 2.3788866211216634e-6
1208.0 2.372803095515037e-6
1209.0 2.3667200123754854e-6
1210.0 2.3606377538944777e-6
1211.0 2.354556697960642e-6
1212.0 2.3484772180622525e-6
1213.0 2.3423996831979576e-6
1214.0 2.336324457798031e-6
1215.0 2.330251901646942e-6
1216.0 2.3241823698121407e-6
1217.0 2.3181162125843755e-6
1218.0 2.3120537754168965e-6
1219.0 2.305995398874051e-6
1220.0 2.2999414185848973e-6
1221.0 2.2938921652019776e-6
1222.0 2.287847964362061e-6
1223.0 2.2818091366575487e-6
1224.0 2.2757759976079388e-6
1225.0 2.269748857636795e-6
1226.0 2.263728022054194e-6
1227.0 2.2577137910423387e-6
1228.0 2.2517064596465265e-6
1229.0 2.2457063177669637e-6
1230.0 2.2397136501581805e-6
1231.0 2.2337287364300034e-6
1232.0 2.2277518510494778e-6
1233.0 2.221783263352027e-6
1234.0 2.215823237550445e-6
1235.0 2.2098720327501387e-6
1236.0 2.2039299029634682e-6
1237.0 2.1979970971315213e-6
1238.0 2.1920738591446583e-6
1239.0 2.1861604278672284e-6
1240.0 2.180257037166422e-6
1241.0 2.1743639159365893e-6
1242.0 2.1684812881349908e-6
1243.0 2.1626093728120517e-6
1244.0 2.156748384147994e-6
1245.0 2.150898531489233e-6
1246.0 2.1450600193843276e-6
1247.0 2.139233047628503e-6
1248.0 2.1334178112997257e-6
1249.0 2.127614500806371e-6
1250.0 2.1218233019277877e-6
1251.0 2.116044395860814e-6
1252.0 2.110277959267259e-6
1253.0 2.1045241643185127e-6
1254.0 2.098783178745721e-6
1255.0 2.093055165889476e-6
1256.0 2.0873402847485683e-6
1257.0 2.0816386900300583e-6
1258.0 2.0759505322029023e-6
1259.0 2.0702759575481525e-6
1260.0 2.06461510821079e-6
1261.0 2.058968122254614e-6
1262.0 2.053335133713893e-6
1263.0 2.0477162726488853e-6
1264.0 2.042111665197579e-6
1265.0 2.036521433629771e-6
1266.0 2.0309456964052515e-6
1267.0 2.0253845682234605e-6
1268.0 2.0198381600807032e-6
1269.0 2.014306579325216e-6
1270.0 2.0087899297102743e-6
1271.0 2.0032883114504098e-6
1272.0 1.9978018212740722e-6
1273.0 1.9923305524811078e-6
1274.0 1.9868745949942485e-6
1275.0 1.981434035414642e-6
1276.0 1.976008957075828e-6
1277.0 1.9705994400993188e-6
1278.0 1.9652055614434815e-6
1279.0 1.9598273949624826e-6
1280.0 1.954465011453532e-6
1281.0 1.949118478716548e-6
1282.0 1.9437878615992943e-6
1283.0 1.9384732220551946e-6
1284.0 1.93317461918995e-6
1285.0 1.9278921093179303e-6
1286.0 1.9226257460085733e-6
1287.0 1.9173755801381087e-6
1288.0 1.9121416599415317e-6
1289.0 1.906924031058982e-6
1290.0 1.9017227365872958e-6
1291.0 1.8965378171255382e-6
1292.0 1.8913693108257488e-6
1293.0 1.88621725344023e-6
1294.0 1.8810816783674805e-6
1295.0 1.875962616696954e-6
1296.0 1.8708600972612732e-6
1297.0 1.8657741466728269e-6
1298.0 1.8607047893767066e-6
1299.0 1.8556520476894692e-6
1300.0 1.850615941846012e-6
1301.0 1.845596490041612e-6
1302.0 1.8405937084747618e-6
1303.0 1.835607611388962e-6
1304.0 1.830638211115382e-6
1305.0 1.8256855181125911e-6
1306.0000000000002 1.8207495410079886e-6
1307.0 1.8158302866361652e-6
1308.0 1.8109277600797011e-6
1308.9999999999998 1.8060419647084365e-6
1310.0 1.801172902215016e-6
1311.0 1.7963205726556439e-6
1312.0 1.7914849744841685e-6
1313.0 1.7866661045900614e-6
1314.0 1.7818639583357602e-6
1315.0 1.7770785295899407e-6
1316.0 1.772309810762108e-6
1317.0000000000002 1.7675577928380612e-6
1318.0 1.7628224654140182e-6
1319.0 1.7581038167294794e-6
1319.9999999999998 1.7534018336980335e-6
1321.0 1.748716501941521e-6
1322.0 1.7440478058223337e-6
1323.0 1.7393957284705e-6
1324.0 1.7347602518195916e-6
1325.0 1.7301413566330852e-6
1326.0 1.725539022533451e-6
1327.0 1.720953228035503e-6
1328.0000000000002 1.7163839505700456e-6
1329.0 1.7118311665126828e-6
1330.0 1.707294851215483e-6
1330.9999999999998 1.70277497902881e-6
1332.0 1.6982715233295494e-6
1333.0 1.6937844565493349e-6
1334.0 1.6893137501967503e-6
1335.0 1.684859374885501e-6
1336.0 1.6804213003570072e-6
1337.0 1.6759994955049632e-6
1338.0 1.6715939283995618e-6
1339.0000000000002 1.6672045663114e-6
1340.0 1.6628313757320503e-6
1341.0 1.6584743223995561e-6
1341.9999999999998 1.6541333713192582e-6
1343.0 1.6498084867821938e-6
1344.0 1.6454996323926293e-6
1345.0 1.6412067710838867e-6
1346.0 1.6369298651390885e-6
1347.0 1.6326688762141691e-6
1348.0 1.628423765354579e-6
1349.0 1.6241944930153714e-6
1350.0000000000002 1.6199810190803898e-6
1351.0 1.6157833028797052e-6
1352.0 1.6116013032094172e-6
1352.9999999999998 1.607434978347746e-6
1354.0 1.6032842860726093e-6
1355.0 1.5991491836794431e-6
1356.0 1.5950296279969506e-6
1357.0 1.590925575404858e-6
1358.0 1.586836981847705e-6
1359.0 1.5827638028520744e-6
1360.0 1.5787059935417261e-6
1361.0000000000002 1.5746635086522259e-6
1362.0 1.5706363025459754e-6
1363.0 1.5666243292260422e-6
1363.9999999999998 1.5626275423503034e-6
1365.0 1.558645895246719e-6
1366.0 1.5546793409251139e-6
1366.9999999999998 1.5507278320899278e-6
1368.0 1.5467913211551958e-6
1369.0 1.5428697602555791e-6
1370.0 1.5389631012597252e-6
1371.0 1.5350712957820033e-6
1372.0000000000002 1.5311942951930153e-6
1373.0 1.5273320506331095e-6
1374.0 1.523484513023791e-6
1374.9999999999998 1.5196516330767164e-6
1376.0 1.5158333613053886e-6
1377.0 1.512029648037509e-6
1377.9999999999998 1.5082404434236326e-6
1379.0 1.5044656974465119e-6
1380.0 1.5007053599327043e-6
1381.0 1.4969593805614143e-6
1382.0 1.4932277088751175e-6
1383.0000000000002 1.4895102942855875e-6
1384.0 1.485807086087359e-6
1385.0 1.4821180334615966e-6
1385.9999999999998 1.4784430854901238e-6
1387.0 1.4747821911595862e-6
1388.0 1.4711352993702741e-6
1388.9999999999998 1.4675023589470364e-6
1390.0 1.4638833186430694e-6
1391.0 1.4602781271512345e-6
1392.0 1.4566867331075412e-6
1393.0 1.4531090851031762e-6
1394.0000000000002 1.4495451316876874e-6
1395.0 1.4459948213766643e-6
1396.0 1.4424581026612124e-6
1396.9999999999998 1.4389349240110321e-6
1398.0 1.4354252338823369e-6
1399.0 1.43192898072493e-6
1399.9999999999998 1.4284461129868016e-6
1401.0 1.4249765791209611e-6
1402.0 1.42152032759173e-6
1403.0 1.4180773068789221e-6
1404.0 1.414647465484802e-6
1405.0000000000002 1.4112307519387298e-6
1406.0 1.407827114803441e-6
1407.0 1.404436502678078e-6
1407.9999999999998 1.4010588642052313e-6
1409.0 1.3976941480753632e-6
1410.0 1.394342303030356e-6
1410.9999999999998 1.391003277869997e-6
1412.0 1.387677021454252e-6
1413.0 1.3843634827101136e-6
1414.0 1.3810626106339261e-6
1415.0 1.3777743542963683e-6
1416.0000000000002 1.3744986628465719e-6
1417.0 1.3712354855146572e-6
1418.0 1.367984771618394e-6
1419.0000000000002 1.364746470563556e-6
1420.0 1.3615205318505526e-6
1421.0 1.3583069050756694e-6
1421.9999999999998 1.355105539935627e-6
1423.0 1.3519163862308091e-6
1424.0 1.3487393938674102e-6
1425.0 1.345574512862678e-6
1426.0 1.342421693345513e-6
1427.0000000000002 1.3392808855617116e-6
1428.0 1.336152039874949e-6
1429.0 1.3330351067705055e-6
1430.0000000000002 1.329930036858018e-6
1431.0 1.3268367808730662e-6
1432.0 1.3237552896814228e-6
1432.9999999999998 1.3206855142795667e-6
1434.0 1.3176274057992714e-6
1435.0 1.3145809155075572e-6
1436.0 1.3115459948107715e-6
1437.0 1.3085225952555439e-6
1438.0000000000002 1.3055106685312563e-6
1439.0 1.3025101664727501e-6
1440.0 1.2995210410608568e-6
1441.0000000000002 1.296543244426243e-6
1442.0 1.2935767288486623e-6
1443.0 1.2906214467612093e-6
1443.9999999999998 1.2876773507506656e-6
1445.0 1.284744393559376e-6
1446.0 1.281822528086774e-6
1447.0 1.2789117073909887e-6
1448.0 1.2760118846909763e-6
1449.0000000000002 1.2731230133663833e-6
1450.0 1.2702450469603467e-6
1451.0 1.2673779391803704e-6
1452.0000000000002 1.2645216438991267e-6
1453.0 1.2616761151562704e-6
1454.0 1.2588413071595765e-6
1454.9999999999998 1.256017174284826e-6
1456.0 1.2532036710793854e-6
1457.0 1.2504007522609335e-6
1458.0 1.2476083727185925e-6
1459.0 1.2448264875160228e-6
1460.0 1.2420550518894734e-6
1461.0 1.239294021250917e-6
1462.0 1.236543351186902e-6
1463.0000000000002 1.2338029974609902e-6
1464.0 1.2310729160135821e-6
1465.0 1.2283530629628136e-6
1465.9999999999998 1.2256433946061813e-6
1467.0 1.2229438674189266e-6
1468.0 1.2202544380558865e-6
1469.0 1.2175750633534493e-6
1470.0 1.2149057003271668e-6
1471.0 1.212246306174649e-6
1472.0 1.2095968382754534e-6
1473.0 1.2069572541905585e-6
1474.0000000000002 1.204327511663126e-6
1475.0 1.2017075686200919e-6
1476.0 1.1990973831712332e-6
1476.9999999999998 1.1964969136093223e-6
1478.0 1.193906118411272e-6
1479.0 1.1913249562386105e-6
1480.0 1.1887533859358051e-6
1481.0 1.1861913665325504e-6
1482.0 1.1836388572433604e-6
1483.0 1.1810958174667056e-6
1484.0 1.178562206787156e-6
1485.0000000000002 1.1760379849737798e-6
1486.0 1.1735231119796721e-6
1487.0 1.1710175479449062e-6
1487.9999999999998 1.168521253193528e-6
1489.0 1.1660341882354445e-6
1490.0 1.1635563137654385e-6
1491.0 1.161087590663579e-6
1492.0 1.1586279799952395e-6
1493.0 1.1561774430109473e-6
1494.0 1.1537359411460633e-6
1495.0 1.1513034360211899e-6
1496.0000000000002 1.1488798894415211e-6
1497.0 1.1464652633975344e-6
1498.0 1.1440595200634274e-6
1498.9999999999998 1.141662621798954e-6
1500.0 1.1392745311465908e-6
1501.0 1.1368952108348546e-6
1502.0 1.1345246237745188e-6
1503.0 1.1321627330611572e-6
1504.0 1.1298095019729218e-6
1505.0 1.127464893971493e-6
1506.0 1.1251288727018013e-6
1507.0000000000002 1.1228014019913944e-6
1508.0 1.1204824458500063e-6
1509.0 1.1181719684693855e-6
1509.9999999999998 1.1158699342234115e-6
1511.0 1.1135763076679485e-6
1512.0 1.1112910535389723e-6
1513.0 1.1090141367540024e-6
1514.0 1.106745522411422e-6
1515.0 1.1044851757888222e-6
1516.0 1.1022330623444825e-6
1517.0 1.0999891477156515e-6
1518.0000000000002 1.0977533977188897e-6
1519.0 1.095525778349278e-6
1520.0 1.093306255780402e-6
1520.9999999999998 1.0910947963639235e-6
1522.0 1.0888913666282772e-6
1523.0 1.0866959332796444e-6
1524.0 1.0845084632003117e-6
1525.0 1.0823289234497387e-6
1526.0 1.0801572812618808e-6
1527.0 1.0779935040473521e-6
1528.0 1.0758375593900217e-6
1529.0000000000002 1.073689415050366e-6
1530.0 1.0715490389607078e-6
1531.0 1.0694163992285786e-6
1531.9999999999998 1.0672914641333119e-6
1533.0 1.0651742021274918e-6
1534.0 1.063064581835327e-6
1535.0 1.0609625720535973e-6
1536.0 1.0588681417492126e-6
1537.0 1.0567812600599737e-6
1538.0 1.0547018962940015e-6
1539.0 1.0526300199287789e-6
1540.0000000000002 1.050565600611455e-6
1541.0 1.0485086081577145e-6
1542.0 1.0464590125503108e-6
1542.9999999999998 1.0444167839411378e-6
1544.0 1.0423818926485887e-6
1545.0 1.0403543091568758e-6
1546.0 1.0383340041175866e-6
1547.0 1.0363209483469166e-6
1548.0 1.034315112826428e-6
1549.0 1.0323164687024197e-6
1550.0 1.0303249872849175e-6
1551.0000000000002 1.028340640046928e-6
1552.0 1.0263633986256599e-6
1553.0 1.024393234819271e-6
1553.9999999999998 1.022430120588695e-6
1555.0 1.0204740280556276e-6
1556.0 1.0185249295034368e-6
1557.0 1.0165827973749695e-6
1558.0 1.0146476042727386e-6
1559.0 1.0127193229591325e-6
1560.0 1.0107979263545058e-6
1561.0 1.008883387538219e-6
1562.0000000000002 1.006975679745962e-6
1563.0 1.0050747763718482e-6
1564.0 1.0031806509654531e-6
1564.9999999999998 1.0012932772328256e-6
1566.0 9.99412629035524e-7
1567.0 9.97538680390069e-7
1568.0 9.956714054668886e-7
1569.0 9.938107785911198e-7
1570.0 9.919567742400022e-7
1571.0 9.901093670451586e-7
1572.0 9.882685317892441e-7
1573.0000000000002 9.864342434070197e-7
1574.0 9.846064769846396e-7
1575.0 9.827852077586545e-7
1575.9999999999998 9.809704111164644e-7
1577.0 9.791620625938411e-7
1578.0 9.773601378770233e-7
1579.0 9.755646128003805e-7
1580.0 9.737754633457732e-7
1581.0 9.719926656435502e-7
1582.0 9.702161959707299e-7
1583.0 9.684460307506224e-7
1584.0000000000002 9.66682146553134e-7
1585.0 9.649245200934196e-7
1586.0 9.631731282312833e-7
1586.9999999999998 9.614279479719666e-7
1588.0 9.596889564638186e-7
1589.0 9.57956130999014e-7
1590.0 9.56229449012889e-7
1591.0 9.545088880835723e-7
1592.0 9.527944259304501e-7
1593.0 9.510860404150911e-7
1594.0 9.493837095400441e-7
1595.0000000000002 9.47687411448323e-7
1596.0 9.459971244227504e-7
1597.0 9.443128268864605e-7
1597.9999999999998 9.426344974011367e-7
1599.0 9.4096211466753e-7
1600.0 9.392956575239993e-7
1601.0 9.376351049476894e-7
1602.0 9.359804360518958e-7
1603.0 9.3433163008711e-7
1604.0 9.32688666440513e-7
1605.0 9.310515246350396e-7
1606.0000000000002 9.294201843286261e-7
1607.0 9.277946253147433e-7
1608.0 9.261748275212328e-7
1608.9999999999998 9.245607710100271e-7
1610.0 9.229524359764556e-7
1611.0 9.213498027496317e-7
1612.0 9.197528517910603e-7
1613.0 9.181615636948398e-7
1614.0 9.165759191866539e-7
1615.0 9.149958991243571e-7
1616.0 9.134214844963528e-7
1617.0000000000002 9.118526564216427e-7
1618.0 9.10289396149961e-7
1619.0 9.087316850608491e-7
1619.9999999999998 9.071795046630336e-7
1621.0 9.056328365946069e-7
1622.0 9.040916626217717e-7
1622.9999999999998 9.025559646396964e-7
1624.0 9.0102572467101e-7
1625.0 8.995009248661584e-7
1626.0 8.979815475019236e-7
1627.0 8.964675749830187e-7
1628.0000000000002 8.949589898395243e-7
1629.0 8.934557747277028e-7
1630.0 8.919579124297982e-7
1630.9999999999998 8.904653858528388e-7
1632.0 8.889781780291856e-7
1633.0 8.874962721151845e-7
1633.9999999999998 8.860196513915538e-7
1635.0 8.845482992629689e-7
1636.0 8.830821992575134e-7
1637.0 8.816213350263962e-7
1638.0 8.801656903433484e-7
1639.0000000000002 8.787152491050188e-7
1640.0 8.772699953295898e-7
1641.0 8.758299131573771e-7
1641.9999999999998 8.743949868499877e-7
1643.0 8.729652007902862e-7
1644.0 8.715405394818614e-7
1644.9999999999998 8.701209875485125e-7
1646.0 8.687065297346886e-7
1647.0 8.672971509044535e-7
1648.0 8.658928360412552e-7
1649.0 8.644935702480087e-7
1650.0000000000002 8.630993387466428e-7
1651.0 8.61710126877328e-7
1652.0 8.603259200987984e-7
1652.9999999999998 8.589467039878955e-7
1654.0 8.57572464239454e-7
1655.0 8.562031866652066e-7
1655.9999999999998 8.548388571945664e-7
1657.0 8.534794618734243e-7
1658.0 8.521249868648558e-7
1659.0 8.507754184477704e-7
1660.0 8.494307430176454e-7
1661.0000000000002 8.480909470852531e-7
1662.0 8.467560172774393e-7
1663.0 8.454259403357832e-7
1664.0000000000002 8.441007031176863e-7
1665.0 8.42780292594285e-7
1666.0 8.414646958523959e-7
1666.9999999999998 8.401539000920811e-7
1668.0 8.388478926279137e-7
1669.0 8.375466608881617e-7
1670.0 8.362501924144897e-7
1671.0 8.349584748622455e-7
1672.0000000000002 8.336714959990759e-7
1673.0 8.323892437060125e-7
1674.0 8.311117059765244e-7
1675.0000000000002 8.298388709159426e-7
1676.0 8.285707267423095e-7
1677.0 8.273072617853327e-7
1677.9999999999998 8.260484644858171e-7
1679.0 8.247943233965749e-7
1680.0 8.235448271812156e-7
1681.0 8.222999646144268e-7
1682.0 8.210597245813706e-7
1683.0000000000002 8.198240960778785e-7
1684.0 8.185930682096751e-7
1685.0 8.173666301930126e-7
1686.0000000000002 8.161447713533652e-7
1687.0 8.149274811261639e-7
1688.0 8.137147490558954e-7
1688.9999999999998 8.125065647962403e-7
1690.0 8.11302918109869e-7
1691.0 8.101037988677395e-7
1692.0 8.089091970496083e-7
1693.0 8.077191027431596e-7
1694.0000000000002 8.065335061442535e-7
1695.0 8.053523975564834e-7
1696.0 8.041757673906598e-7
1697.0000000000002 8.030036061650039e-7
1698.0 8.018359045048988e-7
1699.0 8.006726531427263e-7
1699.9999999999998 7.99513842916853e-7
1701.0 7.983594647724529e-7
1702.0 7.972095097607253e-7
1703.0 7.96063969038836e-7
1704.0 7.949228338692603e-7
1705.0000000000002 7.937860956201945e-7
1706.0 7.926537457646783e-7
1707.0 7.91525775880837e-7
1708.0000000000002 7.904021776515725e-7
1709.0 7.89282942863622e-7
1710.0 7.881680634083777e-7
1710.9999999999998 7.870575312809584e-7
1712.0 7.859513385798526e-7
1713.0 7.848494775072257e-7
1714.0 7.837519403678484e-7
1715.0 7.826587195697371e-7
1716.0 7.815698076230502e-7
1717.0 7.804851971401004e-7
1718.0 7.794048808354042e-7
1719.0000000000002 7.783288515246693e-7
1720.0 7.77257102125467e-7
1721.0 7.761896256557398e-7
1721.9999999999998 7.751264152342971e-7
1723.0 7.740674640805304e-7
1724.0 7.730127655134901e-7
1725.0 7.719623129521585e-7
1726.0 7.709160999145776e-7
1727.0 7.698741200179128e-7
1728.0 7.688363669779865e-7
1729.0 7.678028346089537e-7
1730.0000000000002 7.667735168223043e-7
1731.0 7.657484076275913e-7
1732.0 7.647275011311888e-7
1732.9999999999998 7.637107915360957e-7
1734.0 7.626982731418919e-7
1735.0 7.616899403435758e-7
1736.0 7.606857876318518e-7
1737.0 7.596858095923077e-7
1738.0 7.586900009049205e-7
1739.0 7.576983563438897e-7
1740.0 7.567108707768022e-7
1741.0000000000002 7.557275391647493e-7
1742.0 7.547483565607792e-7
1743.0 7.537733181104825e-7
1743.9999999999998 7.528024190508644e-7
1745.0 7.518356547097792e-7
1746.0 7.508730205060324e-7
1747.0 7.499145119475218e-7
1748.0 7.489601246323562e-7
1749.0 7.480098542466269e-7
1750.0 7.470636965650549e-7
1751.0 7.461216474495244e-7
1752.0000000000002 7.451837028491637e-7
1753.0 7.442498587988561e-7
1754.0 7.433201114195051e-7
1754.9999999999998 7.423944569163214e-7
1756.0 7.414728915792904e-7
1757.0 7.405554117815434e-7
1758.0 7.396420139787527e-7
1759.0 7.387326947089497e-7
1760.0 7.378274505910712e-7
1761.0 7.369262783246266e-7
1762.0 7.360291746886266e-7
1763.0000000000002 7.351361365409047e-7
1764.0 7.342471608174726e-7
1765.0 7.333622445309184e-7
1765.9999999999998 7.324813847705768e-7
1767.0 7.316045787006661e-7
1768.0 7.307318235602301e-7
1769.0 7.298631166611907e-7
1770.0 7.289984553885171e-7
1771.0 7.281378371984412e-7
1772.0 7.272812596175269e-7
1773.0 7.264287202420751e-7
1774.0000000000002 7.255802167367968e-7
1775.0 7.247357468337213e-7
1776.0 7.238953083309394e-7
1776.9999999999998 7.230588990920459e-7
1778.0 7.222265170445571e-7
1779.0 7.213981601786377e-7
1780.0 7.20573826546364e-7
1781.0 7.19753514260386e-7
1782.0 7.189372214923028e-7
1783.0 7.181249464718181e-7
1784.0 7.173166874854831e-7
1785.0000000000002 7.165124428752816e-7
1786.0 7.157122110369519e-7
1787.0 7.149159904194319e-7
1787.9999999999998 7.141237795226693e-7
1789.0 7.133355768969248e-7
1790.0 7.12551381140612e-7
1791.0 7.117711908995755e-7
1792.0 7.10995004865279e-7
1793.0 7.102228217728608e-7
1794.0 7.094546404007943e-7
1795.0 7.086904595679999e-7
1796.0000000000002 7.079302781331722e-7
1797.0 7.071740949927654e-7
1798.0 7.064219090795436e-7
1798.9999999999998 7.056737193610828e-7
1800.0 7.049295248373233e-7
1801.0 7.041893245401686e-7
1802.0 7.034531175304366e-7
1803.0 7.027209028970848e-7
1804.0 7.019926797548277e-7
1805.0 7.012684472425557e-7
1806.0 7.005482045217932e-7
1807.0000000000002 6.998319507741528e-7
1808.0 6.991196852004338e-7
1809.0 6.98411407017638e-7
1809.9999999999998 6.977071154579129e-7
1811.0 6.970068097662067e-7
1812.0 6.963104891982547e-7
1813.0 6.956181530189144e-7
1814.0 6.94929800499881e-7
1815.0 6.942454309177425e-7
1816.0 6.935650435517808e-7
1817.0 6.928886376821367e-7
1818.0000000000002 6.922162125877285e-7
1819.0 6.915477675436594e-7
1820.0 6.908833018197207e-7
1820.9999999999998 6.902228146778951e-7
1822.0 6.895663053700737e-7
1823.0 6.889137731360898e-7
1824.0 6.882652172013032e-7
1825.0 6.876206367748525e-7
1826.0 6.869800310465554e-7
1827.0 6.863433991854428e-7
1828.0 6.857107403371032e-7
1829.0000000000002 6.850820536213661e-7
1830.0 6.844573381301481e-7
1831.0 6.838365929250223e-7
1831.9999999999998 6.832198170349373e-7
1833.0 6.826070094538892e-7
1834.0 6.819981691386405e-7
1835.0 6.813932950058383e-7
1836.0 6.80792385930573e-7
1837.0 6.801954407430637e-7
1838.0 6.796024582268655e-7
1839.0 6.790134371162632e-7
1840.0000000000002 6.784283760937585e-7
1841.0 6.7784727378799e-7
1842.0 6.772701287708871e-7
1842.9999999999998 6.766969395556975e-7
1844.0 6.761277045942074e-7
1845.0 6.755624222744204e-7
1846.0 6.750010909185151e-7
1847.0 6.744437087797045e-7
1848.0 6.7389027404055e-7
1849.0 6.733407848101021e-7
1850.0 6.727952391217162e-7
1851.0000000000002 6.722536349304292e-7
1852.0 6.717159701108467e-7
1853.0 6.711822424546633e-7
1853.9999999999998 6.70652449668152e-7
1855.0 6.701265893700649e-7
1856.0 6.696046590889914e-7
1857.0 6.690866562613954e-7
1858.0 6.68572578228916e-7
1859.0 6.680624222362009e-7
1860.0 6.675561854289082e-7
1861.0 6.670538648509253e-7
1862.0000000000002 6.665554574425495e-7
1863.0 6.66060960038077e-7
1864.0 6.655703693636551e-7
1864.9999999999998 6.65083682035085e-7
1866.0 6.646008945555301e-7
1867.0 6.641220033137893e-7
1868.0 6.636470045817475e-7
1869.0 6.631758945127152e-7
1870.0 6.627086691388189e-7
1871.0 6.622453243698026e-7
1872.0 6.617858559903192e-7
1873.0000000000002 6.613302596582228e-7
1874.0 6.608785309030642e-7
1875.0 6.60430665123518e-7
1875.9999999999998 6.599866575861803e-7
1877.0 6.595465034233187e-7
1878.0 6.59110197631508e-7
1878.9999999999998 6.58677735069622e-7
1880.0 6.582491104572241e-7
1881.0 6.578243183731365e-7
1882.0 6.574033532536513e-7
1883.0 6.569862093910881e-7
1884.0000000000002 6.565728809322356e-7
1885.0 6.561633618771147e-7
1886.0 6.55757646077282e-7
1886.9999999999998 6.553557272347225e-7
1888.0 6.549575989005841e-7
1889.0 6.545632544736415e-7
1889.9999999999998 6.541726871996123e-7
1891.0 6.537858901694755e-7
1892.0 6.534028563188507e-7
1893.0 6.530235784267179e-7
1894.0 6.526480491144678e-7
1895.0000000000002 6.522762608452173e-7
1896.0 6.51908205922626e-7
1897.0 6.515438764904558e-7
1897.9999999999998 6.511832645314574e-7
1899.0 6.508263618671452e-7
1900.0 6.504731601567706e-7
1900.9999999999998 6.501236508969408e-7
1902.0 6.497778254212889e-7
1903.0 6.494356748996685e-7
1904.0 6.49097190338241e-7
1905.0 6.487623625786888e-7
1906.0000000000002 6.484311822984438e-7
1907.0 6.481036400101421e-7
1908.0 6.477797260615636e-7
1908.9999999999998 6.474594306358964e-7
1910.0 6.471427437512789e-7
1911.0 6.468296552611897e-7
1911.9999999999998 6.465201548544459e-7
1913.0 6.462142320554879e-7
1914.0 6.459118762244851e-7
1915.0 6.456130765578953e-7
1916.0 6.453178220885938e-7
1917.0000000000002 6.450261016864096e-7
1918.0 6.44737904058851e-7
1919.0 6.444532177512447e-7
1919.9999999999998 6.441720311478087e-7
1921.0 6.43894332472005e-7
1922.0 6.436201097875247e-7
1922.9999999999998 6.433493509989999e-7
1924.0 6.430820438527441e-7
1925.0 6.428181759380763e-7
1926.0 6.425577346877871e-7
1927.0 6.423007073797628e-7
1928.0000000000002 6.420470811374505e-7
1929.0 6.417968429316913e-7
1930.0 6.41549979581342e-7
1931.0000000000002 6.413064777549093e-7
1932.0 6.410663239718277e-7
1933.0 6.408295046036586e-7
1933.9999999999998 6.405960058757911e-7
1935.0 6.403658138686583e-7
1936.0 6.401389145194424e-7
1937.0 6.399152936236298e-7
1938.0 6.396949368365073e-7
1939.0000000000002 6.394778296750413e-7
1940.0 6.392639575194353e-7
1941.0 6.390533056150952e-7
1942.0000000000002 6.388458590741146e-7
1943.0 6.38641602877501e-7
1944.0 6.384405218766942e-7
1944.9999999999998 6.382426007958339e-7
1946.0 6.380478242335667e-7
1947.0 6.378561766650021e-7
1948.0 6.376676424440391e-7
1949.0 6.374822058049675e-7
1950.0000000000002 6.372998508651046e-7
1951.0 6.371205616265196e-7
1952.0 6.369443219784397e-7
1953.0000000000002 6.367711156994791e-7
1954.0 6.366009264597415e-7
1955.0 6.364337378231513e-7
1955.9999999999998 6.362695332496635e-7
1957.0 6.361082960978831e-7
1958.0 6.359500096268835e-7
1959.0 6.357946569989217e-7
1960.0 6.35642221281892e-7
1961.0000000000002 6.3549268545137e-7
1962.0 6.353460323933777e-7
1963.0 6.352022449064487e-7
1964.0000000000002 6.350613057046448e-7
1965.0 6.349231974192446e-7
1966.0 6.347879026017822e-7
1966.9999999999998 6.346554037264592e-7
1968.0 6.345256831923869e-7
1969.0 6.343987233263361e-7
1970.0 6.342745063850315e-7
1971.0 6.341530145578902e-7
1972.0 6.340342299692301e-7
1973.0 6.339181346810428e-7
1974.0 6.338047106955092e-7
1975.0000000000002 6.336939399572956e-7
1976.0 6.335858043563882e-7
1977.0 6.334802857301501e-7
1977.9999999999998 6.333773658664027e-7
1979.0 6.332770265054734e-7
1980.0 6.331792493427273e-7
1981.0 6.330840160315669e-7
1982.0 6.329913081851121e-7
1983.0 6.329011073794155e-7
1984.0 6.328133951554533e-7
1985.0 6.327281530218384e-7
1986.0000000000002 6.326453624571098e-7
1987.0 6.325650049121897e-7
1988.0 6.324870618129073e-7
1988.9999999999998 6.324115145622323e-7
1990.0 6.323383445429167e-7
1991.0 6.322675331194609e-7
1992.0 6.321990616408562e-7
1993.0 6.321329114428014e-7
1994.0 6.320690638497701e-7
1995.0 6.320075001777734e-7
1996.0 6.319482017360609e-7
1997.0000000000002 6.3189114983001e-7
1998.0 6.318363257627091e-7
1999.0 6.317837108377076e-7
1999.9999999999998 6.317332863608829e-7
