0.0 1.610449226724118e-5
1.0 1.6105072307702027e-5
2.0 1.6106812681698614e-5
3.0 1.610971414972853e-5
4.0 1.611377797701861e-5
5.0 1.6119005938480443e-5
6.0 1.6125400321021733e-5
7.0 1.6132963921917766e-5
8.0 1.6141700056013925e-5
9.0 1.6151612557000253e-5
10.0 1.616270578416702e-5
10.999999999999998 1.6174984622777545e-5
12.0 1.6188454493638188e-5
13.000000000000002 1.6203121358957318e-5
14.0 1.6218991725071052e-5
14.999999999999998 1.6236072653924318e-5
16.0 1.6254371768575754e-5
17.0 1.627389726408144e-5
18.0 1.6294657912669528e-5
19.0 1.6316663077704378e-5
20.0 1.633992272417767e-5
21.0 1.636444742692839e-5
21.999999999999996 1.639024838542401e-5
23.0 1.641733743651356e-5
24.0 1.6445727068171385e-5
25.0 1.647543043401011e-5
26.000000000000004 1.650646136862573e-5
27.0 1.65388344044337e-5
28.0 1.6572564788672333e-5
29.0 1.6607668503468733e-5
29.999999999999996 1.6644162283327237e-5
31.0 1.6682063637818367e-5
32.0 1.6721390871906996e-5
33.0 1.6762163109103697e-5
34.0 1.680440031607027e-5
35.0 1.6848123329787913e-5
36.0 1.6893353878267282e-5
37.0 1.69401146198241e-5
38.0 1.698842916191527e-5
39.0 1.7038322099413583e-5
40.0 1.7089819045593973e-5
41.0 1.7142946666329975e-5
42.0 1.7197732719878944e-5
43.0 1.7254206091380718e-5
43.99999999999999 1.731239683765777e-5
45.0 1.7372336226605967e-5
46.0 1.7434056786335396e-5
47.0 1.749759235006779e-5
48.0 1.7562978106264706e-5
49.0 1.7630250654584235e-5
50.0 1.769944805880746e-5
51.0 1.7770609906019902e-5
52.00000000000001 1.784377737289227e-5
53.0 1.7918993283480965e-5
54.0 1.7996302185308777e-5
55.0 1.807575042184144e-5
56.0 1.8157386203873758e-5
57.0 1.8241259699296973e-5
58.0 1.8327423111223042e-5
59.0 1.8415930776962916e-5
59.99999999999999 1.8506839258510502e-5
61.0 1.860020744673128e-5
62.0 1.8696096668330318e-5
63.0 1.8794570802457878e-5
64.0 1.88956964007138e-5
65.0 1.8999542814015113e-5
66.0 1.9106182329969146e-5
67.0 1.9215690319477388e-5
68.0 1.93281453874424e-5
69.0 1.9443629535310637e-5
70.0 1.9562228339289222e-5
71.0 1.9684031128996722e-5
72.0 1.980913118567849e-5
73.0 1.9937625953962446e-5
74.0 2.0069617257959305e-5
75.0 2.0205211544008426e-5
76.0 2.0344520135120955e-5
77.0 2.0487659493596688e-5
78.0 2.0634751515405725e-5
79.0 2.0785923841759035e-5
80.0 2.094131017951858e-5
81.0 2.1101050663235017e-5
82.0 2.1265292229846465e-5
83.00000000000001 2.1434189025648173e-5
84.0 2.160790284273491e-5
85.0 2.1786603585010516e-5
86.0 2.197046977111582e-5
87.0 2.2159689080946047e-5
87.99999999999999 2.2354458927388696e-5
89.0 2.2554987092733155e-5
90.0 2.2761492408069717e-5
91.0 2.2974205471028654e-5
92.0 2.3193369450837744e-5
92.99999999999999 2.3419240938067492e-5
94.0 2.365209086419139e-5
95.0 2.3892205515485104e-5
96.0 2.41398876155887e-5
97.0 2.439545750922749e-5
98.0 2.465925445379597e-5
99.00000000000001 2.493163801921051e-5
100.0 2.5212989613167226e-5
101.0 2.5503714157694576e-5
102.0 2.580424190267255e-5
103.0 2.611503043112633e-5
104.00000000000001 2.6436566850424837e-5
105.0 2.6769370181024706e-5
106.0 2.711399400728572e-5
107.0 2.7471029388594784e-5
108.0 2.784110804732033e-5
108.99999999999999 2.8224905921454175e-5
110.0 2.862314707631836e-5
111.0 2.9036608033490698e-5
112.0 2.9466122593794107e-5
113.0 2.9912587185809647e-5
114.0 3.0376966819709004e-5
115.00000000000001 3.086030175742069e-5
116.0 3.13637149422686e-5
117.0 3.188842034427566e-5
118.0 3.243573232592025e-5
119.0 3.300707619546393e-5
119.99999999999999 3.360400010312958e-5
121.0 3.4228188495145916e-5
122.0 3.4881477377412625e-5
123.0 3.556587167640779e-5
124.0 3.628356500169185e-5
124.99999999999999 3.703696227822989e-5
126.0 3.782870565404531e-5
127.0 3.866170433603041e-5
128.0 3.953916901589861e-5
129.0 4.046465168046241e-5
130.0 4.1442091936197296e-5
131.0 4.2475870996323747e-5
132.0 4.357087487290931e-5
133.0 4.4732568703006526e-5
134.0 4.596708446101689e-5
135.0 4.728132495873746e-5
136.0 4.868308781827914e-5
137.0 5.018121382753285e-5
138.0 5.1785765568689565e-5
139.0 5.350824354251249e-5
140.0 5.536184932627755e-5
141.0 5.736180778209153e-5
142.0 5.952576423073498e-5
143.0 6.187427738090153e-5
144.0 6.443143527855645e-5
145.0 6.722563112476579e-5
146.0 7.029054761418149e-5
147.0 7.366641663174253e-5
148.0 7.740164459234115e-5
149.0 8.155492802431783e-5
150.0 8.619803100866102e-5
151.0 9.14194626831126e-5
152.0 9.732938352225145e-5
153.0 0.0001040661916247151
154.0 0.00011180539024590005
155.0 0.00012077149243685713
156.0 0.00013125377007776754
157.0 0.0001436262792719976
158.0 0.00015837084229312968
159.0 0.00017609590990787518
160.0 0.00019752745010580822
161.0 0.00022340292349136572
162.0 0.00025409224145875813
163.0 0.00028858600851086814
164.0 0.0003225233411242588
164.99999999999997 0.0003465225525097915
166.00000000000003 0.00034980761107673706
167.0 0.0003302684344141333
168.0 0.00029700631878924055
169.0 0.0002608270476932202
170.0 0.0002277512437743273
171.0 0.00019961403281147072
172.0 0.00017629377359169418
173.0 0.0001570622615909377
174.0 0.00014113242851028336
174.99999999999997 0.00012782677564580013
175.99999999999997 0.0001166046667528444
177.00000000000003 0.00010704623670156539
178.0 9.88276869806139e-5
179.0 9.169873729558579e-5
180.0 8.546464015677879e-5
181.0 7.997253959839721e-5
182.0 7.510132140932866e-5
183.0 7.075409803267938e-5
184.0 6.685263307166759e-5
185.0 6.333318084944921e-5
185.99999999999997 6.014335811619871e-5
187.00000000000003 5.723977200845163e-5
188.0 5.458620528241247e-5
189.0 5.215221578570724e-5
190.0 4.9912046034339575e-5
191.0 4.784376717876798e-5
192.0 4.5928601611580904e-5
193.0 4.415038263248858e-5
194.0 4.249512046724934e-5
195.0 4.095065112120179e-5
196.0 3.9506350523938255e-5
196.99999999999997 3.815290021085382e-5
198.00000000000003 3.688209423984572e-5
199.0 3.568667913135133e-5
200.0 3.4560220456741954e-5
201.0 3.349699111900668e-5
202.0 3.2491877307636204e-5
203.0 3.1540298996993166e-5
204.0 3.063814243230645e-5
205.0 2.9781702547413286e-5
206.0 2.896763368592561e-5
206.99999999999997 2.8192907233458694e-5
208.00000000000003 2.7454775101418506e-5
209.00000000000003 2.6750738101665667e-5
210.0 2.6078518508692298e-5
211.0 2.543603614430018e-5
212.0 2.48213874956539e-5
213.0 2.4232827409949327e-5
214.0 2.366875301682438e-5
215.0 2.312768956553428e-5
216.0 2.2608277911512126e-5
217.0 2.210926343771985e-5
217.99999999999997 2.1629486227916483e-5
219.00000000000003 2.1167872320946443e-5
220.0 2.0723425909804005e-5
221.0 2.029522238446844e-5
222.0 1.9882402092956808e-5
223.0 1.9484164752646088e-5
224.0 1.9099764418698345e-5
225.0 1.8728504966150828e-5
226.0 1.8369736006022868e-5
227.0 1.802284919662079e-5
228.0 1.7687274911302712e-5
228.99999999999997 1.7362479210789825e-5
230.00000000000003 1.7047961096213934e-5
231.0 1.6743250018561388e-5
232.0 1.6447903598567674e-5
233.0 1.6161505555569887e-5
234.0 1.5883663818827418e-5
235.0 1.5614008790762213e-5
236.0 1.535219176723599e-5
237.0 1.5097883481084236e-5
238.0 1.4850772771269093e-5
238.99999999999997 1.461056535789752e-5
239.99999999999997 1.437698271436665e-5
241.00000000000003 1.4149761028223986e-5
242.0 1.3928650245662429e-5
243.0 1.3713413187165852e-5
244.0 1.3503824732225443e-5
245.0 1.3299671061376016e-5
246.0 1.3100748960253654e-5
247.0 1.2906865170147366e-5
248.0 1.2717835785948175e-5
249.0 1.2533485700396176e-5
249.99999999999997 1.2353648083670258e-5
251.00000000000003 1.2178163900456581e-5
252.0 1.2006881464359074e-5
253.0 1.1839656013272075e-5
254.0 1.1676349325567868e-5
255.0 1.1516829352554744e-5
256.0 1.1360969878526205e-5
257.0 1.1208650202640547e-5
258.0 1.1059754843547322e-5
259.0 1.0914173258688772e-5
260.0 1.077179958517951e-5
261.0 1.063253239476286e-5
262.0 1.0496274464049769e-5
263.0 1.0362932560093871e-5
264.0 1.0232417238628157e-5
265.0 1.0104642652273059e-5
266.0 9.97952637423413e-6
267.0 9.856989228773395e-6
268.0 9.736955131995223e-6
269.0 9.619350945389664e-6
270.0 9.504106332782205e-6
271.0 9.391153627932862e-6
272.0 9.280427711240886e-6
273.0 9.171865889178278e-6
274.0 9.065407783865134e-6
275.0 8.960995227367998e-6
276.0 8.858572161470789e-6
277.0 8.758084543352923e-6
278.0 8.65948025627626e-6
279.0 8.562709024060828e-6
280.0 8.467722332408172e-6
281.0 8.374473350916577e-6
282.0 8.282916861625462e-6
283.0 8.193009190271961e-6
284.0 8.104708142281688e-6
285.0 8.017972938745994e-6
286.0 7.932764159767766e-6
287.0 7.84904368731907e-6
288.0 7.766774652573633e-6
289.0 7.685921385664172e-6
290.0 7.6064493666776605e-6
291.0 7.5283251805737e-6
292.0 7.451516473477047e-6
293.0 7.3759919106242725e-6
294.0 7.3017211370045086e-6
295.0 7.228674739747513e-6
296.0 7.1568242117945504e-6
297.0 7.086141917083981e-6
298.0 7.016601058389428e-6
299.0 6.9481756454082515e-6
300.0 6.880840465222337e-6
301.0 6.8145710527266064e-6
302.0 6.749343664408196e-6
303.0 6.68513525076277e-6
304.0 6.621923432704586e-6
305.0 6.559686476395334e-6
306.0 6.498403270391236e-6
307.0 6.438053304455626e-6
308.0 6.378616647481948e-6
309.0 6.320073927793393e-6
310.0 6.262406313815257e-6
311.0 6.2055954951441e-6
312.0 6.149623665080813e-6
313.0 6.094473503529836e-6
314.0 6.0401281602764255e-6
315.0 5.9865712396857985e-6
316.0 5.933786785170662e-6
317.0 5.881759265164693e-6
318.0 5.830473558676598e-6
319.0 5.779914942186837e-6
320.0 5.730069076765627e-6
321.0 5.680921995507107e-6
322.0 5.632460091851998e-6
323.0 5.584670107971068e-6
324.0 5.5375391239066705e-6
325.0 5.491054546767345e-6
326.0 5.445204100641188e-6
327.0 5.399975816877292e-6
328.0 5.355358024114441e-6
329.0 5.3113393400674495e-6
329.99999999999994 5.267908661886015e-6
331.0 5.225055158024315e-6
332.00000000000006 5.18276826009793e-6
333.0 5.141037655010201e-6
334.0 5.099853277340969e-6
335.0 5.059205302031084e-6
336.0 5.019084137291447e-6
337.0 4.979480417782211e-6
338.0 4.94038499795866e-6
339.0 4.9017889460779945e-6
340.0 4.863683537633095e-6
340.99999999999994 4.826060249496537e-6
342.0 4.788910754488528e-6
343.00000000000006 4.752226915581751e-6
344.0 4.716000780673881e-6
345.0 4.680224577245916e-6
346.0 4.644890707720007e-6
347.0 4.60999174433146e-6
348.0 4.575520424404739e-6
349.0 4.541469646215202e-6
349.99999999999994 4.50783246423368e-6
351.0 4.4746020851294226e-6
351.99999999999994 4.441771863472032e-6
353.0 4.409335298089239e-6
354.00000000000006 4.377286027931116e-6
355.0 4.345617828362768e-6
356.0 4.3143246078711195e-6
357.0 4.283400404241085e-6
358.0 4.252839381383492e-6
359.0 4.2226358258871745e-6
360.0 4.192784144134057e-6
360.99999999999994 4.1632788589564406e-6
362.0 4.134114606663804e-6
363.00000000000006 4.105286134407743e-6
364.0 4.076788297116328e-6
365.0 4.048616054925588e-6
366.0 4.020764470397496e-6
367.0 3.99322870621232e-6
368.0 3.966004022452619e-6
369.0 3.9390857742053635e-6
370.0 3.91246940941132e-6
371.0 3.886150466440147e-6
371.99999999999994 3.8601245719103774e-6
373.0 3.834387438531206e-6
374.00000000000006 3.8089348631616215e-6
375.0 3.7837627246280914e-6
376.0 3.75886698172916e-6
377.0 3.7342436715621032e-6
378.0 3.709888907483757e-6
379.0 3.6857988773372805e-6
380.0 3.661969841717878e-6
381.0 3.638398132274188e-6
382.0 3.615080150065407e-6
382.99999999999994 3.592012363950679e-6
384.0 3.5691913090268503e-6
385.00000000000006 3.5466135850945857e-6
386.0 3.5242758550459563e-6
387.0 3.5021748437758085e-6
388.0 3.4803073364046504e-6
389.0 3.458670177126119e-6
390.0 3.437260267822003e-6
391.0 3.416074566742595e-6
392.0 3.395110087306495e-6
393.0 3.3743638968295626e-6
393.99999999999994 3.3538331153802927e-6
395.0 3.3335149145479495e-6
396.00000000000006 3.3134065163664373e-6
397.0 3.2935051921987017e-6
398.0 3.2738082616307047e-6
399.0 3.254313091486852e-6
400.0 3.235017094757067e-6
401.0 3.2159177296605098e-6
402.0 3.1970124985812995e-6
403.0 3.178298947249973e-6
404.0 3.159774663643392e-6
404.99999999999994 3.141437277363654e-6
406.0 3.1232844584514393e-6
407.00000000000006 3.105313916806003e-6
408.0 3.0875234010921307e-6
409.0 3.0699106982057795e-6
410.0 3.0524736322785168e-6
411.0 3.0352100639113985e-6
412.0 3.0181178896170474e-6
413.0 3.0011950408183625e-6
413.99999999999994 2.9844394833740183e-6
415.0 2.967849216662603e-6
416.00000000000006 2.951422273065508e-6
417.0 2.935156717210431e-6
418.00000000000006 2.919050645402678e-6
419.0 2.9031021848814797e-6
420.0 2.887309493253918e-6
421.0 2.871670757930102e-6
422.0 2.856184195490039e-6
423.0 2.8408480510758343e-6
424.0 2.8256605978854027e-6
424.99999999999994 2.8106201366296365e-6
426.0 2.795724994894017e-6
427.00000000000006 2.780973526742714e-6
428.0 2.766364112143211e-6
429.0 2.7518951564305033e-6
430.0 2.737565089949644e-6
431.0 2.7233723673574617e-6
432.0 2.709315467410031e-6
433.0 2.695392892266229e-6
434.0 2.681603167304845e-6
435.0 2.66794484038028e-6
435.99999999999994 2.6544164816790395e-6
437.0 2.6410166831299483e-6
438.00000000000006 2.6277440580707944e-6
439.0 2.6145972408297955e-6
440.0 2.601574886332227e-6
441.0 2.5886756697415846e-6
442.0 2.5758982860935286e-6
443.0 2.563241449856944e-6
444.0 2.550703894727541e-6
445.0 2.538284373156928e-6
446.0 2.5259816560090975e-6
446.99999999999994 2.513794532369556e-6
448.0 2.5017218090601897e-6
449.00000000000006 2.4897623103898996e-6
450.0 2.4779148779015947e-6
451.0 2.4661783699622264e-6
452.0 2.4545516615515574e-6
453.0 2.443033643960231e-6
454.0 2.431623224469451e-6
455.0 2.4203193261025583e-6
456.0 2.4091208873820055e-6
457.0 2.398026862000074e-6
457.99999999999994 2.387036218676627e-6
459.0 2.3761479407359783e-6
460.00000000000006 2.3653610260531506e-6
461.0 2.35467448664345e-6
462.0 2.344087348609007e-6
463.0 2.333598651702909e-6
464.0 2.3232074492953454e-6
465.0 2.3129128080256107e-6
466.0 2.3027138076604686e-6
467.0 2.292609540876786e-6
468.0 2.2825991130246627e-6
468.99999999999994 2.272681641947555e-6
470.0 2.2628562578317677e-6
471.00000000000006 2.253122102931719e-6
472.0 2.243478331461616e-6
473.0 2.2339241093756316e-6
474.0 2.22445861423404e-6
475.0 2.2150810349673927e-6
476.0 2.205790571748509e-6
477.0 2.1965864358660284e-6
477.99999999999994 2.1874678494657334e-6
479.0 2.1784340455150235e-6
479.99999999999994 2.169484267572067e-6
481.0 2.1606177696328286e-6
482.00000000000006 2.1518338160622672e-6
483.0 2.1431316813940714e-6
484.0 2.134510650173935e-6
485.0 2.1259700169207423e-6
486.0 2.1175090858942502e-6
487.0 2.1091271710484527e-6
488.0 2.1008235958352757e-6
488.99999999999994 2.0925976931866895e-6
490.0 2.084448805287009e-6
491.00000000000006 2.076376283553766e-6
492.0 2.068379488460429e-6
493.0 2.0604577894706434e-6
494.0 2.052610564930122e-6
495.0 2.044837201970743e-6
496.0 2.037137096391328e-6
497.0 2.0295096525790127e-6
498.0 2.0219542834346907e-6
499.0 2.014470410258155e-6
499.99999999999994 2.007057462671196e-6
501.0 1.999714878552657e-6
502.00000000000006 1.992442103946626e-6
503.0 1.9852385929718685e-6
504.0 1.9781038077769724e-6
505.0 1.971037218460877e-6
506.0 1.9640383029698345e-6
507.0 1.9571065471116724e-6
508.0 1.9502414443868264e-6
509.0 1.9434424960305435e-6
510.0 1.93670921088709e-6
510.99999999999994 1.930041105374056e-6
512.0 1.9234377034484008e-6
513.0 1.916898536538963e-6
514.0 1.910423143486056e-6
515.0 1.9040110705323177e-6
516.0 1.8976618712329651e-6
517.0 1.8913751064724503e-6
518.0 1.8851503443900937e-6
519.0 1.8789871603235695e-6
520.0 1.8728851368456167e-6
521.0 1.8668438636693274e-6
522.0 1.8608629376543664e-6
523.0 1.8549419627563727e-6
524.0 1.849080550046762e-6
525.0 1.8432783176442922e-6
526.0 1.8375348907142719e-6
527.0 1.8318499014754909e-6
528.0 1.826222989151784e-6
529.0 1.8206537999922445e-6
530.0 1.8151419872268506e-6
531.0 1.809687211103417e-6
532.0 1.8042891388598441e-6
533.0 1.7989474447054698e-6
534.0 1.7936618098723723e-6
535.0 1.7884319225680953e-6
536.0 1.7832574780199121e-6
537.0 1.7781381784459778e-6
538.0 1.7730737331175456e-6
539.0 1.7680638583226482e-6
540.0 1.763108277400852e-6
541.0 1.7582067207836099e-6
542.0 1.7533589259770364e-6
543.0 1.748564637616429e-6
544.0 1.7438236074684964e-6
545.0 1.739135594485516e-6
546.0 1.7345003648215933e-6
547.0 1.7299176918493545e-6
548.0 1.7253873562371513e-6
549.0 1.7209091459515318e-6
550.0 1.7164828563171557e-6
551.0 1.7121082900389386e-6
552.0 1.70778525729406e-6
553.0 1.7035135757060016e-6
554.0 1.6992930704662531e-6
555.0 1.6951235743545219e-6
556.0 1.6910049277825909e-6
557.0 1.6869369788773508e-6
558.0 1.682919583514643e-6
559.0 1.678952605392733e-6
560.0 1.6750359160981405e-6
561.0 1.6711693951616302e-6
562.0 1.6673529301146765e-6
563.0 1.6635864165883253e-6
564.0 1.6598697583314956e-6
565.0 1.6562028673294258e-6
566.0 1.6525856638365404e-6
567.0 1.6490180764613934e-6
568.0 1.6455000422392075e-6
569.0 1.642031506691355e-6
570.0 1.6386124238961252e-6
571.0 1.6352427565624819e-6
572.0 1.6319224760935281e-6
573.0 1.6286515626420836e-6
574.0 1.6254300051844074e-6
575.0 1.622257801573005e-6
576.0 1.619134958584362e-6
577.0 1.6160614919770553e-6
578.0 1.6130374265345986e-6
579.0 1.6100627961053135e-6
580.0 1.6071376436172777e-6
581.0 1.60426202112421e-6
582.0 1.6014359897872502e-6
583.0 1.5986596199114686e-6
584.0 1.595932990902634e-6
585.0 1.593256191260929e-6
586.0 1.5906293185256453e-6
587.0 1.588052479240392e-6
588.0 1.5855257888348842e-6
589.0 1.58304937156607e-6
590.0 1.5806233603759064e-6
591.0 1.5782478967372264e-6
592.0 1.5759231304749257e-6
593.0 1.5736492195678289e-6
594.0 1.5714263298858696e-6
595.0 1.5692546349145677e-6
596.0 1.5671343154254454e-6
597.0 1.5650655590934624e-6
598.0 1.5630485600846375e-6
599.0 1.561083518571517e-6
600.0 1.5591706401988923e-6
601.0 1.5573101354698512e-6
602.0 1.555502219090011e-6
603.0 1.553747109198968e-6
604.0 1.5520450265659192e-6
605.0 1.5503961936510213e-6
606.0 1.5488008336088814e-6
607.0 1.5472591691658776e-6
608.0 1.5457714214122635e-6
609.0 1.5443378084577249e-6
610.0 1.5429585439831665e-6
611.0 1.5416338356384797e-6
612.0 1.5403638833357072e-6
613.0 1.5391488773489386e-6
614.0 1.5379889963084494e-6
615.0 1.5368844049926979e-6
616.0 1.535835251968659e-6
617.0 1.5348416670506853e-6
618.0 1.5339037585576553e-6
619.0 1.5330216103941992e-6
620.0 1.5321952789193153e-6
621.0 1.5314247895971408e-6
622.0 1.5307101334588786e-6
623.0 1.5300512633088857e-6
624.0 1.5294480897450167e-6
625.0 1.5289004769180818e-6
626.0 1.5284082380965796e-6
627.0 1.5279711309679523e-6
628.0 1.5275888527549581e-6
629.0 1.5272610350791211e-6
630.0 1.5269872386311992e-6
631.0 1.5267669476347506e-6
632.0 1.5265995641104379e-6
633.0 1.5264844019847637e-6
634.0 1.5264206810266837e-6
635.0 1.5264075206618513e-6
636.0 1.5264439336850395e-6
637.0 1.5265288198954552e-6
638.0 1.5266609597044003e-6
639.0 1.5268390077348151e-6
640.0 1.5270614864905329e-6
641.0 1.5273267801137713e-6
642.0 1.5276331283104472e-6
643.0 1.527978620486149e-6
644.0 1.5283611901827508e-6
645.0 1.5287786098552321e-6
646.0 1.5292284861061255e-6
647.0 1.52970825541532e-6
648.0 1.530215180487643e-6
649.0 1.530746347287417e-6
650.0 1.5312986628614601e-6
651.0 1.5318688540522346e-6
652.0 1.5324534671953392e-6
653.0000000000001 1.533048868894994e-6
654.0 1.533651248008366e-6
655.0 1.534256618916944e-6
656.0 1.5348608261939014e-6
657.0 1.5354595507829119e-6
658.0 1.5360483177711096e-6
659.0 1.5366225058527466e-6
659.9999999999999 1.5371773585979533e-6
661.0 1.5377079975675856e-6
662.0 1.5382094373920473e-6
663.0 1.5386766028493744e-6
664.0000000000001 1.5391043480102422e-6
665.0 1.5394874774968994e-6
666.0 1.53982076985263e-6
667.0 1.540099003091877e-6
668.0 1.540316982339406e-6
669.0 1.5404695696054148e-6
670.0 1.5405517155947893e-6
670.9999999999999 1.5405584935019585e-6
672.0 1.540485134663996e-6
673.0 1.5403270659680893e-6
674.0 1.5400799488096546e-6
675.0000000000001 1.5397397194420055e-6
676.0 1.539302630466549e-6
677.0 1.53876529316991e-6
678.0 1.538124720447087e-6
679.0 1.5373783698959979e-6
680.0 1.536524186723839e-6
681.0 1.5355606460011955e-6
681.9999999999999 1.534486793770684e-6
683.0 1.5333022864659865e-6
684.0 1.532007428048325e-6
685.0 1.530603204226313e-6
686.0000000000001 1.5290913130261873e-6
687.0 1.527474191068302e-6
688.0 1.5257550346658024e-6
688.9999999999999 1.5239378150401942e-6
690.0 1.522027286779477e-6
691.0 1.5200289887375713e-6
692.0 1.5179492365622414e-6
692.9999999999999 1.5157951060931205e-6
694.0 1.5135744069162966e-6
695.0 1.5112956455105275e-6
696.0 1.5089679774942376e-6
697.0000000000001 1.5066011487402056e-6
698.0 1.5042054252939628e-6
699.0 1.5017915123272909e-6
699.9999999999999 1.49937046268144e-6
701.0 1.4969535758663058e-6
702.0 1.4945522888046643e-6
703.0 1.492178059915216e-6
703.9999999999999 1.489842248583167e-6
705.0 1.4875559923520273e-6
706.0 1.4853300844544292e-6
707.0 1.483174854526909e-6
708.0000000000001 1.481100055442199e-6
709.0 1.4791147591828e-6
710.0 1.4772272644986536e-6
710.9999999999999 1.475445018846811e-6
712.0 1.4737745566774057e-6
713.0 1.4722214555909218e-6
714.0 1.4707903113049933e-6
715.0000000000001 1.4694847317023706e-6
716.0 1.4683073495533449e-6
717.0 1.4672598528711236e-6
718.0 1.466343031277974e-6
719.0000000000001 1.4655568362921875e-6
720.0 1.4649004530765343e-6
721.0 1.4643723809694382e-6
721.9999999999999 1.4639705200480135e-6
723.0 1.4636922609911623e-6
724.0 1.4635345756938028e-6
725.0 1.4634941063152172e-6
726.0000000000001 1.4635672507708166e-6
727.0 1.4637502430290912e-6
728.0 1.464039226962368e-6
729.0 1.4644303228509293e-6
730.0 1.4649196860102582e-6
731.0 1.4655035573118003e-6
732.0 1.4661783056257873e-6
732.9999999999999 1.46694046247215e-6
734.0 1.4677867492880012e-6
735.0 1.4687140978858563e-6
736.0 1.4697196647230128e-6
737.0000000000001 1.4708008396955957e-6
738.0 1.471955250122294e-6
739.0 1.4731807606227677e-6
740.0 1.474475469544193e-6
741.0 1.4758377025312429e-6
742.0 1.4772660038357238e-6
743.0 1.4787591258037377e-6
743.9999999999999 1.4803160170487326e-6
745.0 1.481935809642892e-6
746.0 1.4836178056656046e-6
747.0 1.485361463396396e-6
748.0000000000001 1.487166383346328e-6
749.0 1.489032294337251e-6
750.0 1.490959039749224e-6
751.0 1.4929465640657455e-6
752.0 1.4949948997820269e-6
753.0 1.4971041547408282e-6
754.0 1.4992744999452607e-6
754.9999999999999 1.5015061578569605e-6
756.0 1.5037993911986145e-6
757.0 1.5061544922756916e-6
758.0 1.5085717727746516e-6
759.0000000000001 1.511051554087481e-6
760.0 1.5135941580927986e-6
761.0 1.5161998984000986e-6
762.0 1.5188690720693017e-6
763.0 1.5216019517292614e-6
764.0 1.5243987781513688e-6
765.0 1.5272597531915116e-6
765.9999999999999 1.5301850331542953e-6
767.0 1.5331747225154737e-6
768.0 1.5362288680367258e-6
769.0 1.5393474532146548e-6
770.0000000000001 1.5425303931256172e-6
771.0 1.5457775295712149e-6
772.0 1.549088626620222e-6
773.0 1.552463366449706e-6
774.0 1.5559013455531918e-6
775.0 1.5594020712749624e-6
776.0 1.5629649586798086e-6
776.9999999999999 1.5665893277440455e-6
778.0 1.570274400893754e-6
779.0 1.5740193008592112e-6
780.0 1.5778230488414238e-6
781.0000000000001 1.581684563021403e-6
782.0 1.5856026573361816e-6
783.0 1.5895760406134226e-6
784.0 1.593603315964927e-6
785.0 1.5976829804916205e-6
786.0 1.6018134252604736e-6
787.0 1.6059929355507142e-6
787.9999999999999 1.6102196913761464e-6
789.0 1.6144917682458784e-6
790.0 1.6188071381612528e-6
791.0 1.623163670858015e-6
792.0000000000001 1.6275591352406969e-6
793.0 1.6319912010438892e-6
794.0 1.6364574406636536e-6
795.0 1.6409553311780932e-6
796.0 1.64548225653567e-6
797.0 1.6500355099008244e-6
798.0 1.6546122961183726e-6
798.9999999999999 1.6592097343655477e-6
800.0 1.6638248608756123e-6
801.0 1.6684546317972993e-6
802.0 1.6730959261717429e-6
803.0000000000001 1.6777455489996498e-6
804.0 1.6824002344023322e-6
805.0 1.6870566488689162e-6
806.0 1.69171139459443e-6
807.0 1.6963610129070819e-6
808.0 1.7010019877482198e-6
809.0 1.7056307492431614e-6
809.9999999999999 1.7102436773597504e-6
811.0 1.7148371056063944e-6
812.0 1.7194073248308585e-6
813.0 1.72395058708797e-6
814.0000000000001 1.7284631095717334e-6
815.0 1.7329410786200034e-6
816.0 1.7373806538198969e-6
816.9999999999999 1.7417779721530878e-6
818.0 1.7461291522431734e-6
819.0 1.7504302986807271e-6
820.0 1.754677506403848e-6
820.9999999999999 1.758866865193415e-6
822.0 1.7629944642130185e-6
823.0 1.7670563966574267e-6
824.0 1.7710487644318379e-6
825.0000000000001 1.7749676829677462e-6
826.0 1.7788092860472638e-6
827.0 1.7825697307506823e-6
827.9999999999999 1.7862452024227296e-6
829.0 1.7898319197154375e-6
830.0 1.793326139692447e-6
831.0 1.796724162957731e-6
832.0000000000001 1.8000223388377355e-6
833.0 1.8032170705734432e-6
834.0 1.8063048205526948e-6
835.0 1.8092821155151902e-6
836.0000000000001 1.8121455518046347e-6
837.0 1.8148918005311749e-6
838.0 1.8175176127845953e-6
838.9999999999999 1.8200198247224705e-6
840.0 1.822395362659755e-6
841.0 1.8246412480504766e-6
842.0 1.8267546023907031e-6
843.0000000000001 1.8287326520079346e-6
844.0 1.8305727327373852e-6
845.0 1.8322722944422424e-6
846.0 1.833828905393955e-6
847.0000000000001 1.8352402564732525e-6
848.0 1.836504165166747e-6
849.0 1.837618579394169e-6
849.9999999999999 1.838581581072772e-6
851.0 1.839391389468814e-6
852.0 1.8400463643121414e-6
853.0 1.8405450085971989e-6
854.0000000000001 1.8408859711589231e-6
855.0 1.8410680489287396e-6
856.0 1.8410901889014167e-6
857.0 1.8409514897895219e-6
858.0 1.840651203354522e-6
859.0 1.8401887354274915e-6
860.0 1.8395636465745803e-6
860.9999999999999 1.8387756524468642e-6
862.0 1.8378246237859069e-6
863.0 1.8367105860910482e-6
864.0 1.8354337189374835e-6
865.0000000000001 1.8339943549691018e-6
866.0 1.8323929785587484e-6
867.0 1.8306302241193885e-6
868.0 1.8287068741152485e-6
869.0 1.826623856744277e-6
870.0 1.824382243317028e-6
871.0 1.821983245340318e-6
871.9999999999999 1.8194282113158495e-6
873.0 1.8167186232730434e-6
874.0 1.8138560930330269e-6
875.0 1.8108423582373118e-6
876.0000000000001 1.8076792781544047e-6
877.0 1.8043688292661822e-6
878.0 1.8009131006695311e-6
879.0 1.7973142892958629e-6
880.0 1.79357469498715e-6
881.0 1.789696715412735e-6
882.0 1.7856828408885447e-6
882.9999999999999 1.7815356490816712e-6
884.0 1.7772577996343985e-6
885.0 1.7728520287384586e-6
886.0 1.7683211436387338e-6
887.0000000000001 1.7636680171443036e-6
888.0 1.7588955820991173e-6
889.0 1.7540068258801174e-6
890.0 1.7490047849210864e-6
891.0 1.743892539259024e-6
892.0 1.7386732071636792e-6
893.0 1.733349939811057e-6
893.9999999999999 1.7279259160711639e-6
895.0 1.72240433735979e-6
896.0 1.7167884226308949e-6
897.0 1.7110814034720017e-6
898.0000000000001 1.7052865193233054e-6
899.0 1.699407012864748e-6
900.0 1.6934461255147448e-6
901.0 1.687407093111711e-6
902.0 1.6812931417545961e-6
903.0 1.6751074837861836e-6
904.0 1.6688533139828767e-6
904.9999999999999 1.6625338058804423e-6
906.0 1.6561521083203606e-6
907.0 1.649711342133093e-6
908.0 1.643214597037796e-6
909.0000000000001 1.6366649287024954e-6
910.0 1.630065355995699e-6
911.0 1.6234188583947608e-6
912.0 1.6167283736286264e-6
913.0 1.6099967954120855e-6
914.0 1.6032269714451313e-6
915.0 1.5964217015104374e-6
915.9999999999999 1.5895837357873182e-6
917.0 1.5827157732980409e-6
918.0 1.5758204605200498e-6
919.0 1.5689003901672507e-6
920.0000000000001 1.561958100107959e-6
921.0 1.5549960724307934e-6
922.0 1.5480167326387484e-6
923.0 1.5410224490025533e-6
924.0 1.5340155320195365e-6
925.0 1.526998234001101e-6
926.0 1.519972748782227e-6
926.9999999999999 1.5129412115426208e-6
928.0 1.5059056987261368e-6
929.0 1.4988682280625274e-6
930.0 1.4918307586904219e-6
931.0000000000001 1.4847951913678156e-6
932.0 1.4777633687464998e-6
933.0 1.4707370757539759e-6
934.0 1.4637180400387675e-6
935.0 1.4567079324562087e-6
936.0 1.4497083676669447e-6
937.0 1.4427209047548234e-6
937.9999999999999 1.4357470478889123e-6
939.0 1.4287882470899697e-6
940.0 1.421845898974615e-6
941.0 1.4149213475864444e-6
942.0000000000001 1.4080158852307274e-6
943.0 1.4011307533697787e-6
944.0 1.3942671435259696e-6
944.9999999999999 1.3874261982179073e-6
946.0 1.3806090119117604e-6
947.0 1.3738166319967678e-6
948.0 1.3670500597802745e-6
948.9999999999999 1.3603102514818253e-6
950.0 1.3535981192412527e-6
951.0 1.3469145321440502e-6
952.0 1.3402603172474722e-6
953.0000000000001 1.3336362605871506e-6
954.0 1.3270431082192804e-6
955.0 1.3204815672467825e-6
955.9999999999999 1.3139523068214255e-6
957.0 1.3074559591845505e-6
958.0 1.3009931206613745e-6
959.0 1.2945643526589865e-6
959.9999999999999 1.2881701826796966e-6
961.0 1.2818111052810156e-6
962.0 1.2754875830675617e-6
963.0 1.2692000476312023e-6
964.0000000000001 1.2629489005146362e-6
965.0 1.2567345141305204e-6
966.0 1.2505572326959477e-6
966.9999999999999 1.2444173731157125e-6
968.0 1.2383152258837515e-6
969.0 1.2322510559499998e-6
970.0 1.2262251035772812e-6
971.0000000000001 1.220237585174967e-6
972.0 1.2142886941240626e-6
973.0 1.2083786015736975e-6
974.0 1.2025074572451413e-6
975.0000000000001 1.1966753901766945e-6
976.0 1.1908825094941263e-6
977.0 1.185128905129613e-6
977.9999999999999 1.1794146485450762e-6
979.0 1.1737397934320896e-6
980.0 1.1681043763912423e-6
981.0 1.1625084175859198e-6
982.0000000000001 1.1569519213986862e-6
983.0 1.1514348770568824e-6
984.0 1.1459572592482082e-6
985.0 1.1405190287016037e-6
986.0 1.1351201327854809e-6
987.0 1.1297605060459548e-6
988.0 1.1244400707810002e-6
988.9999999999999 1.1191587375450917e-6
990.0 1.113916405679437e-6
991.0 1.1087129637991224e-6
992.0 1.1035482902900954e-6
993.0000000000001 1.0984222537649754e-6
994.0 1.0933347135341832e-6
995.0 1.0882855200285495e-6
996.0 1.083274515239124e-6
997.0 1.0783015331259693e-6
998.0 1.0733664000201501e-6
999.0 1.0684689350071177e-6
999.9999999999999 1.0636089503057352e-6
1001.0 1.0587862516256356e-6
1002.0 1.0540006385278254e-6
1003.0 1.0492519047522058e-6
1004.0000000000001 1.0445398385440893e-6
1005.0 1.03986422298481e-6
1006.0 1.0352248362814074e-6
1007.0 1.0306214520683497e-6
1008.0 1.026053839698699e-6
1009.0 1.021521764502906e-6
1010.0 1.0170249880666754e-6
1010.9999999999999 1.0125632684881728e-6
1012.0 1.0081363606118997e-6
1013.0 1.0037440162776062e-6
1014.0 9.993859845495468e-7
1015.0000000000001 9.95062011935e-7
1016.0 9.907718425922434e-7
1017.0 9.865152185435878e-7
1018.0 9.822918798695748e-7
1019.0 9.781015649046491e-7
1020.0 9.739440104060819e-7
1021.0 9.698189517505146e-7
1021.9999999999999 9.657261230801832e-7
1023.0 9.616652574936969e-7
1024.0 9.576360871803906e-7
1025.0 9.536383435758734e-7
1026.0 9.496717575216758e-7
1027.0 9.457360593832141e-7
1028.0 9.41830979203827e-7
1029.0 9.379562468130738e-7
1030.0 9.341115919744911e-7
1031.0 9.302967444824219e-7
1032.0 9.265114342905404e-7
1033.0 9.227553916109049e-7
1034.0 9.190283470266707e-7
1035.0 9.153300315885688e-7
1036.0 9.116601769151568e-7
1037.0 9.080185152784492e-7
1038.0 9.04404779698036e-7
1039.0 9.008187040260711e-7
1040.0 8.972600230223304e-7
1041.0 8.937284724390127e-7
1042.0 8.902237890884212e-7
1043.0 8.86745710920928e-7
1044.0 8.83293977084945e-7
1045.0 8.79868327995702e-7
1046.0 8.764685053969607e-7
1047.0 8.730942524161386e-7
1048.0 8.697453136241316e-7
1049.0 8.664214350858489e-7
1050.0 8.631223644129725e-7
1051.0 8.598478508082574e-7
1052.0 8.565976451145028e-7
1053.0 8.533714998550329e-7
1054.0 8.501691692721242e-7
1055.0 8.469904093786463e-7
1056.0 8.438349779695439e-7
1057.0 8.407026346832103e-7
1058.0 8.375931410138368e-7
1059.0 8.345062603500858e-7
1060.0 8.314417580042093e-7
1061.0 8.283994012276412e-7
1062.0 8.253789592562542e-7
1063.0 8.223802033045507e-7
1064.0 8.194029066151687e-7
1065.0 8.164468444567096e-7
1066.0 8.135117941518955e-7
1067.0 8.105975350912549e-7
1068.0 8.077038487477936e-7
1069.0 8.048305186874483e-7
1070.0 8.019773305843755e-7
1071.0 7.991440722268529e-7
1072.0 7.963305335293309e-7
1073.0 7.935365065383335e-7
1074.0 7.907617854412966e-7
1075.0 7.880061665614133e-7
1076.0 7.85269448380232e-7
1077.0 7.825514315148962e-7
1078.0 7.798519187438804e-7
1079.0 7.77170714989633e-7
1080.0 7.745076273255344e-7
1081.0 7.718624649746518e-7
1082.0 7.692350392975343e-7
1083.0 7.666251638057206e-7
1084.0 7.640326541340545e-7
1085.0 7.614573280551648e-7
1086.0 7.588990054605381e-7
1087.0 7.563575083573887e-7
1088.0 7.538326608602004e-7
1089.0 7.513242891786209e-7
1090.0 7.488322216108034e-7
1091.0 7.463562885307013e-7
1092.0 7.438963223789397e-7
1093.0 7.41452157646493e-7
1094.0 7.390236308659101e-7
1095.0 7.366105805969608e-7
1096.0 7.342128474093616e-7
1097.0 7.318302738741905e-7
1098.0 7.294627045434691e-7
1099.0 7.271099859391981e-7
1100.0 7.247719665320157e-7
1101.0 7.22448496729292e-7
1102.0 7.201394288576667e-7
1103.0 7.178446171417408e-7
1104.0 7.155639176913659e-7
1105.0 7.132971884822285e-7
1106.0 7.110442893323011e-7
1107.0 7.088050818944816e-7
1108.0 7.065794296271417e-7
1109.0 7.043671977763655e-7
1110.0 7.02168253365239e-7
1111.0 6.999824651619433e-7
1112.0 6.978097036702996e-7
1113.0 6.956498411010029e-7
1114.0 6.935027513625113e-7
1115.0 6.913683100262095e-7
1116.0 6.892463943198121e-7
1117.0 6.871368831019907e-7
1118.0 6.850396568382431e-7
1119.0 6.829545975825864e-7
1120.0 6.808815889620672e-7
1121.0 6.788205161479725e-7
1122.0 6.767712658407363e-7
1123.0 6.747337262497501e-7
1124.0 6.727077870681987e-7
1125.0 6.706933394557193e-7
1126.0 6.686902760189282e-7
1127.0 6.666984907904509e-7
1128.0 6.647178792054418e-7
1129.0 6.627483380858301e-7
1130.0 6.607897656197663e-7
1131.0 6.588420613366515e-7
1132.0 6.569051260940793e-7
1133.0 6.549788620550962e-7
1134.0 6.530631726662988e-7
1135.0 6.5115796264484e-7
1136.0 6.492631379535492e-7
1137.0 6.473786057812722e-7
1138.0 6.455042745307425e-7
1139.0 6.436400537942699e-7
1140.0 6.417858543337186e-7
1141.0 6.399415880696556e-7
1142.0 6.381071680564619e-7
1143.0 6.362825084673745e-7
1144.0 6.344675245773384e-7
1145.0 6.326621327424003e-7
1146.0 6.30866250386449e-7
1147.0 6.29079795981862e-7
1148.0 6.273026890348014e-7
1149.0 6.255348500647712e-7
1150.0 6.237762005929564e-7
1151.0 6.220266631215257e-7
1152.0 6.202861611239295e-7
1153.0 6.185546190220644e-7
1154.0 6.168319621776112e-7
1155.0 6.151181168704612e-7
1156.0 6.134130102891125e-7
1157.0 6.117165705128468e-7
1158.0 6.100287265010423e-7
1159.0 6.083494080727827e-7
1160.0 6.066785458979403e-7
1161.0 6.050160714822452e-7
1162.0 6.033619171540737e-7
1163.0 6.01716016048371e-7
1164.0 6.000783020978778e-7
1165.0 5.984487100158806e-7
1166.0 5.968271752881649e-7
1167.0 5.952136341574247e-7
1168.0 5.936080236115932e-7
1169.0 5.920102813722174e-7
1170.0 5.90420345883375e-7
1171.0 5.888381562994749e-7
1172.0 5.87263652473911e-7
1173.0 5.856967749474712e-7
1174.0 5.841374649387567e-7
1175.0 5.825856643331365e-7
1176.0 5.810413156691976e-7
1177.0 5.795043621347739e-7
1178.0 5.779747475515878e-7
1179.0 5.76452416365397e-7
1180.0 5.749373136383864e-7
1181.0 5.734293850416739e-7
1182.0 5.719285768387258e-7
1183.0 5.704348358845763e-7
1184.0 5.689481096099811e-7
1185.0 5.674683460176611e-7
1186.0 5.659954936686894e-7
1187.0 5.645295016797009e-7
1188.0 5.630703197099567e-7
1189.0 5.616178979550926e-7
1190.0 5.601721871383244e-7
1191.0 5.587331385031241e-7
1192.0 5.573007038053471e-7
1193.0 5.558748353066678e-7
1194.0 5.544554857641669e-7
1195.0 5.530426084263746e-7
1196.0 5.516361570253235e-7
1197.0 5.502360857661064e-7
1198.0 5.488423493274742e-7
1199.0 5.474549028451309e-7
1200.0 5.460737019148946e-7
1201.0 5.44698702579494e-7
1202.0 5.433298613243255e-7
1203.0 5.419671350725008e-7
1204.0 5.40610481177477e-7
1205.0 5.392598574161871e-7
1206.0 5.379152219849451e-7
1207.0 5.36576533491305e-7
1208.0 5.352437509519173e-7
1209.0 5.339168337844148e-7
1210.0 5.325957418000349e-7
1211.0 5.312804352038915e-7
1212.0 5.299708745849279e-7
1213.0 5.286670209116546e-7
1214.0 5.273688355292342e-7
1215.0 5.260762801518856e-7
1216.0 5.24789316858423e-7
1217.0 5.23507908090129e-7
1218.0 5.222320166416421e-7
1219.0 5.209616056595154e-7
1220.0 5.19696638636996e-7
1221.0 5.184370794101651e-7
1222.0 5.171828921506054e-7
1223.0 5.159340413646801e-7
1224.0 5.146904918880743e-7
1225.0 5.134522088800007e-7
1226.0 5.12219157821388e-7
1227.0 5.1099130450963e-7
1228.0 5.097686150556285e-7
1229.0 5.085510558779055e-7
1230.0 5.073385937011081e-7
1231.0 5.061311955515341e-7
1232.0 5.049288287517552e-7
1233.0 5.037314609190025e-7
1234.0 5.025390599613059e-7
1235.0 5.013515940740879e-7
1236.0 5.001690317351262e-7
1237.0 4.989913417025007e-7
1238.0 4.978184930118893e-7
1239.0 4.966504549709372e-7
1240.0 4.954871971603457e-7
1241.0 4.943286894241037e-7
1242.0 4.931749018730385e-7
1243.0 4.920258048771492e-7
1244.0 4.908813690652274e-7
1245.0 4.897415653211035e-7
1246.0 4.886063647785556e-7
1247.0 4.874757388237595e-7
1248.0 4.863496590850958e-7
1249.0 4.852280974376068e-7
1250.0 4.841110259950324e-7
1251.0 4.829984171092152e-7
1252.0 4.818902433681194e-7
1253.0 4.807864775913975e-7
1254.0 4.796870928285022e-7
1255.0 4.785920623570551e-7
1256.0 4.775013596793709e-7
1257.0 4.7641495851940225e-7
1258.0 4.753328328218148e-7
1259.0 4.742549567491791e-7
1260.0 4.7318130467789976e-7
1261.0 4.721118511978595e-7
1262.0 4.7104657110957904e-7
1263.0 4.699854394223889e-7
1264.0 4.689284313504359e-7
1265.0 4.678755223118354e-7
1266.0 4.668266879273021e-7
1267.0 4.657819040157501e-7
1268.0 4.6474114659398677e-7
1269.0 4.6370439187402984e-7
1270.0 4.626716162612226e-7
1271.0 4.61642796351718e-7
1272.0 4.6061790893045694e-7
1273.0 4.5959693097095603e-7
1274.0 4.5857983963014886e-7
1275.0 4.5756661224894566e-7
1276.0 4.565572263497161e-7
1277.0 4.555516596350426e-7
1278.0 4.54549889983405e-7
1279.0 4.535518954510692e-7
1280.0 4.525576542658134e-7
1281.0 4.515671448304549e-7
1282.0 4.5058034571614326e-7
1283.0 4.4959723566434015e-7
1284.0 4.486177935815422e-7
1285.0 4.4764199854207213e-7
1286.0 4.4666982978233925e-7
1287.0 4.457012667004474e-7
1288.0 4.4473628885625436e-7
1289.0 4.4377487596744653e-7
1290.0 4.4281700790960823e-7
1291.0 4.4186266471312116e-7
1292.0 4.4091182656263714e-7
1293.0 4.3996447379614623e-7
1294.0 4.390205869024299e-7
1295.0 4.380801465186901e-7
1296.0 4.371431334328455e-7
1297.0 4.3620952857626446e-7
1298.0 4.352793130282976e-7
1299.0 4.3435246801048825e-7
1300.0 4.3342897488724856e-7
1301.0 4.325088151643349e-7
1302.0 4.315919704868342e-7
1303.0 4.306784226380447e-7
1304.0 4.297681535386982e-7
1305.0 4.2886114524509355e-7
1306.0000000000002 4.279573799477465e-7
1307.0 4.270568399703235e-7
1308.0 4.2615950776774575e-7
1308.9999999999998 4.252653659269367e-7
1310.0 4.243743971627934e-7
1311.0 4.234865843192801e-7
1312.0 4.2260191036641473e-7
1313.0 4.217203583999861e-7
1314.0 4.208419116410316e-7
1315.0 4.1996655343372106e-7
1316.0 4.190942672438347e-7
1317.0000000000002 4.182250366583756e-7
1318.0 4.173588453845853e-7
1319.0 4.164956772489272e-7
1319.9999999999998 4.156355161945484e-7
1321.0 4.147783462816203e-7
1322.0 4.139241516862955e-7
1323.0 4.130729166982182e-7
1324.0 4.1222462572144005e-7
1325.0 4.11379263272007e-7
1326.0 4.1053681397648854e-7
1327.0 4.096972625735641e-7
1328.0000000000002 4.088605939100126e-7
1329.0 4.080267929403126e-7
1330.0 4.0719584472805923e-7
1330.9999999999998 4.0636773444207633e-7
1332.0 4.055424473560786e-7
1333.0 4.0471996884949456e-7
1334.0 4.039002844042393e-7
1335.0 4.030833796054734e-7
1336.0 4.022692401399804e-7
1337.0 4.0145785179464405e-7
1338.0 4.006492004565157e-7
1339.0000000000002 3.99843272112215e-7
1340.0 3.990400528450993e-7
1341.0 3.9823952883705927e-7
1341.9999999999998 3.9744168636619047e-7
1343.0 3.9664651180445455e-7
1344.0 3.958539916206792e-7
1345.0 3.950641123763688e-7
1346.0 3.942768607252602e-7
1347.0 3.934922234150946e-7
1348.0 3.927101872835308e-7
1349.0 3.919307392592134e-7
1350.0000000000002 3.9115386636090983e-7
1351.0 3.90379555695611e-7
1352.0 3.896077944592321e-7
1352.9999999999998 3.8883856993502594e-7
1354.0 3.880718694924632e-7
1355.0 3.8730768058735593e-7
1356.0 3.8654599076052054e-7
1357.0 3.8578678763783286e-7
1358.0 3.8503005892814964e-7
1359.0 3.8427579242358427e-7
1360.0 3.8352397599876074e-7
1361.0000000000002 3.827745976100492e-7
1362.0 3.8202764529436965e-7
1363.0 3.8128310716910884e-7
1363.9999999999998 3.8054097143069833e-7
1365.0 3.798012263555268e-7
1366.0 3.7906386029752666e-7
1366.9999999999998 3.783288616876698e-7
1368.0 3.775962190349536e-7
1369.0 3.7686592092374e-7
1370.0 3.7613795601462543e-7
1371.0 3.7541231304314254e-7
1372.0000000000002 3.746889808186654e-7
1373.0 3.739679482246104e-7
1374.0 3.732492042180926e-7
1374.9999999999998 3.725327378279763e-7
1376.0 3.718185381549925e-7
1377.0 3.7110659437195506e-7
1377.9999999999998 3.7039689572220824e-7
1379.0 3.6968943151881935e-7
1380.0 3.6898419114471587e-7
1381.0 3.682811640518105e-7
1382.0 3.6758033976124156e-7
1383.0000000000002 3.66881707860553e-7
1384.0 3.661852580062807e-7
1385.0 3.6549097991989105e-7
1385.9999999999998 3.647988633911487e-7
1387.0 3.641088982744452e-7
1388.0 3.6342107448893366e-7
1388.9999999999998 3.627353820197407e-7
1390.0 3.620518109149576e-7
1391.0 3.613703512875073e-7
1392.0 3.606909933118442e-7
1393.0 3.600137272267066e-7
1394.0000000000002 3.5933854333227196e-7
1395.0 3.586654319896599e-7
1396.0 3.579943836226378e-7
1396.9999999999998 3.5732538871448837e-7
1398.0 3.5665843780907006e-7
1399.0 3.559935215101963e-7
1399.9999999999998 3.5533063048043624e-7
1401.0 3.546697554413762e-7
1402.0 3.5401088717331016e-7
1403.0 3.5335401651375146e-7
1404.0 3.5269913435799584e-7
1405.0000000000002 3.5204623165826114e-7
1406.0 3.5139529942357855e-7
1407.0 3.5074632871856484e-7
1407.9999999999998 3.5009931066374246e-7
1409.0 3.494542364351919e-7
1410.0 3.4881109726317713e-7
1410.9999999999998 3.4816988443294514e-7
1412.0 3.475305892832299e-7
1413.0 3.4689320320681943e-7
1414.0 3.4625771764936585e-7
1415.0 3.456241241092639e-7
1416.0000000000002 3.4499241413761786e-7
1417.0 3.4436257933675656e-7
1418.0 3.437346113613708e-7
1419.0000000000002 3.431085019166871e-7
1420.0 3.4248424275945156e-7
1421.0 3.4186182569621775e-7
1421.9999999999998 3.412412425837223e-7
1423.0 3.406224853287315e-7
1424.0 3.4000554588651863e-7
1425.0 3.39390416262105e-7
1426.0 3.387770885084636e-7
1427.0000000000002 3.381655547274213e-7
1428.0 3.375558070681033e-7
1429.0 3.3694783772728964e-7
1430.0000000000002 3.363416389492189e-7
1431.0 3.3573720302421046e-7
1432.0 3.3513452228982397e-7
1432.9999999999998 3.3453358912914374e-7
1434.0 3.3393439597164667e-7
1435.0 3.333369352918102e-7
1436.0 3.3274119960933333e-7
1437.0 3.321471814888514e-7
1438.0000000000002 3.3155487353909753e-7
1439.0 3.309642684135093e-7
1440.0 3.3037535880883115e-7
1441.0000000000002 3.297881374659174e-7
1442.0 3.292025971682317e-7
1443.0 3.2861873074240827e-7
1443.9999999999998 3.2803653105796864e-7
1445.0 3.274559910261421e-7
1446.0 3.2687710360051073e-7
1447.0 3.262998617762596e-7
1448.0 3.2572425859026806e-7
1449.0000000000002 3.25150287119987e-7
1450.0 3.2457794048399124e-7
1451.0 3.2400721184161627e-7
1452.0000000000002 3.2343809439194847e-7
1453.0 3.228705813743187e-7
1454.0 3.2230466606801013e-7
1454.9999999999998 3.2174034179077856e-7
1456.0 3.211776019007601e-7
1457.0 3.2061643979432656e-7
1458.0 3.2005684890601754e-7
1459.0 3.1949882270968574e-7
1460.0 3.1894235471640473e-7
1461.0 3.183874384757938e-7
1462.0 3.178340675741731e-7
1463.0000000000002 3.1728223563562803e-7
1464.0 3.167319363212296e-7
1465.0 3.161831633287794e-7
1465.9999999999998 3.156359103930775e-7
1467.0 3.150901712845152e-7
1468.0 3.1454593980946334e-7
1469.0 3.140032098108129e-7
1470.0 3.13461975166272e-7
1471.0 3.1292222978911533e-7
1472.0 3.123839676280611e-7
1473.0 3.1184718266611663e-7
1474.0000000000002 3.1131186892085594e-7
1475.0 3.107780204446097e-7
1476.0 3.1024563132381603e-7
1476.9999999999998 3.0971469567842545e-7
1478.0 3.09185207662268e-7
1479.0 3.086571614630014e-7
1480.0 3.081305513007015e-7
1481.0 3.0760537142904953e-7
1482.0 3.0708161613450026e-7
1483.0 3.0655927973553985e-7
1484.0 3.0603835658382283e-7
1485.0000000000002 3.0551884106275427e-7
1486.0 3.0500072758711446e-7
1487.0 3.0448401060430155e-7
1487.9999999999998 3.039686845926604e-7
1489.0 3.034547440621418e-7
1490.0 3.0294218355346246e-7
1491.0 3.024309976383972e-7
1492.0 3.0192118091930814e-7
1493.0 3.014127280293103e-7
1494.0 3.009056336314054e-7
1495.0 3.003998924189638e-7
1496.0000000000002 2.99895499114986e-7
1497.0 2.993924484725733e-7
1498.0 2.988907352738406e-7
1498.9999999999998 2.9839035433068513e-7
1500.0 2.978913004832415e-7
1501.0 2.973935686018233e-7
1502.0 2.9689715358437715e-7
1503.0 2.96402050358228e-7
1504.0 2.9590825387826053e-7
1505.0 2.954157591279983e-7
1506.0 2.9492456111884203e-7
1507.0000000000002 2.944346548902591e-7
1508.0 2.939460355089576e-7
1509.0 2.934586980690783e-7
1509.9999999999998 2.9297263769226377e-7
1511.0 2.9248784952747005e-7
1512.0 2.9200432874992644e-7
1513.0 2.915220705619487e-7
1514.0 2.9104107019273246e-7
1515.0 2.905613228971241e-7
1516.0 2.9008282395677907e-7
1517.0 2.8960556867924443e-7
1518.0000000000002 2.891295523978551e-7
1519.0 2.8865477047167043e-7
1520.0 2.8818121828535116e-7
1520.9999999999998 2.877088912492317e-7
1522.0 2.8723778479815865e-7
1523.0 2.867678943926105e-7
1524.0 2.8629921551766337e-7
1525.0 2.858317436834475e-7
1526.0 2.853654744242306e-7
1527.0 2.849004032991388e-7
1528.0 2.844365258907569e-7
1529.0000000000002 2.839738378068996e-7
1530.0 2.8351233467828617e-7
1531.0 2.830520121602127e-7
1531.9999999999998 2.8259286593084957e-7
1533.0 2.8213489169228586e-7
1534.0 2.816780851696931e-7
1535.0 2.8122244211190824e-7
1536.0 2.807679582901137e-7
1537.0 2.803146294985713e-7
1538.0 2.7986245155451696e-7
1539.0 2.794114202971908e-7
1540.0000000000002 2.7896153158895175e-7
1541.0 2.78512781314071e-7
1542.0 2.7806516537851593e-7
1542.9999999999998 2.776186797109289e-7
1544.0 2.7717332026161434e-7
1545.0 2.767290830018831e-7
1546.0 2.762859639255816e-7
1547.0 2.75843959047216e-7
1548.0 2.7540306440282006e-7
1549.0 2.7496327604974544e-7
1550.0 2.7452459006596097e-7
1551.0000000000002 2.740870025502501e-7
1552.0 2.736505096225772e-7
1553.0 2.7321510742282e-7
1553.9999999999998 2.7278079211166583e-7
1555.0 2.723475598698737e-7
1556.0 2.719154068988107e-7
1557.0 2.714843294192868e-7
1558.0 2.71054323672143e-7
1559.0 2.706253859182138e-7
1560.0 2.701975124374767e-7
1561.0 2.697706995302473e-7
1562.0000000000002 2.6934494351495483e-7
1563.0 2.6892024073041665e-7
1564.0 2.684965875336576e-7
1564.9999999999998 2.6807398030121707e-7
1566.0 2.6765241542812e-7
1567.0 2.672318893285267e-7
1568.0 2.6681239843461113e-7
1569.0 2.6639393919752876e-7
1570.0 2.6597650808601147e-7
1571.0 2.655601015880198e-7
1572.0 2.6514471620884546e-7
1573.0000000000002 2.647303484716882e-7
1574.0 2.6431699491803535e-7
1575.0 2.6390465210671346e-7
1575.9999999999998 2.6349331661441403e-7
1577.0 2.6308298503480154e-7
1578.0 2.626736539793879e-7
1579.0 2.6226532007687236e-7
1580.0 2.618579799724125e-7
1581.0 2.6145163032894253e-7
1582.0 2.6104626782590136e-7
1583.0 2.606418891592854e-7
1584.0000000000002 2.6023849104218334e-7
1585.0 2.5983607020381054e-7
1586.0 2.594346233897522e-7
1586.9999999999998 2.590341473623059e-7
1588.0 2.58634638899391e-7
1589.0 2.5823609479519165e-7
1590.0 2.5783851185989555e-7
1591.0 2.5744188691970363e-7
1592.0 2.570462168159734e-7
1593.0 2.566514984061509e-7
1594.0 2.5625772856301185e-7
1595.0000000000002 2.558649041746952e-7
1596.0 2.55473022144526e-7
1597.0 2.550820793911754e-7
1597.9999999999998 2.5469207284833755e-7
1599.0 2.54302999464535e-7
1600.0 2.5391485620309215e-7
1601.0 2.535276400424539e-7
1602.0 2.5314134797518016e-7
1603.0 2.527559770085581e-7
1604.0 2.5237152416434895e-7
1605.0 2.5198798647883553e-7
1606.0000000000002 2.516053610019746e-7
1607.0 2.5122364479829063e-7
1608.0 2.508428349461785e-7
1608.9999999999998 2.5046292853791263e-7
1610.0 2.500839226794993e-7
1611.0 2.4970581449083043e-7
1612.0 2.4932860110535214e-7
1613.0 2.489522796699787e-7
1614.0 2.485768473449094e-7
1615.0 2.482023013040846e-7
1616.0 2.4782863873415305e-7
1617.0000000000002 2.47455856835104e-7
1618.0 2.4708395281997745e-7
1619.0 2.4671292391495676e-7
1619.9999999999998 2.4634276735855646e-7
1621.0 2.459734804026401e-7
1622.0 2.4560506031092246e-7
1622.9999999999998 2.4523750436053115e-7
1624.0 2.448708098406492e-7
1625.0 2.445049740529157e-7
1626.0 2.4413999431093546e-7
1627.0 2.4377586794117946e-7
1628.0000000000002 2.4341259228175695e-7
1629.0 2.430501646827013e-7
1630.0 2.4268858250639775e-7
1630.9999999999998 2.423278431267778e-7
1632.0 2.4196794392972654e-7
1633.0 2.4160888231258647e-7
1633.9999999999998 2.412506556843023e-7
1635.0 2.4089326146555975e-7
1636.0 2.4053669708822445e-7
1637.0 2.401809599958426e-7
1638.0 2.3982604764276937e-7
1639.0000000000002 2.394719574949668e-7
1640.0 2.3911868702906857e-7
1641.0 2.387662337330357e-7
1641.9999999999998 2.3841459510559967e-7
1643.0 2.38063768656499e-7
1644.0 2.3771375190614127e-7
1644.9999999999998 2.3736454238556946e-7
1646.0 2.3701613763662674e-7
1647.0 2.3666853521166384e-7
1648.0 2.3632173267330635e-7
1649.0 2.3597572759481172e-7
1650.0000000000002 2.3563051755974957e-7
1651.0 2.3528610016170484e-7
1652.0 2.3494247300455178e-7
1652.9999999999998 2.345996337023367e-7
1654.0 2.3425757987927662e-7
1655.0 2.3391630916913996e-7
1655.9999999999998 2.3357581921600069e-7
1657.0 2.332361076732071e-7
1658.0 2.3289717220452925e-7
1659.0 2.3255901048293376e-7
1660.0 2.3222162019125871e-7
1661.0000000000002 2.318849990216131e-7
1662.0 2.31549144675812e-7
1663.0 2.3121405486489614e-7
1664.0000000000002 2.3087972730959176e-7
1665.0 2.3054615973930836e-7
1666.0 2.3021334989349495e-7
1666.9999999999998 2.2988129551985057e-7
1668.0 2.2954999437580403e-7
1669.0 2.2921944422744593e-7
1670.0 2.288896428500518e-7
1671.0 2.2856058802778214e-7
1672.0000000000002 2.2823227755342586e-7
1673.0 2.2790470922864157e-7
1674.0 2.2757788086404723e-7
1675.0000000000002 2.272517902784516e-7
1676.0 2.269264352996865e-7
1677.0 2.2660181376409258e-7
1677.9999999999998 2.2627792351603002e-7
1679.0 2.2595476240889179e-7
1680.0 2.2563232830399662e-7
1681.0 2.2531061907133933e-7
1682.0 2.2498963258879917e-7
1683.0000000000002 2.246693667427512e-7
1684.0 2.2434981942747085e-7
1685.0 2.2403098854564291e-7
1686.0000000000002 2.2371287200771708e-7
1687.0 2.2339546773225032e-7
1688.0 2.2307877364573216e-7
1688.9999999999998 2.227627876825871e-7
1690.0 2.224475077850278e-7
1691.0 2.2213293190302496e-7
1692.0 2.2181905799417308e-7
1693.0 2.2150588402409907e-7
1694.0000000000002 2.2119340796575497e-7
1695.0 2.208816277999231e-7
1696.0 2.205705415146869e-7
1697.0000000000002 2.2026014710568e-7
1698.0 2.1995044257607991e-7
1699.0 2.1964142593659345e-7
1699.9999999999998 2.1933309520494129e-7
1701.0 2.1902544840632216e-7
1702.0 2.1871848357325143e-7
1703.0 2.1841219874563682e-7
1704.0 2.1810659197007836e-7
1705.0000000000002 2.1780166130085993e-7
1706.0 2.1749740479880643e-7
1707.0 2.1719382053231636e-7
1708.0000000000002 2.168909065765797e-7
1709.0 2.1658866101346838e-7
1710.0 2.162870819323651e-7
1710.9999999999998 2.1598616742909472e-7
1712.0 2.1568591560645605e-7
1713.0 2.153863245741789e-7
1714.0 2.1508739244848676e-7
1715.0 2.1478911735261347e-7
1716.0 2.1449149741639238e-7
1717.0 2.1419453077618977e-7
1718.0 2.1389821557510958e-7
1719.0000000000002 2.1360254996274126e-7
1720.0 2.1330753209548188e-7
1721.0 2.1301316013589717e-7
1721.9999999999998 2.1271943225314876e-7
1723.0 2.1242634662288197e-7
1724.0 2.1213390142715736e-7
1725.0 2.118420948543493e-7
1726.0 2.115509250991484e-7
1727.0 2.112603903624468e-7
1728.0 2.109704888517087e-7
1729.0 2.1068121878042794e-7
1730.0000000000002 2.1039257836811523e-7
1731.0 2.1010456584080884e-7
1732.0 2.0981717943044557e-7
1732.9999999999998 2.0953041737506873e-7
1734.0 2.0924427791905027e-7
1735.0 2.089587593124561e-7
1736.0 2.0867385981150513e-7
1737.0 2.0838957767851379e-7
1738.0 2.0810591118154544e-7
1739.0 2.0782285859462828e-7
1740.0 2.0754041819775236e-7
1741.0000000000002 2.072585882768873e-7
1742.0 2.0697736712351778e-7
1743.0 2.0669675303509161e-7
1743.9999999999998 2.064167443150104e-7
1745.0 2.0613733927203644e-7
1746.0 2.0585853622113998e-7
1747.0 2.0558033348245695e-7
1748.0 2.0530272938222583e-7
1749.0 2.050257222520518e-7
1750.0 2.0474931042924373e-7
1751.0 2.0447349225668756e-7
1752.0000000000002 2.041982660830312e-7
1753.0 2.039236302620365e-7
1754.0 2.0364958315345743e-7
1754.9999999999998 2.0337612312196044e-7
1756.0 2.0310324853827609e-7
1757.0 2.028309577782815e-7
1758.0 2.025592492230608e-7
1759.0 2.0228812125953307e-7
1760.0 2.0201757227961197e-7
1761.0 2.017476006808324e-7
1762.0 2.0147820486567887e-7
1763.0000000000002 2.0120938324237006e-7
1764.0 2.0094113422417135e-7
1765.0 2.0067345622937586e-7
1765.9999999999998 2.0040634768203206e-7
1767.0 2.0013980701086855e-7
1768.0 1.998738326502425e-7
1769.0 1.996084230391597e-7
1770.0 1.993435766222781e-7
1771.0 1.9907929184914886e-7
1772.0 1.9881556717419753e-7
1773.0 1.9855240105738592e-7
1774.0000000000002 1.9828979196338435e-7
1775.0 1.9802773836210717e-7
1776.0 1.9776623872812264e-7
1776.9999999999998 1.975052915414775e-7
1778.0 1.972448952869418e-7
1779.0 1.9698504845404338e-7
1780.0 1.9672574953769292e-7
1781.0 1.9646699703736503e-7
1782.0 1.9620878945765472e-7
1783.0 1.9595112530765352e-7
1784.0 1.9569400310180634e-7
1785.0000000000002 1.9543742135914538e-7
1786.0 1.9518137860332415e-7
1787.0 1.9492587336328054e-7
1787.9999999999998 1.9467090417222817e-7
1789.0 1.9441646956860815e-7
1790.0 1.9416256809508515e-7
1791.0 1.9390919829956035e-7
1792.0 1.9365635873440443e-7
1793.0 1.9340404795649167e-7
1794.0 1.9315226452784768e-7
1795.0 1.9290100701465183e-7
1796.0000000000002 1.9265027398817577e-7
1797.0 1.9240006402380922e-7
1798.0 1.9215037570203654e-7
1798.9999999999998 1.9190120760771213e-7
1800.0 1.916525583300843e-7
1801.0 1.914044264633407e-7
1802.0 1.9115681060586514e-7
1803.0 1.9090970936086027e-7
1804.0 1.9066312133571275e-7
1805.0 1.9041704514248715e-7
1806.0 1.90171479397687e-7
1807.0000000000002 1.8992642272226123e-7
1808.0 1.8968187374177357e-7
1809.0 1.894378310858596e-7
1809.9999999999998 1.891942933889576e-7
1811.0 1.8895125928954026e-7
1812.0 1.8870872743062857e-7
1813.0 1.8846669645960648e-7
1814.0 1.882251650282789e-7
1815.0 1.8798413179264755e-7
1816.0 1.8774359541298984e-7
1817.0 1.8750355455408065e-7
1818.0000000000002 1.8726400788493537e-7
1819.0 1.8702495407867392e-7
1820.0 1.86786391812778e-7
1820.9999999999998 1.865483197691341e-7
1822.0 1.8631073663357353e-7
1823.0 1.8607364109625237e-7
1824.0 1.8583703185159205e-7
1825.0 1.8560090759821432e-7
1826.0 1.8536526703877254e-7
1827.0 1.8513010888014657e-7
1828.0 1.8489543183350024e-7
1829.0000000000002 1.8466123461383166e-7
1830.0 1.8442751594047397e-7
1831.0 1.841942745368553e-7
1831.9999999999998 1.8396150913029972e-7
1833.0 1.8372921845250346e-7
1834.0 1.8349740123908224e-7
1835.0 1.8326605622948983e-7
1836.0 1.8303518216755743e-7
1837.0 1.8280477780093354e-7
1838.0 1.8257484188137064e-7
1839.0 1.8234537316451406e-7
1840.0000000000002 1.8211637041003566e-7
1841.0 1.8188783238156507e-7
1842.0 1.8165975784675985e-7
1842.9999999999998 1.8143214557708381e-7
1844.0 1.812049943480447e-7
1845.0 1.809783029389545e-7
1846.0 1.8075207013319357e-7
1847.0 1.8052629471785015e-7
1848.0 1.8030097548395453e-7
1849.0 1.8007611122649768e-7
1850.0 1.7985170074418243e-7
1851.0000000000002 1.7962774283951245e-7
1852.0 1.7940423631909467e-7
1853.0 1.7918117999292086e-7
1853.9999999999998 1.7895857267530143e-7
1855.0 1.787364131837596e-7
1856.0 1.7851470034008318e-7
1857.0 1.782934329694657e-7
1858.0 1.780726099012264e-7
1859.0 1.7785222996799855e-7
1860.0 1.7763229200650795e-7
1861.0 1.7741279485692605e-7
1862.0000000000002 1.771937373632476e-7
1863.0 1.7697511837323227e-7
1864.0 1.7675693673817852e-7
1864.9999999999998 1.765391913130585e-7
1866.0 1.7632188095661818e-7
1867.0 1.7610500453104473e-7
1868.0 1.7588856090242984e-7
1869.0 1.7567254894033827e-7
1870.0 1.7545696751777543e-7
1871.0 1.7524181551163788e-7
1872.0 1.7502709180232177e-7
1873.0000000000002 1.748127952735432e-7
1874.0 1.7459892481293093e-7
1875.0 1.743854793114994e-7
1875.9999999999998 1.7417245766373284e-7
1877.0 1.7395985876782556e-7
1878.0 1.7374768152530724e-7
1878.9999999999998 1.7353592484128963e-7
1880.0 1.7332458762446166e-7
1881.0 1.731136687866979e-7
1882.0 1.7290316724381663e-7
1883.0 1.7269308191455317e-7
1884.0000000000002 1.7248341172152435e-7
1885.0 1.7227415559056548e-7
1886.0 1.7206531245092696e-7
1886.9999999999998 1.7185688123537385e-7
1888.0 1.7164886088008557e-7
1889.0 1.7144125032450024e-7
1889.9999999999998 1.7123404851159885e-7
1891.0 1.7102725438747677e-7
1892.0 1.7082086690188215e-7
1893.0 1.706148850077476e-7
1894.0 1.704093076613958e-7
1895.0000000000002 1.7020413382240905e-7
1896.0 1.6999936245373784e-7
1897.0 1.6979499252160246e-7
1897.9999999999998 1.6959102299561536e-7
1899.0 1.6938745284849406e-7
1900.0 1.6918428105636147e-7
1900.9999999999998 1.6898150659863705e-7
1902.0 1.687791284577337e-7
1903.0 1.6857714561966218e-7
1904.0 1.6837555707348914e-7
1905.0 1.6817436181139255e-7
1906.0000000000002 1.67973558828915e-7
1907.0 1.67773147124659e-7
1908.0 1.675731257005895e-7
1908.9999999999998 1.67373493561768e-7
1910.0 1.671742497163467e-7
1911.0 1.6697539317577916e-7
1911.9999999999998 1.6677692295444048e-7
1913.0 1.6657883807005372e-7
1914.0 1.6638113754341646e-7
1915.0 1.6618382039843113e-7
1916.0 1.6598688566198952e-7
1917.0000000000002 1.6579033236421275e-7
1918.0 1.6559415953828059e-7
1919.0 1.6539836622044526e-7
1919.9999999999998 1.6520295144998695e-7
1921.0 1.650079142692081e-7
1922.0 1.6481325372362445e-7
1922.9999999999998 1.6461896886154878e-7
1924.0 1.6442505873445887e-7
1925.0 1.6423152239677252e-7
1926.0 1.6403835890608126e-7
1927.0 1.6384556732275448e-7
1928.0000000000002 1.63653146710197e-7
1929.0 1.6346109613489335e-7
1930.0 1.6326941466609816e-7
1931.0000000000002 1.6307810137634968e-7
1932.0 1.6288715534070392e-7
1933.0 1.6269657563745443e-7
1933.9999999999998 1.625063613476847e-7
1935.0 1.623165115554593e-7
1936.0 1.6212702534775368e-7
1937.0 1.619379018142538e-7
1938.0 1.6174914004782002e-7
1939.0000000000002 1.6156073914406194e-7
1940.0 1.613726982013372e-7
1941.0 1.6118501632099627e-7
1942.0000000000002 1.6099769260714032e-7
1943.0 1.608107261668034e-7
1944.0 1.606241161098647e-7
1944.9999999999998 1.6043786154886586e-7
1946.0 1.6025196159934033e-7
1947.0 1.6006641537946062e-7
1948.0 1.598812220102084e-7
1949.0 1.596963806154449e-7
1950.0000000000002 1.59511890321702e-7
1951.0 1.593277502583885e-7
1952.0 1.5914395955754228e-7
1953.0000000000002 1.5896051735403353e-7
1954.0 1.5877742278526314e-7
1955.0 1.585946749917001e-7
1955.9999999999998 1.5841227311628922e-7
1957.0 1.5823021630460294e-7
1958.0 1.5804850370515957e-7
1959.0 1.5786713446898044e-7
1960.0 1.576861077498678e-7
1961.0000000000002 1.5750542270410937e-7
1962.0 1.573250784908886e-7
1963.0 1.571450742719792e-7
1964.0000000000002 1.5696540921155546e-7
1965.0 1.567860824767526e-7
1966.0 1.5660709323713782e-7
1966.9999999999998 1.5642844066498168e-7
1968.0 1.5625012393503224e-7
1969.0 1.5607214222475123e-7
1970.0 1.5589449471409112e-7
1971.0 1.5571718058566773e-7
1972.0 1.555401990246918e-7
1973.0 1.5536354921878384e-7
1974.0 1.5518723035827862e-7
1975.0000000000002 1.5501124163591238e-7
1976.0 1.5483558224697029e-7
1977.0 1.546602513893499e-7
1977.9999999999998 1.5448524826344892e-7
1979.0 1.5431057207199798e-7
1980.0 1.5413622202056322e-7
1981.0 1.5396219731679033e-7
1982.0 1.537884971711352e-7
1983.0 1.5361512079637455e-7
1984.0 1.5344206740769862e-7
1985.0 1.5326933622289118e-7
1986.0000000000002 1.5309692646208292e-7
1987.0 1.5292483734782195e-7
1988.0 1.5275306810516054e-7
1988.9999999999998 1.5258161796155344e-7
1990.0 1.524104861467809e-7
1991.0 1.5223967189310737e-7
1992.0 1.5206917443523717e-7
1993.0 1.5189899301007962e-7
1994.0 1.5172912685706283e-7
1995.0 1.5155957521791805e-7
1996.0 1.5139033733685787e-7
1997.0000000000002 1.5122141246023804e-7
1998.0 1.510527998369187e-7
1999.0 1.508844987180648e-7
1999.9999999999998 1.5071650835706425e-7
