0.0 4.8201157414425646e-5
1.0 4.820387153328769e-5
2.0 4.8212015727332135e-5
3.0 4.822559550976031e-5
4.0 4.8244620079214586e-5
5.0 4.8269102336519936e-5
6.0 4.829905890646988e-5
7.0 4.833451016461049e-5
8.0 4.8375480273220984e-5
9.0 4.8421997221582244e-5
10.0 4.8474092876589696e-5
10.999999999999998 4.853180303329296e-5
12.0 4.859516748061125e-5
13.000000000000002 4.866423007008968e-5
14.0 4.8739038789681694e-5
14.999999999999998 4.881964585074061e-5
16.0 4.89061077796215e-5
17.0 4.8998485518979656e-5
18.0 4.9096844535109616e-5
19.0 4.920125493815e-5
20.0 4.9311791609802885e-5
21.0 4.942853433999538e-5
21.999999999999996 4.9551567974394154e-5
23.0 4.968098257553084e-5
24.0 4.981687359045468e-5
25.0 4.995934203508587e-5
26.000000000000004 5.010849468843084e-5
27.0 5.0264444299929264e-5
28.0 5.0427309815733544e-5
29.0 5.0597216613023746e-5
29.999999999999996 5.077429675580408e-5
31.0 5.09586892659102e-5
32.0 5.115054041146812e-5
33.0 5.135000401572562e-5
34.0 5.155724178631915e-5
35.0 5.177242366742057e-5
36.0 5.1995728208450035e-5
37.0 5.222734297435404e-5
38.0 5.2467464960995545e-5
39.0 5.271630105772056e-5
40.0 5.297406853021049e-5
41.0 5.3240995541081333e-5
42.0 5.351732170683068e-5
43.0 5.3803298685257e-5
43.99999999999999 5.4099190818483707e-5
45.0 5.440527580539252e-5
46.0 5.4721845433608016e-5
47.0 5.5049206357166687e-5
48.0 5.5387680930960126e-5
49.0 5.573760810934541e-5
50.0 5.6099344407769386e-5
51.0 5.647326493531645e-5
52.00000000000001 5.685976450808052e-5
53.0 5.7259258840401805e-5
54.0 5.767218583734261e-5
55.0 5.809900697764404e-5
56.0 5.8540208810014146e-5
57.0 5.8996304570155225e-5
58.0 5.946783592027803e-5
59.0 5.9955374841233496e-5
59.99999999999999 6.0459525668852866e-5
61.0 6.098092731159979e-5
62.0 6.152025564384398e-5
63.0 6.207822611780144e-5
64.0 6.265559659559355e-5
65.0 6.325317042632095e-5
66.0 6.387179980937589e-5
67.0 6.451238945963108e-5
68.0 6.517590060600298e-5
69.0 6.586335536643889e-5
70.0 6.657584154890759e-5
71.0 6.731451789885976e-5
72.0 6.808061987534338e-5
73.0 6.887546599737905e-5
74.0 6.970046483791551e-5
75.0 7.055712273502127e-5
76.0 7.144705232082537e-5
77.0 7.237198194456455e-5
78.0 7.33337661429409e-5
79.0 7.433439725715378e-5
80.0 7.537601835444548e-5
81.0 7.646093765101222e-5
82.0 7.759164461577464e-5
83.00000000000001 7.87708280015933e-5
84.0 8.000139607346803e-5
85.0 8.128649935991967e-5
86.0 8.262955628658579e-5
87.0 8.40342821569843e-5
87.99999999999999 8.550472195431918e-5
89.0 8.70452876185735e-5
90.0 8.866080049258751e-5
91.0 9.035653978340936e-5
92.0 9.213829811862066e-5
92.99999999999999 9.401244535003374e-5
94.0 9.598600214082449e-5
95.0 9.806672511177391e-5
96.0 0.00010026320569054889
97.0 0.00010258498535387824
98.0 0.00010504269050197552
99.00000000000001 0.0001076481909633736
100.0 0.0001104147871361739
101.0 0.00011335743196315676
102.0 0.00011649299554901745
103.0 0.00011984058231731544
104.00000000000001 0.00012342191323734233
105.0 0.00012726178927725736
106.0 0.00013138865694021221
107.0 0.00013583530314487645
108.0 0.00014063971520955742
108.99999999999999 0.00014584615367686324
110.0 0.00015150650202718364
111.0 0.00015768198023269418
112.0 0.0001644453420628529
113.0 0.00017188372305509793
114.0 0.00018010237545380657
115.00000000000001 0.00018922962980561208
116.0 0.00019942357973157308
117.0 0.0002108812302560639
118.0 0.0002238512366524862
119.0 0.0002386519901821374
119.99999999999999 0.0002556978608142498
121.0 0.0002755382279538629
122.0 0.0002989171920781901
123.0 0.0003268679465034289
124.0 0.0003608676954672623
124.99999999999999 0.00040310361774380135
126.0 0.00045695466532293886
127.0 0.0005279234401308184
128.0 0.0006255917504628782
129.0 0.0007681736798759848
130.0 0.0009946506124792296
131.0 0.0014032570198785875
132.0 0.002293344203007805
133.0 0.004015156037085348
134.0 0.0027960666038690223
135.0 0.001596782239778594
136.0 0.0010787302040022274
137.0 0.0008074306083780044
138.0 0.0006427882405126368
139.0 0.0005327662995046418
140.0 0.000454217625836758
141.0 0.00039539193617014193
142.0 0.00034971887284427825
143.0 0.00031324603342363993
144.0 0.00028345652448243336
145.0 0.00025867287610491875
146.0 0.00023773465198455133
147.0 0.00021981380618068717
148.0 0.00020430378458280717
149.0 0.0001907501960560929
150.0 0.00017880596269337926
151.0 0.00016820143527150738
152.0 0.00015872396026502363
153.0 0.00015020358805597513
154.0 0.0001425028733167341
155.0 0.00013550946361743518
156.0 0.00012913062632580332
157.0 0.00012328914736698323
158.0 0.0001179202169747314
159.0 0.00011296903613780736
160.0 0.00010838895643701495
161.0 0.00010414001965886471
162.0 0.0001001878004216707
163.0 9.65024809374989e-5
164.0 9.305810541033801e-5
164.99999999999997 8.983197459151872e-5
166.00000000000003 8.680415078025318e-5
167.0 8.395705039254862e-5
168.0 8.127510660365808e-5
169.0 7.874448834978577e-5
170.0 7.635286504779269e-5
171.0 7.408920855847857e-5
172.0 7.194362569654658e-5
173.0 6.990721594373756e-5
174.0 6.797195003077222e-5
174.99999999999997 6.613056591733699e-5
175.99999999999997 6.437647932696154e-5
177.00000000000003 6.270370649955211e-5
178.0 6.110679729313446e-5
179.0 5.958077701129197e-5
180.0 5.8121095692203295e-5
181.0 5.672358373998645e-5
182.0 5.538441301518747e-5
183.0 5.4100062591739294e-5
184.0 5.286728856419624e-5
185.0 5.168309734157321e-5
185.99999999999997 5.0544721969368305e-5
187.00000000000003 4.9449601096549726e-5
188.0 4.8395360232340356e-5
189.0 4.7379795025475915e-5
190.0 4.640085629945607e-5
191.0 4.5456636644201875e-5
192.0 4.454535837361719e-5
193.0 4.366536268778735e-5
194.0 4.2815099906244074e-5
195.0 4.199312064635561e-5
196.0 4.119806784590299e-5
196.99999999999997 4.042866953149332e-5
198.00000000000003 3.968373225961969e-5
199.0 3.896213515437375e-5
200.0 3.8262824477195765e-5
201.0 3.758480868167924e-5
202.0 3.69271538948053e-5
203.0 3.6288979788051014e-5
204.0 3.5669455800282724e-5
205.0 3.506779767130958e-5
206.0 3.448326426500078e-5
206.99999999999997 3.3915154648461154e-5
208.00000000000003 3.336280540610995e-5
209.00000000000003 3.2825588165234065e-5
210.0 3.230290731663497e-5
211.0 3.179419790826356e-5
212.0 3.129892370157527e-5
213.0 3.081657537296377e-5
214.0 3.0346668847991458e-5
215.0 2.9888743758569563e-5
216.0 2.9442362012112274e-5
217.0 2.9007106461854112e-5
217.99999999999997 2.8582579672893726e-5
219.00000000000003 2.8168402772920033e-5
220.0 2.7764214382852905e-5
221.0 2.736966962103418e-5
222.0 2.6984439174285667e-5
223.0 2.6608208431148832e-5
224.0 2.624067667114778e-5
225.0 2.588155630978428e-5
226.0 2.553057218921126e-5
227.0 2.5187460916312178e-5
228.0 2.4851970242234367e-5
228.99999999999997 2.4523858480019777e-5
230.00000000000003 2.4202893959001805e-5
231.0 2.388885451320697e-5
232.0 2.358152699905877e-5
233.0 2.3280706843930603e-5
234.0 2.298619762056389e-5
235.0 2.269781064656153e-5
236.0 2.24153646079677e-5
237.0 2.2138685203603415e-5
238.0 2.1867604810242516e-5
238.99999999999997 2.160196216752504e-5
239.99999999999997 2.1341602078939938e-5
241.00000000000003 2.1086375130812072e-5
242.0 2.0836137426237214e-5
243.0 2.0590750333528614e-5
244.0 2.0350080248737668e-5
245.0 2.0113998370035923e-5
246.0 1.9882380485166984e-5
247.0 1.9655106769061258e-5
248.0 1.9432061592925275e-5
249.0 1.9213133342753835e-5
249.99999999999997 1.8998214247115515e-5
251.00000000000003 1.8787200213832524e-5
252.0 1.857999067536749e-5
253.0 1.8376488440595876e-5
254.0 1.8176599555813552e-5
255.0 1.798023317123745e-5
256.0 1.7787301414205722e-5
257.0 1.7597719268966992e-5
258.0 1.7411404462098216e-5
259.0 1.7228277353155964e-5
260.0 1.704826083080451e-5
261.0 1.687128021357465e-5
262.0 1.6697263155344405e-5
263.0 1.6526139555203098e-5
264.0 1.6357841471688776e-5
265.0 1.6192303040271293e-5
266.0 1.602946039529575e-5
267.0 1.586925159518217e-5
268.0 1.5711616550305503e-5
269.0 1.5556496955625663e-5
270.0 1.5403836224422513e-5
271.0 1.5253579426039324e-5
272.0 1.5105673226525371e-5
273.0 1.4960065830720369e-5
274.0 1.4816706927782165e-5
275.0 1.4675547638804534e-5
276.0 1.4536540466336396e-5
277.0 1.4399639246256103e-5
278.0 1.4264799101606166e-5
279.0 1.4131976398285014e-5
280.0 1.4001128702857162e-5
281.0 1.3872214741303595e-5
282.0 1.3745194360328617e-5
283.0 1.3620028489596075e-5
284.0 1.3496679106027242e-5
285.0 1.3375109198709833e-5
286.0 1.325528273607498e-5
287.0 1.3137164633695253e-5
288.0 1.3020720723657774e-5
289.0 1.2905917725201736e-5
290.0 1.2792723215918144e-5
291.0 1.2681105604842445e-5
292.0 1.257103410599679e-5
293.0 1.2462478713061474e-5
294.0 1.235541017507041e-5
295.0 1.2249799973099198e-5
296.0 1.2145620297505936e-5
297.0 1.2042844026153607e-5
298.0 1.1941444703642822e-5
299.0 1.1841396521006968e-5
300.0 1.1742674296298851e-5
301.0 1.1645253455589386e-5
302.0 1.1549110015300354e-5
303.0 1.1454220564242418e-5
304.0 1.136056224719958e-5
305.0 1.1268112748426729e-5
306.0 1.1176850275901021e-5
307.0 1.1086753546482219e-5
308.0 1.0997801770953503e-5
309.0 1.0909974640038823e-5
310.0 1.0823252310776636e-5
311.0 1.0737615393240461e-5
312.0 1.0653044937890541e-5
313.0 1.0569522423223305e-5
314.0 1.0487029743815226e-5
315.0 1.0405549198919123e-5
316.0 1.0325063481130743e-5
317.0 1.0245555665891583e-5
318.0 1.0167009200845943e-5
319.0 1.008940789584284e-5
320.0 1.001273591316543e-5
321.0 9.936977758109359e-6
322.0 9.862118269810147e-6
323.0 9.788142612376308e-6
324.0 9.715036266353211e-6
325.0 9.642785020420762e-6
326.0 9.571374963266268e-6
327.0 9.500792475910715e-6
328.0 9.431024223966562e-6
329.0 9.362057150574323e-6
329.99999999999994 9.293878469057978e-6
331.0 9.226475656181043e-6
332.00000000000006 9.159836445401711e-6
333.0 9.093948820432168e-6
334.0 9.028801008985793e-6
335.0 8.964381476585862e-6
336.0 8.900678920795964e-6
337.0 8.837682265310347e-6
338.0 8.775380654512724e-6
339.0 8.713763448067398e-6
340.0 8.652820215588709e-6
340.99999999999994 8.59254073160401e-6
342.0 8.53291497057742e-6
343.00000000000006 8.473933102137553e-6
344.0 8.415585486369585e-6
345.0 8.357862669269852e-6
346.0 8.300755378407745e-6
347.0 8.244254518569162e-6
348.0 8.188351167569042e-6
349.0 8.133036572302639e-6
349.99999999999994 8.078302144738702e-6
351.0 8.024139458091906e-6
351.99999999999994 7.97054024310976e-6
353.0 7.917496384505034e-6
354.00000000000006 7.864999917347635e-6
355.0 7.813043023661849e-6
356.0 7.761618029158618e-6
357.0 7.710717399916662e-6
358.0 7.660333739267905e-6
359.0 7.610459784687083e-6
360.0 7.561088404863901e-6
360.99999999999994 7.51221259674146e-6
362.0 7.463825482667791e-6
363.00000000000006 7.415920307684975e-6
364.0 7.36849043684485e-6
365.0 7.321529352520613e-6
366.0 7.275030651907777e-6
367.0 7.2289880445759985e-6
368.0 7.183395349967242e-6
369.0 7.138246495076851e-6
370.0 7.093535512160188e-6
371.0 7.0492565364993245e-6
371.99999999999994 7.005403804178493e-6
373.0 6.961971650002219e-6
374.00000000000006 6.918954505413064e-6
375.0 6.876346896421744e-6
376.0 6.834143441685729e-6
377.0 6.792338850552805e-6
378.0 6.7509279212352464e-6
379.0 6.709905538886358e-6
380.0 6.6692666739049475e-6
381.0 6.629006380134282e-6
382.0 6.589119793212731e-6
382.99999999999994 6.54960212885751e-6
384.0 6.510448681283603e-6
385.00000000000006 6.47165482161995e-6
386.0 6.4332159963167874e-6
387.0 6.395127725751515e-6
388.0 6.357385602631197e-6
389.0 6.319985290633898e-6
390.0 6.282922522988712e-6
391.0 6.246193101089037e-6
392.0 6.209792893197953e-6
393.0 6.173717833084649e-6
393.99999999999994 6.137963918791349e-6
395.0 6.102527211387265e-6
396.00000000000006 6.067403833717896e-6
397.0 6.032589969233571e-6
398.0 5.998081860836435e-6
399.0 5.963875809736684e-6
400.0 5.92996817433214e-6
401.0 5.8963553691467275e-6
402.0 5.863033863727908e-6
403.0 5.830000181663581e-6
404.0 5.797250899499706e-6
404.99999999999994 5.764782645841428e-6
406.0 5.732592100277417e-6
407.00000000000006 5.700675992527912e-6
408.0 5.6690311014332145e-6
409.0 5.637654254117031e-6
410.0 5.606542325061221e-6
411.0 5.575692235217966e-6
412.0 5.545100951238593e-6
413.0 5.514765484537358e-6
413.99999999999994 5.4846828905857256e-6
415.0 5.454850268015384e-6
416.00000000000006 5.425264757921241e-6
417.0 5.395923543036781e-6
418.00000000000006 5.36682384705288e-6
419.0 5.337962933834615e-6
420.0 5.3093381067134915e-6
421.0 5.280946707814047e-6
422.0 5.2527861173578116e-6
423.0 5.224853752974321e-6
424.0 5.197147069058342e-6
424.99999999999994 5.169663556155428e-6
426.0 5.142400740257046e-6
427.00000000000006 5.1153561822672345e-6
428.0 5.08852747734317e-6
429.0 5.061912254329951e-6
430.0 5.0355081751823925e-6
431.0 5.009312934349381e-6
432.0 4.983324258300865e-6
433.0 4.957539904890164e-6
434.0 4.9319576629214e-6
435.0 4.906575351513117e-6
435.99999999999994 4.88139081967683e-6
437.0 4.856401945774394e-6
438.00000000000006 4.831606637020122e-6
439.0 4.807002829015935e-6
440.0 4.782588485261412e-6
441.0 4.7583615967044486e-6
442.0 4.734320181276908e-6
443.0 4.710462283433671e-6
444.0 4.686785973756553e-6
445.0 4.663289348484039e-6
446.0 4.639970529096393e-6
446.99999999999994 4.61682766193748e-6
448.0 4.59385891775408e-6
449.00000000000006 4.57106249134658e-6
450.0 4.548436601157586e-6
451.0 4.525979488887988e-6
452.0 4.5036894191270325e-6
453.0 4.481564678995099e-6
454.0 4.459603577761738e-6
455.0 4.43780444649171e-6
456.0 4.4161656377278215e-6
457.0 4.394685525111118e-6
457.99999999999994 4.373362503083697e-6
459.0 4.352194986509431e-6
460.00000000000006 4.33118141041544e-6
461.0 4.310320229607069e-6
462.0 4.289609918432214e-6
463.0 4.2690489703967906e-6
464.0 4.2486358979290575e-6
465.0 4.228369232048369e-6
466.0 4.2082475220908765e-6
467.0 4.188269335427857e-6
468.0 4.168433257178239e-6
468.99999999999994 4.148737889934883e-6
470.0 4.129181853510923e-6
471.00000000000006 4.1097637846538035e-6
472.0 4.090482336800843e-6
473.0 4.071336179822904e-6
474.0 4.05232399977745e-6
475.0 4.033444498647027e-6
476.0 4.014696394106551e-6
477.0 3.9960784193062375e-6
477.99999999999994 3.977589322592744e-6
479.0 3.959227867330581e-6
479.99999999999994 3.940992831646091e-6
481.0 3.92288300820051e-6
482.00000000000006 3.904897204000312e-6
483.0 3.887034240169813e-6
484.0 3.869292951724354e-6
485.0 3.8516721873882874e-6
486.0 3.834170809381122e-6
487.0 3.8167876932244084e-6
488.0 3.7995217275200638e-6
488.99999999999994 3.7823718138039928e-6
490.0 3.7653368663050334e-6
491.00000000000006 3.7484158117997556e-6
492.0 3.731607589397641e-6
493.0 3.71491115037821e-6
494.0 3.6983254580106155e-6
495.0 3.681849487376897e-6
496.0 3.6654822251962674e-6
497.0 3.649222669660126e-6
498.0 3.6330698302695916e-6
499.0 3.6170227276623944e-6
499.99999999999994 3.601080393453036e-6
501.0 3.5852418700836886e-6
502.00000000000006 3.5695062106587267e-6
503.0 3.5538724787891415e-6
504.0 3.538339748452202e-6
505.0 3.5229071038367248e-6
506.0 3.5075736391821217e-6
507.0 3.4923384586681455e-6
508.0 3.477200676230063e-6
509.0 3.4621594154573422e-6
510.0 3.447213809431272e-6
510.99999999999994 3.4323630005940056e-6
512.0 3.417606140620573e-6
513.0 3.4029423902915592e-6
514.0 3.3883709193393876e-6
515.0 3.3738909063508193e-6
516.0 3.3595015386126234e-6
517.0 3.3452020120132644e-6
518.0 3.3309915309095155e-6
519.0 3.316869307987889e-6
520.0 3.3028345641797306e-6
521.0 3.288886528520404e-6
522.0 3.275024438039801e-6
523.0 3.261247537643962e-6
524.0 3.2475550800185773e-6
525.0 3.2339463254953685e-6
526.0 3.220420541956907e-6
527.0 3.206977004729398e-6
528.0 3.1936149964683863e-6
529.0 3.18033380706201e-6
530.0 3.1671327335158534e-6
531.0 3.154011079864217e-6
532.0 3.1409681570673227e-6
533.0 3.1280032828916743e-6
534.0 3.115115781843719e-6
535.0 3.102304985043968e-6
536.0 3.0895702301541895e-6
537.0 3.0769108612574494e-6
538.0 3.0643262287944257e-6
539.0 3.051815689442795e-6
540.0 3.0393786060408894e-6
541.0 3.0270143474995653e-6
542.0 3.014722288699122e-6
543.0 3.002501810417754e-6
544.0 2.9903522992264145e-6
545.0 2.9782731474184233e-6
546.0 2.966263752920347e-6
547.0 2.9543235191913156e-6
548.0 2.9424518551655053e-6
549.0 2.9306481751492594e-6
550.0 2.9189118987488736e-6
551.0 2.9072424507785583e-6
552.0 2.8956392612068343e-6
553.0 2.884101765030551e-6
554.0 2.8726294022431874e-6
555.0 2.8612216177338246e-6
556.0 2.849877861202472e-6
557.0 2.838597587104695e-6
558.0 2.8273802545542924e-6
559.0 2.8162253272577685e-6
560.0 2.805132273443143e-6
561.0 2.794100565778758e-6
562.0 2.783129681293425e-6
563.0 2.772219101325122e-6
564.0 2.761368311415072e-6
565.0 2.750576801270181e-6
566.0 2.7398440646624494e-6
567.0 2.7291695993718775e-6
568.0 2.7185529071155498e-6
569.0 2.707993493470028e-6
570.0 2.697490867803658e-6
571.0 2.6870445432070743e-6
572.0 2.6766540364272555e-6
573.0 2.6663188677859895e-6
574.0 2.6560385611240616e-6
575.0 2.645812643726366e-6
576.0 2.6356406462473972e-6
577.0 2.6255221026509804e-6
578.0 2.6154565501401915e-6
579.0 2.6054435290896088e-6
580.0 2.5954825829671546e-6
581.0 2.5855732582847696e-6
582.0 2.5757151045069927e-6
583.0 2.5659076740065365e-6
584.0 2.5561505219810244e-6
585.0 2.546443206390822e-6
586.0 2.5367852878863612e-6
587.0 2.527176329756918e-6
588.0 2.517615897830944e-6
589.0 2.5081035604440333e-6
590.0 2.4986388883496287e-6
591.0 2.4892214546567994e-6
592.0 2.479850834759025e-6
593.0 2.4705266062738716e-6
594.0 2.461248348966641e-6
595.0 2.452015644692443e-6
596.0 2.4428280773203617e-6
597.0 2.4336852326618774e-6
598.0 2.4245866984136577e-6
599.0 2.415532064082086e-6
600.0 2.4065209209218834e-6
601.0 2.3975528618534214e-6
602.0 2.3886274814155793e-6
603.0 2.379744375671848e-6
604.0 2.3709031421731685e-6
605.0 2.3621033798597006e-6
606.0 2.35334468901705e-6
607.0 2.3446266711901752e-6
608.0 2.33594892912867e-6
609.0 2.3273110667130635e-6
610.0 2.3187126888955266e-6
611.0 2.3101534016197187e-6
612.0 2.301632811776696e-6
613.0 2.293150527115891e-6
614.0 2.2847061561989344e-6
615.0 2.2762993083310477e-6
616.0 2.267929593495694e-6
617.0 2.259596622305549e-6
618.0 2.2513000059276644e-6
619.0 2.2430393560401417e-6
620.0 2.234814284772406e-6
621.0 2.226624404647262e-6
622.0 2.2184693285467866e-6
623.0 2.2103486696447e-6
624.0 2.2022620413839765e-6
625.0 2.194209057418774e-6
626.0 2.1861893316021086e-6
627.0 2.1782024779298204e-6
628.0 2.1702481105431538e-6
629.0 2.162325843691988e-6
630.0 2.1544352917332513e-6
631.0 2.1465760691306157e-6
632.0 2.138747790454197e-6
633.0 2.13095007040603e-6
634.0 2.123182523842611e-6
635.0 2.1154447658174518e-6
636.0 2.1077364116388774e-6
637.0 2.1000570769344516e-6
638.0 2.0924063777507497e-6
639.0 2.084783930646244e-6
640.0 2.0771893528311364e-6
641.0 2.0696222623186844e-6
642.0 2.062082278104619e-6
643.0 2.0545690203773253e-6
644.0 2.047082110760409e-6
645.0 2.0396211725914857e-6
646.0 2.032185831251046e-6
647.0 2.0247757145165515e-6
648.0 2.0173904529900973e-6
649.0 2.0100296805613972e-6
650.0 2.002693034948229e-6
651.0 1.9953801582999354e-6
652.0 1.9880906978779146e-6
653.0000000000001 1.980824306811556e-6
654.0 1.973580644966794e-6
655.0 1.966359379906575e-6
656.0 1.959160187961316e-6
657.0 1.951982755445875e-6
658.0 1.944826780002179e-6
659.0 1.937691972095777e-6
659.9999999999999 1.930578056707016e-6
661.0 1.923484775196617e-6
662.0 1.916411887389786e-6
663.0 1.9093591739020777e-6
664.0000000000001 1.9023264387081125e-6
665.0 1.8953135120281776e-6
666.0 1.888320253497189e-6
667.0 1.8813465557278447e-6
668.0 1.8743923482226123e-6
669.0 1.867457601741661e-6
670.0 1.8605423331239943e-6
670.9999999999999 1.8536466106464094e-6
672.0 1.8467705599386881e-6
673.0 1.8399143705355436e-6
674.0 1.833078303104513e-6
675.0000000000001 1.8262626974400288e-6
676.0 1.8194679812721842e-6
677.0 1.8126946799629715e-6
678.0 1.805943427189216e-6
679.0 1.799214976666002e-6
680.0 1.7925102150172408e-6
681.0 1.7858301758604527e-6
681.9999999999999 1.7791760552068286e-6
683.0 1.7725492282563611e-6
684.0 1.7659512676593705e-6
685.0 1.7593839633536394e-6
686.0000000000001 1.7528493439750492e-6
687.0 1.7463496999949068e-6
688.0 1.7398876085095414e-6
688.9999999999999 1.7334659597775562e-6
690.0 1.7270879854440224e-6
691.0 1.7207572884129224e-6
692.0 1.7144778742756093e-6
692.9999999999999 1.7082541841672744e-6
694.0 1.7020911288674763e-6
695.0 1.6959941239327447e-6
696.0 1.6899691256074618e-6
697.0000000000001 1.6840226672411904e-6
698.0 1.6781618959553837e-6
699.0 1.6723946093609515e-6
699.9999999999999 1.66672929223245e-6
701.0 1.6611751532641068e-6
702.0 1.655742162330811e-6
703.0 1.6504410891212475e-6
703.9999999999999 1.6452835446231757e-6
705.0 1.6402820277073052e-6
706.0 1.6354499799063373e-6
707.0 1.630801852486246e-6
708.0000000000001 1.6263531907790044e-6
709.0 1.6221207412861875e-6
710.0 1.618122586905652e-6
710.9999999999999 1.6143783142343817e-6
712.0 1.6109092134111402e-6
713.0 1.6077385045634355e-6
714.0 1.6048915746197459e-6
715.0000000000001 1.6023961931331482e-6
716.0 1.6002826556348868e-6
717.0 1.5985837787560655e-6
718.0 1.5973346457029363e-6
719.0000000000001 1.596571979217836e-6
720.0 1.5963330105480519e-6
721.0 1.5966537284268963e-6
721.9999999999999 1.597566443127235e-6
723.0 1.5990966945235228e-6
724.0 1.6012596668499726e-6
725.0 1.6040564275244343e-6
726.0000000000001 1.6074704472599833e-6
727.0 1.6114649376723626e-6
728.0 1.6159815197623702e-6
729.0 1.6209405954912541e-6
730.0 1.626243555278426e-6
731.0 1.6317766714436733e-6
732.0 1.6374162718866741e-6
732.9999999999999 1.6430346197275218e-6
734.0 1.648505872467184e-6
735.0 1.6537115522988298e-6
736.0 1.6585450947986267e-6
737.0000000000001 1.6629152145652902e-6
738.0 1.6667479953796455e-6
739.0 1.6699877544171865e-6
740.0 1.6725968321986805e-6
741.0 1.6745545207493842e-6
742.0 1.6758553665742936e-6
743.0 1.6765070799591449e-6
743.9999999999999 1.6765282573960972e-6
745.0 1.6759460870776413e-6
746.0 1.6747941662034625e-6
747.0 1.6731105183286555e-6
748.0000000000001 1.6709358627889674e-6
749.0 1.6683121586363145e-6
750.0 1.6652814227717899e-6
751.0 1.661884806234218e-6
752.0 1.6581619026511574e-6
753.0 1.654150257850086e-6
754.0 1.649885048095515e-6
754.9999999999999 1.6453988954611854e-6
756.0 1.6407217914348398e-6
757.0 1.6358811033053048e-6
758.0 1.6309016416136125e-6
759.0000000000001 1.625805770719284e-6
760.0 1.6206135479537889e-6
761.0 1.6153428799379185e-6
762.0 1.6100096872769416e-6
763.0 1.6046280710643069e-6
764.0 1.599210476425864e-6
765.0 1.5937678497824063e-6
765.9999999999999 1.5883097876395964e-6
767.0 1.582844675593351e-6
768.0 1.5773798168605977e-6
769.0 1.5719215501591642e-6
770.0000000000001 1.5664753570906542e-6
771.0 1.5610459593943761e-6
772.0 1.5556374066324993e-6
773.0 1.5502531549182634e-6
774.0 1.5448961373827448e-6
775.0 1.5395688270435656e-6
776.0 1.5342732927866765e-6
776.9999999999999 1.5290112490876562e-6
778.0 1.5237841001087032e-6
779.0 1.5185929787358115e-6
780.0 1.5134387811004945e-6
781.0000000000001 1.5083221970643427e-6
782.0 1.5032437371076539e-6
783.0 1.4982037560364666e-6
784.0 1.4932024738511766e-6
785.0 1.4882399941124009e-6
786.0 1.483316320086648e-6
787.0 1.4784313689302954e-6
787.9999999999999 1.4735849841420084e-6
789.0 1.4687769464909556e-6
790.0 1.46400698358943e-6
791.0 1.4592747782807554e-6
792.0000000000001 1.4545799759808465e-6
793.0 1.449922191094361e-6
794.0 1.4453010126194073e-6
795.0 1.440716009036178e-6
796.0 1.4361667325692986e-6
797.0 1.4316527228901874e-6
798.0 1.4271735103367298e-6
798.9999999999999 1.4227286187051856e-6
800.0 1.4183175676614424e-6
801.0 1.413939874824172e-6
802.0 1.409595057556473e-6
803.0000000000001 1.4052826345026808e-6
804.0 1.4010021269003826e-6
805.0 1.3967530596954123e-6
806.0 1.3925349624858253e-6
807.0 1.3883473703138532e-6
808.0 1.3841898243265788e-6
809.0 1.380061872319652e-6
809.9999999999999 1.375963069181125e-6
811.0 1.371892977247058e-6
812.0 1.3678511665781783e-6
813.0 1.363837215175524e-6
814.0000000000001 1.3598507091291282e-6
815.0 1.3558912427252862e-6
816.0 1.351958418503853e-6
816.9999999999999 1.3480518472815658e-6
818.0 1.3441711481425888e-6
819.0 1.3403159483999566e-6
820.0 1.3364858835341656e-6
820.9999999999999 1.3326805971141794e-6
822.0 1.3288997406973514e-6
823.0 1.3251429737192597e-6
824.0 1.3214099633692106e-6
825.0000000000001 1.3177003844576053e-6
826.0 1.3140139192753706e-6
827.0 1.310350257447706e-6
827.9999999999999 1.3067090957813646e-6
829.0 1.3030901381113512e-6
830.0 1.299493095142856e-6
831.0 1.2959176842944064e-6
832.0000000000001 1.292363629535585e-6
833.0 1.2888306612309857e-6
834.0 1.2853185159797826e-6
835.0 1.2818269364596478e-6
836.0000000000001 1.278355671269841e-6
837.0 1.2749044747789105e-6
838.0 1.2714731069703216e-6
838.9999999999999 1.2680613332959114e-6
840.0 1.264668924528845e-6
841.0 1.261295656618509e-6
842.0 1.2579413105521698e-6
843.0000000000001 1.2546056722142488e-6
844.0 1.251288532255083e-6
845.0 1.2479896859583177e-6
846.0 1.2447089331122973e-6
847.0000000000001 1.2414460778860412e-6
848.0 1.2382009287072948e-6
849.0 1.2349732981451416e-6
849.9999999999999 1.2317630027942832e-6
851.0 1.2285698631626477e-6
852.0 1.2253937035639188e-6
853.0 1.2222343520113598e-6
854.0000000000001 1.219091640114499e-6
855.0 1.2159654029813812e-6
856.0 1.2128554791197455e-6
857.0 1.2097617103453612e-6
858.0 1.206683941688981e-6
859.0 1.2036220213101809e-6
860.0 1.200575800410545e-6
860.9999999999999 1.1975451331511004e-6
862.0 1.1945298765712252e-6
863.0 1.1915298905122059e-6
864.0 1.1885450375402392e-6
865.0000000000001 1.1855751828742535e-6
866.0 1.1826201943140287e-6
867.0 1.17967994217162e-6
868.0 1.1767542992057638e-6
869.0 1.173843140556449e-6
870.0 1.1709463436819153e-6
871.0 1.1680637882985489e-6
871.9999999999999 1.1651953563227182e-6
873.0 1.1623409318121996e-6
874.0 1.1595004009132784e-6
875.0 1.1566736518051505e-6
876.0000000000001 1.153860574649088e-6
877.0 1.1510610615384283e-6
878.0 1.1482750064491573e-6
879.0 1.1455023051935755e-6
880.0 1.1427428553738558e-6
881.0 1.1399965563375436e-6
882.0 1.1372633091357788e-6
882.9999999999999 1.1345430164805115e-6
884.0 1.1318355827040009e-6
885.0 1.1291409137200765e-6
886.0 1.1264589169865723e-6
887.0000000000001 1.1237895014669674e-6
888.0 1.121132577596341e-6
889.0 1.11848805724568e-6
890.0 1.1158558536875936e-6
891.0 1.1132358815656787e-6
892.0 1.1106280568607525e-6
893.0 1.1080322968604697e-6
893.9999999999999 1.1054485201306862e-6
895.0 1.1028766464849336e-6
896.0 1.1003165969575004e-6
897.0 1.0977682937751384e-6
898.0000000000001 1.095231660330474e-6
899.0 1.0927066211571074e-6
900.0 1.090193101903954e-6
901.0 1.0876910293101743e-6
902.0 1.0852003311833158e-6
903.0 1.0827209363747781e-6
904.0 1.08025277475771e-6
904.9999999999999 1.0777957772060648e-6
906.0 1.0753498755725274e-6
907.0 1.0729150026682077e-6
908.0 1.0704910922433626e-6
909.0000000000001 1.068078078966773e-6
910.0 1.0656758984081507e-6
911.0 1.0632844870184725e-6
912.0 1.0609037821133729e-6
913.0 1.0585337218542485e-6
914.0 1.0561742452324612e-6
915.0 1.0538252920526827e-6
915.9999999999999 1.0514868029165746e-6
917.0 1.0491587192068864e-6
918.0 1.0468409830728162e-6
919.0 1.0445335374147515e-6
920.0000000000001 1.042236325869886e-6
921.0 1.039949292798551e-6
922.0 1.0376723832697475e-6
923.0 1.035405543048263e-6
924.0 1.033148718581233e-6
925.0 1.0309018569864058e-6
926.0 1.0286649060381734e-6
926.9999999999999 1.0264378141572184e-6
928.0 1.0242205303968947e-6
929.0 1.022013004433717e-6
930.0 1.019815186554073e-6
931.0000000000001 1.0176270276450943e-6
932.0 1.015448479182865e-6
933.0 1.0132794932221409e-6
934.0 1.0111200223865267e-6
935.0 1.0089700198581394e-6
936.0 1.006829439368295e-6
937.0 1.0046982351875987e-6
937.9999999999999 1.0025763621168517e-6
939.0 1.0004637754780787e-6
940.0 9.983604311057124e-7
941.0 9.962662853375806e-7
942.0000000000001 9.941812950068224e-7
943.0 9.921054174338368e-7
944.0 9.900386104172062e-7
944.9999999999999 9.879808322269329e-7
946.0 9.859320415962947e-7
947.0 9.838921977139308e-7
948.0 9.818612602169382e-7
948.9999999999999 9.798391891832622e-7
950.0 9.778259451249833e-7
951.0 9.758214889807873e-7
952.0 9.73825782110174e-7
953.0000000000001 9.718387862854114e-7
954.0 9.698604636863013e-7
955.0 9.678907768933014e-7
955.9999999999999 9.659296888810566e-7
957.0 9.639771630123333e-7
958.0 9.62033163032881e-7
959.0 9.60097653063765e-7
959.9999999999999 9.581705975976177e-7
961.0 9.562519614914339e-7
962.0 9.543417099618503e-7
963.0 9.524398085794606e-7
964.0000000000001 9.505462232636368e-7
965.0 9.486609202767218e-7
966.0 9.467838662198059e-7
966.9999999999999 9.449150280268607e-7
968.0 9.430543729604424e-7
969.0 9.412018686064503e-7
970.0 9.393574828692387e-7
971.0000000000001 9.375211839672368e-7
972.0 9.356929404285172e-7
973.0 9.338727210856074e-7
974.0 9.320604950718075e-7
975.0000000000001 9.302562318162454e-7
976.0 9.284599010399423e-7
977.0 9.266714727515859e-7
977.9999999999999 9.248909172429494e-7
979.0 9.231182050855009e-7
980.0 9.213533071261058e-7
981.0 9.195961944828e-7
982.0000000000001 9.17846838541239e-7
983.0 9.161052109509194e-7
984.0 9.143712836213683e-7
985.0 9.126450287181793e-7
986.0 9.109264186599378e-7
987.0 9.092154261141032e-7
988.0 9.075120239938532e-7
988.9999999999999 9.05816185454462e-7
990.0 9.04127883889867e-7
991.0 9.024470929295137e-7
992.0 9.007737864349984e-7
993.0000000000001 8.991079384962342e-7
994.0 8.974495234293032e-7
995.0 8.957985157723005e-7
996.0 8.941548902828812e-7
997.0 8.925186219350933e-7
998.0 8.90889685915712e-7
999.0 8.892680576222185e-7
999.9999999999999 8.87653712659077e-7
1001.0 8.860466268355217e-7
1002.0 8.844467761620017e-7
1003.0 8.828541368476755e-7
1004.0000000000001 8.812686852979982e-7
1005.0 8.79690398111187e-7
1006.0 8.78119252076283e-7
1007.0 8.765552241698061e-7
1008.0 8.749982915539945e-7
1009.0 8.734484315730986e-7
1010.0 8.719056217516865e-7
1010.9999999999999 8.703698397918858e-7
1012.0 8.68841063570626e-7
1013.0 8.673192711373381e-7
1014.0 8.658044407117565e-7
1015.0000000000001 8.642965506812916e-7
1016.0 8.627955795981355e-7
1017.0 8.613015061782008e-7
1018.0 8.59814309297587e-7
1019.0 8.583339679909513e-7
1020.0 8.568604614488884e-7
1021.0 8.553937690162032e-7
1021.9999999999999 8.539338701887914e-7
1023.0 8.524807446126936e-7
1024.0 8.510343720809474e-7
1025.0 8.495947325319111e-7
1026.0 8.481618060471417e-7
1027.0 8.46735572849091e-7
1028.0 8.453160132995666e-7
1029.0 8.439031078969156e-7
1030.0 8.424968372749949e-7
1031.0 8.410971822004141e-7
1032.0 8.397041235709587e-7
1033.0 8.383176424134639e-7
1034.0 8.369377198823471e-7
1035.0 8.355643372570677e-7
1036.0 8.341974759409793e-7
1037.0 8.328371174587524e-7
1038.0 8.314832434553335e-7
1039.0 8.301358356936374e-7
1040.0 8.287948760528599e-7
1041.0 8.27460346527046e-7
1042.0 8.261322292228615e-7
1043.0 8.24810506358251e-7
1044.0 8.234951602608686e-7
1045.0 8.221861733659842e-7
1046.0 8.208835282151125e-7
1047.0 8.195872074545748e-7
1048.0 8.182971938335126e-7
1049.0 8.170134702025921e-7
1050.0 8.157360195123993e-7
1051.0 8.144648248117461e-7
1052.0 8.131998692466292e-7
1053.0 8.119411360578071e-7
1054.0 8.106886085804345e-7
1055.0 8.094422702420092e-7
1056.0 8.082021045607956e-7
1057.0 8.069680951448353e-7
1058.0 8.057402256904237e-7
1059.0 8.045184799804295e-7
1060.0 8.033028418835661e-7
1061.0 8.020932953522266e-7
1062.0 8.008898244220009e-7
1063.0 7.996924132099507e-7
1064.0 7.985010459132992e-7
1065.0 7.97315706808366e-7
1066.0 7.9613638024931e-7
1067.0 7.949630506666597e-7
1068.0 7.937957025665835e-7
1069.0 7.926343205292163e-7
1070.0 7.9147888920802e-7
1071.0 7.903293933281488e-7
1072.0 7.891858176856814e-7
1073.0 7.880481471465447e-7
1074.0 7.869163666450874e-7
1075.0 7.857904611833364e-7
1076.0 7.846704158301164e-7
1077.0 7.835562157194724e-7
1078.0 7.824478460504052e-7
1079.0 7.813452920853644e-7
1080.0 7.802485391493148e-7
1081.0 7.791575726293815e-7
1082.0 7.780723779731677e-7
1083.0 7.769929406884745e-7
1084.0 7.759192463421658e-7
1085.0 7.74851280559208e-7
1086.0 7.73789029022443e-7
1087.0 7.727324774709764e-7
1088.0 7.716816117000238e-7
1089.0 7.706364175599655e-7
1090.0 7.695968809555374e-7
1091.0 7.685629878453634e-7
1092.0 7.675347242408929e-7
1093.0 7.66512076206168e-7
1094.0 7.654950298569628e-7
1095.0 7.644835713601344e-7
1096.0 7.634776869333069e-7
1097.0 7.624773628440407e-7
1098.0 7.61482585409308e-7
1099.0 7.604933409952935e-7
1100.0 7.595096160165082e-7
1101.0 7.585313969356116e-7
1102.0 7.575586702629143e-7
1103.0 7.565914225558886e-7
1104.0 7.556296404190524e-7
1105.0 7.546733105032654e-7
1106.0 7.537224195056547e-7
1107.0 7.527769541692404e-7
1108.0 7.518369012827246e-7
1109.0 7.509022476802405e-7
1110.0 7.499729802412331e-7
1111.0 7.490490858898592e-7
1112.0 7.481305515956811e-7
1113.0 7.472173643727116e-7
1114.0 7.463095112798787e-7
1115.0 7.4540697942076e-7
1116.0 7.44509755943553e-7
1117.0 7.436178280412496e-7
1118.0 7.427311829515182e-7
1119.0 7.418498079571375e-7
1120.0 7.409736903855671e-7
1121.0 7.401028176096088e-7
1122.0 7.392371770474394e-7
1123.0 7.383767561627634e-7
1124.0 7.375215424654696e-7
1125.0 7.366715235113185e-7
1126.0 7.358266869028315e-7
1127.0 7.349870202895728e-7
1128.0 7.341525113685969e-7
1129.0 7.333231478848483e-7
1130.0 7.324989176318289e-7
1131.0 7.316798084520373e-7
1132.0 7.30865808237985e-7
1133.0 7.300569049322128e-7
1134.0 7.292530865287383e-7
1135.0 7.284543410734267e-7
1136.0 7.276606566649635e-7
1137.0 7.268720214556425e-7
1138.0 7.260884236525275e-7
1139.0 7.25309851518343e-7
1140.0 7.245362933724943e-7
1141.0 7.237677375922412e-7
1142.0 7.230041726139259e-7
1143.0 7.222455869343801e-7
1144.0 7.214919691118016e-7
1145.0 7.207433077677563e-7
1146.0 7.199995915881401e-7
1147.0 7.192608093249886e-7
1148.0 7.185269497979669e-7
1149.0 7.177980018962449e-7
1150.0 7.170739545800717e-7
1151.0 7.163547968827905e-7
1152.0 7.156405179125644e-7
1153.0 7.149311068547171e-7
1154.0 7.142265529736968e-7
1155.0 7.135268456151931e-7
1156.0 7.128319742086485e-7
1157.0 7.121419282696044e-7
1158.0 7.114566974021122e-7
1159.0 7.107762713016401e-7
1160.0 7.101006397574727e-7
1161.0 7.094297926558229e-7
1162.0 7.087637199826638e-7
1163.0 7.081024118269612e-7
1164.0 7.074458583837649e-7
1165.0 7.067940499577716e-7
1166.0 7.06146976966458e-7
1167.0 7.055046299441368e-7
1168.0 7.048669995454833e-7
1169.0 7.042340765495052e-7
1170.0 7.036058518638739e-7
1171.0 7.029823165287372e-7
1172.0 7.023634617215526e-7
1173.0 7.017492787614393e-7
1174.0 7.011397591142728e-7
1175.0 7.005348943971469e-7
1176.0 6.999346763841973e-7
1177.0 6.99339097011335e-7
1178.0 6.987481483822049e-7
1179.0 6.981618227739888e-7
1180.0 6.975801126434529e-7
1181.0 6.97003010632664e-7
1182.0 6.964305095764698e-7
1183.0 6.958626025082624e-7
1184.0 6.952992826677646e-7
1185.0 6.94740543507847e-7
1186.0 6.941863787024496e-7
1187.0 6.936367821538983e-7
1188.0 6.930917480018109e-7
1189.0 6.925512706309372e-7
1190.0 6.92015344680256e-7
1191.0 6.9148396505228e-7
1192.0 6.909571269221472e-7
1193.0 6.904348257477395e-7
1194.0 6.899170572799167e-7
1195.0 6.894038175731693e-7
1196.0 6.888951029964931e-7
1197.0 6.883909102451384e-7
1198.0 6.878912363521035e-7
1199.0 6.873960787010192e-7
1200.0 6.869054350385141e-7
1201.0 6.864193034879112e-7
1202.0 6.859376825628623e-7
1203.0 6.854605711816262e-7
1204.0 6.849879686823178e-7
1205.0 6.845198748380811e-7
1206.0 6.840562898733421e-7
1207.0 6.835972144806357e-7
1208.0 6.831426498374968e-7
1209.0 6.826925976249448e-7
1210.0 6.822470600460939e-7
1211.0 6.818060398452347e-7
1212.0 6.813695403282975e-7
1213.0 6.809375653838332e-7
1214.0 6.805101195043271e-7
1215.0 6.800872078092203e-7
1216.0 6.796688360680568e-7
1217.0 6.792550107246989e-7
1218.0 6.788457389229077e-7
1219.0 6.784410285323334e-7
1220.0 6.780408881754709e-7
1221.0 6.776453272560995e-7
1222.0 6.772543559888146e-7
1223.0 6.768679854288673e-7
1224.0 6.764862275043137e-7
1225.0 6.761090950482786e-7
1226.0 6.757366018332484e-7
1227.0 6.753687626061742e-7
1228.0 6.750055931251354e-7
1229.0 6.746471101973128e-7
1230.0 6.742933317184645e-7
1231.0 6.73944276713647e-7
1232.0 6.735999653797192e-7
1233.0 6.73260419129462e-7
1234.0 6.729256606370125e-7
1235.0 6.72595713885287e-7
1236.0 6.722706042150204e-7
1237.0 6.719503583759189e-7
1238.0 6.716350045790544e-7
1239.0 6.713245725521073e-7
1240.0 6.710190935953254e-7
1241.0 6.707186006413471e-7
1242.0 6.704231283153438e-7
1243.0 6.701327129985048e-7
1244.0 6.698473928935011e-7
1245.0 6.695672080921821e-7
1246.0 6.692922006460515e-7
1247.0 6.690224146382991e-7
1248.0 6.687578962602421e-7
1249.0 6.684986938881701e-7
1250.0 6.682448581646564e-7
1251.0 6.6799644208199e-7
1252.0 6.677535010681999e-7
1253.0 6.675160930768569e-7
1254.0 6.672842786792679e-7
1255.0 6.670581211596732e-7
1256.0 6.668376866143183e-7
1257.0 6.666230440534953e-7
1258.0 6.664142655064648e-7
1259.0 6.662114261302322e-7
1260.0 6.660146043224164e-7
1261.0 6.658238818362018e-7
1262.0 6.656393439000337e-7
1263.0 6.654610793411179e-7
1264.0 6.652891807117062e-7
1265.0 6.651237444202251e-7
1266.0 6.649648708654249e-7
1267.0 6.648126645751995e-7
1268.0 6.646672343487096e-7
1269.0 6.64528693402827e-7
1270.0 6.643971595220842e-7
1271.0 6.642727552135604e-7
1272.0 6.64155607864922e-7
1273.0 6.640458499065074e-7
1274.0 6.639436189780257e-7
1275.0 6.638490580984244e-7
1276.0 6.637623158400607e-7
1277.0 6.636835465063792e-7
1278.0 6.636129103139853e-7
1279.0 6.635505735770475e-7
1280.0 6.634967088972185e-7
1281.0 6.634514953539967e-7
1282.0 6.634151187014419e-7
1283.0 6.633877715652041e-7
1284.0 6.633696536444765e-7
1285.0 6.633609719138514e-7
1286.0 6.633619408306347e-7
1287.0 6.633727825411919e-7
1288.0 6.633937270900215e-7
1289.0 6.634250126302164e-7
1290.0 6.634668856340014e-7
1291.0 6.635196011043523e-7
1292.0 6.63583422785317e-7
1293.0 6.636586233722012e-7
1294.0 6.637454847205861e-7
1295.0 6.638442980531096e-7
1296.0 6.639553641628881e-7
1297.0 6.640789936154045e-7
1298.0 6.642155069440447e-7
1299.0 6.643652348426652e-7
1300.0 6.645285183510185e-7
1301.0 6.647057090344212e-7
1302.0 6.648971691556455e-7
1303.0 6.651032718382698e-7
1304.0 6.653244012205594e-7
1305.0 6.655609525992318e-7
1306.0000000000002 6.658133325610948e-7
1307.0 6.660819591035402e-7
1308.0 6.663672617397598e-7
1308.9999999999998 6.666696815903203e-7
1310.0 6.669896714593767e-7
1311.0 6.673276958936987e-7
1312.0 6.676842312241043e-7
1313.0 6.680597655888219e-7
1314.0 6.68454798935809e-7
1315.0 6.688698430068612e-7
1316.0 6.693054212990985e-7
1317.0000000000002 6.69762069004522e-7
1318.0 6.702403329281006e-7
1319.0 6.707407713811861e-7
1319.9999999999998 6.712639540542689e-7
1321.0 6.718104618634364e-7
1322.0 6.723808867750873e-7
1323.0 6.729758316065656e-7
1324.0 6.735959098034897e-7
1325.0 6.742417451948768e-7
1326.0 6.749139717263248e-7
1327.0 6.75613233170732e-7
1328.0000000000002 6.763401828215849e-7
1329.0 6.770954831656941e-7
1330.0 6.778798055383419e-7
1330.9999999999998 6.786938297646001e-7
1332.0 6.795382437870701e-7
1333.0 6.804137432791374e-7
1334.0 6.813210312529465e-7
1335.0 6.822608176571439e-7
1336.0 6.832338189714677e-7
1337.0 6.842407577991762e-7
1338.0 6.852823624583284e-7
1339.0000000000002 6.863593665758004e-7
1340.0 6.874725086878813e-7
1341.0 6.886225318439961e-7
1341.9999999999998 6.898101832211685e-7
1343.0 6.910362137493622e-7
1344.0 6.923013777426738e-7
1345.0 6.936064325475336e-7
1346.0 6.949521381994499e-7
1347.0 6.963392570877795e-7
1348.0 6.977685536347604e-7
1349.0 6.992407939771671e-7
1350.0000000000002 7.007567456521017e-7
1351.0 7.023171772837451e-7
1352.0 7.039228582621416e-7
1352.9999999999998 7.055745584117601e-7
1354.0 7.07273047640705e-7
1355.0 7.090190955607896e-7
1356.0 7.10813471072135e-7
1357.0 7.126569418999756e-7
1358.0 7.145502740725585e-7
1359.0 7.164942313281777e-7
1360.0 7.184895744364725e-7
1361.0000000000002 7.205370604232721e-7
1362.0 7.226374416818479e-7
1363.0 7.247914649585355e-7
1363.9999999999998 7.269998701949779e-7
1365.0 7.292633892145934e-7
1366.0 7.315827442408571e-7
1366.9999999999998 7.339586462330122e-7
1368.0 7.363917930226756e-7
1369.0 7.388828672514843e-7
1370.0 7.414325340909886e-7
1371.0 7.440414387457156e-7
1372.0000000000002 7.467102037330054e-7
1373.0 7.494394259386424e-7
1374.0 7.522296734518871e-7
1374.9999999999998 7.550814821912231e-7
1376.0 7.57995352322522e-7
1377.0 7.609717444900941e-7
1377.9999999999998 7.640110758810393e-7
1379.0 7.671137161433119e-7
1380.0 7.702799831837449e-7
1381.0 7.735101388815642e-7
1382.0 7.768043847508846e-7
1383.0000000000002 7.801628575962132e-7
1384.0 7.835856251912096e-7
1385.0 7.870726820459795e-7
1385.9999999999998 7.906239452860971e-7
1387.0 7.942392507161848e-7
1388.0 7.9791834910141e-7
1388.9999999999998 8.016609027161144e-7
1390.0 8.054664822222243e-7
1391.0 8.093345639018988e-7
1392.0 8.132645273122197e-7
1393.0 8.172556533736119e-7
1394.0000000000002 8.213071229559553e-7
1395.0 8.254180159740165e-7
1396.0 8.295873110169817e-7
1396.9999999999998 8.338138855468372e-7
1398.0 8.380965166594409e-7
1399.0 8.424338824224418e-7
1399.9999999999998 8.46824563792909e-7
1401.0 8.512670470964046e-7
1402.0 8.557597270625176e-7
1403.0 8.603009103954436e-7
1404.0 8.648888198458999e-7
1405.0000000000002 8.69521598763806e-7
1406.0 8.741973160867867e-7
1407.0 8.789139717329524e-7
1407.9999999999998 8.836695023443797e-7
1409.0 8.884617873429169e-7
1410.0 8.932886552520722e-7
1410.9999999999998 8.981478902242324e-7
1412.0 9.030372387389701e-7
1413.0 9.07954416408009e-7
1414.0 9.128971148490666e-7
1415.0 9.178630085751822e-7
1416.0000000000002 9.228497618521408e-7
1417.0 9.278550354855067e-7
1418.0 9.328764934863923e-7
1419.0000000000002 9.379118095895132e-7
1420.0 9.429586735720721e-7
1421.0 9.480147973570623e-7
1421.9999999999998 9.530779208564773e-7
1423.0 9.581458175368665e-7
1424.0 9.632162996833162e-7
1425.0 9.682872233353129e-7
1426.0 9.733564928901565e-7
1427.0000000000002 9.784220653464836e-7
1428.0 9.834819541915518e-7
1429.0 9.88534232913228e-7
1430.0000000000002 9.935770381405721e-7
1431.0 9.986085724089717e-7
1432.0 1.0036271065455761e-6
1432.9999999999998 1.0086309816902518e-6
1434.0 1.0136186109422347e-6
1435.0 1.0185884806549884e-6
1436.0 1.0235391513771489e-6
1437.0 1.028469258455036e-6
1438.0000000000002 1.0333775123103686e-6
1439.0 1.0382626984015547e-6
1440.0 1.0431236768915764e-6
1441.0000000000002 1.0479593820273134e-6
1442.0 1.0527688212572274e-6
1443.0 1.0575510740946354e-6
1443.9999999999998 1.0623052907505192e-6
1445.0 1.0670306905518691e-6
1446.0 1.0717265601594006e-6
1447.0 1.0763922516080986e-6
1448.0 1.0810271801811236e-6
1449.0000000000002 1.0856308221435624e-6
1450.0 1.0902027123424083e-6
1451.0 1.0947424416960574e-6
1452.0000000000002 1.0992496545902495e-6
1453.0 1.1037240461879635e-6
1454.0 1.1081653596774244e-6
1454.9999999999998 1.1125733834683828e-6
1456.0 1.1169479483442032e-6
1457.0 1.1212889245955986e-6
1458.0 1.125596219137333e-6
1459.0 1.129869772617474e-6
1460.0 1.1341095565441151e-6
1461.0 1.1383155704174357e-6
1462.0 1.142487838899144e-6
1463.0000000000002 1.1466264090067023e-6
1464.0 1.1507313473518778e-6
1465.0 1.1548027374292928e-6
1465.9999999999998 1.15884067695347e-6
1467.0 1.1628452752609945e-6
1468.0 1.1668166507707803e-6
1469.0 1.1707549285109079e-6
1470.0 1.1746602377218845e-6
1471.0 1.1785327095263702e-6
1472.0 1.18237247467864e-6
1473.0 1.1861796613908758e-6
1474.0000000000002 1.1899543932391463e-6
1475.0 1.193696787145147e-6
1476.0 1.1974069514438237e-6
1476.9999999999998 1.2010849840310052e-6
1478.0 1.2047309705893943e-6
1479.0 1.2083449828971106e-6
1480.0 1.2119270772214124e-6
1481.0 1.2154772927837853e-6
1482.0 1.2189956503113098e-6
1483.0 1.222482150666745e-6
1484.0 1.2259367735506846e-6
1485.0000000000002 1.2293594762886606e-6
1486.0 1.2327501926885247e-6
1487.0 1.2361088319722158e-6
1487.9999999999998 1.2394352777865333e-6
1489.0 1.2427293872805548e-6
1490.0 1.245990990259783e-6
1491.0 1.2492198884075308e-6
1492.0 1.2524158545775242e-6
1493.0 1.2555786321553815e-6
1494.0 1.2587079344876594e-6
1495.0 1.2618034443789404e-6
1496.0000000000002 1.2648648136553251e-6
1497.0 1.2678916627921941e-6
1498.0 1.2708835806128518e-6
1498.9999999999998 1.2738401240440324e-6
1500.0 1.2767608179462716e-6
1501.0 1.279645154998171e-6
1502.0 1.2824925956573523e-6
1503.0 1.2853025681736928e-6
1504.0 1.2880744686768354e-6
1505.0 1.2908076613241611e-6
1506.0 1.2935014785132008e-6
1507.0000000000002 1.296155221160858e-6
1508.0 1.2987681590493943e-6
1509.0 1.301339531236043e-6
1509.9999999999998 1.3038685465295686e-6
1511.0 1.3063543840338045e-6
1512.0 1.3087961937613208e-6
1513.0 1.3111930973114592e-6
1514.0 1.313544188615879e-6
1515.0 1.3158485347594782e-6
1516.0 1.3181051768623999e-6
1517.0 1.3203131310370591e-6
1518.0000000000002 1.322471389414402e-6
1519.0 1.324578921238727e-6
1520.0 1.3266346740341514e-6
1520.9999999999998 1.3286375748412496e-6
1522.0 1.3305865315264297e-6
1523.0 1.332480434155837e-6
1524.0 1.334318156446808e-6
1525.0 1.3360985572810315e-6
1526.0 1.3378204822926614e-6
1527.0 1.3394827655203354e-6
1528.0 1.3410842311278645e-6
1529.0000000000002 1.3426236951879343e-6
1530.0 1.344099967531936e-6
1531.0 1.3455118536597766e-6
1531.9999999999998 1.3468581567106564e-6
1533.0 1.3481376794893841e-6
1534.0 1.3493492265482082e-6
1535.0 1.350491606320294e-6
1536.0 1.3515636333010512e-6
1537.0 1.3525641302729433e-6
1538.0 1.3534919305726828e-6
1539.0 1.3543458803935746e-6
1540.0000000000002 1.3551248411189418e-6
1541.0 1.35582769168418e-6
1542.0 1.3564533309589946e-6
1542.9999999999998 1.3570006801458699e-6
1544.0 1.35746868518982e-6
1545.0 1.357856319191084e-6
1546.0 1.3581625848166378e-6
1547.0 1.3583865167037306e-6
1548.0 1.358527183846475e-6
1549.0 1.3585836919607368e-6
1550.0 1.3585551858210046e-6
1551.0000000000002 1.3584408515588508e-6
1552.0 1.358239918916335e-6
1553.0 1.3579516634516431e-6
1553.9999999999998 1.3575754086813055e-6
1555.0 1.3571105281583727e-6
1556.0 1.3565564474755297e-6
1557.0 1.3559126461871898e-6
1558.0 1.3551786596416424e-6
1559.0 1.3543540807192404e-6
1560.0 1.3534385614647761e-6
1561.0 1.3524318146127449e-6
1562.0000000000002 1.3513336149952754e-6
1563.0 1.3501438008277147e-6
1564.0 1.3488622748668426e-6
1564.9999999999998 1.3474890054348214e-6
1566.0 1.3460240273054758e-6
1567.0 1.3444674424484828e-6
1568.0 1.3428194206252562e-6
1569.0 1.3410801998364158e-6
1570.0 1.3392500866149853e-6
1571.0 1.3373294561662237e-6
1572.0 1.335318752348936e-6
1573.0000000000002 1.3332184874995839e-6
1574.0 1.3310292421008334e-6
1575.0 1.328751664287522e-6
1575.9999999999998 1.3263864692002357e-6
1577.0 1.3239344381818833e-6
1578.0 1.3213964178214769e-6
1579.0 1.318773318849541e-6
1580.0 1.3160661148833951e-6
1581.0 1.3132758410351655e-6
1582.0 1.3104035923795357e-6
1583.0 1.3074505222888023e-6
1584.0000000000002 1.3044178406449314e-6
1585.0 1.3013068119282716e-6
1586.0 1.2981187531953983e-6
1586.9999999999998 1.294855031951398e-6
1588.0 1.2915170639226533e-6
1589.0 1.2881063107407636e-6
1590.0 1.2846242775458575e-6
1591.0 1.2810725105150768e-6
1592.0 1.277452594325316e-6
1593.0 1.2737661495651416e-6
1594.0 1.2700148300963984e-6
1595.0000000000002 1.2662003203795637e-6
1596.0 1.2623243327704533e-6
1597.0 1.2583886047994357e-6
1597.9999999999998 1.2543948964370397e-6
1599.0 1.2503449873607282e-6
1600.0 1.24624067422707e-6
1601.0 1.2420837679616126e-6
1602.0 1.237876091067022e-6
1603.0 1.2336194749688541e-6
1604.0 1.2293157573956257e-6
1605.0 1.2249667798079538e-6
1606.0000000000002 1.2205743848749474e-6
1607.0 1.2161404140172032e-6
1608.0 1.211666705007463e-6
1608.9999999999998 1.207155089645541e-6
1610.0 1.202607391506505e-6
1611.0 1.19802542377061e-6
1612.0 1.1934109871342744e-6
1613.0 1.1887658678098204e-6
1614.0 1.18409183561466e-6
1615.0 1.1793906421561052e-6
1616.0 1.1746640191051324e-6
1617.0000000000002 1.1699136765728777e-6
1618.0 1.1651413015831069e-6
1619.0 1.1603485566421063e-6
1619.9999999999998 1.1555370784049946e-6
1621.0 1.1507084764498091e-6
1622.0 1.1458643321375208e-6
1622.9999999999998 1.1410061975822433e-6
1624.0 1.1361355947082497e-6
1625.0 1.1312540144060434e-6
1626.0 1.126362915780748e-6
1627.0 1.121463725494835e-6
1628.0000000000002 1.116557837192633e-6
1629.0 1.1116466110181524e-6
1630.0 1.1067313732137728e-6
1630.9999999999998 1.1018134157981132e-6
1632.0 1.0968939963255972e-6
1633.0 1.0919743377153924e-6
1633.9999999999998 1.087055628156364e-6
1635.0 1.0821390210791321e-6
1636.0 1.0772256351886833e-6
1637.0 1.0723165545643687e-6
1638.0 1.0674128288109291e-6
1639.0000000000002 1.0625154732701674e-6
1640.0 1.0576254692773186e-6
1641.0 1.0527437644695748e-6
1641.9999999999998 1.0478712731348297e-6
1643.0 1.0430088766035065e-6
1644.0 1.0381574236758113e-6
1644.9999999999998 1.0333177310838173e-6
1646.0 1.0284905839845826e-6
1647.0 1.0236767364806829e-6
1648.0 1.0188769121651782e-6
1649.0 1.0140918046908088e-6
1650.0000000000002 1.0093220783564184e-6
1651.0 1.004568368710108e-6
1652.0 9.99831283168904e-7
1652.9999999999998 9.951114016487412e-7
1654.0 9.904092772054095e-7
1655.0 9.857254366797199e-7
1655.9999999999998 9.81060381354479e-7
1657.0 9.764145876083706e-7
1658.0 9.717885075790174e-7
1659.0 9.67182569819338e-7
1660.0 9.625971799586623e-7
1661.0000000000002 9.580327213574053e-7
1662.0 9.534895557610235e-7
1663.0 9.489680239458879e-7
1664.0000000000002 9.444684463633411e-7
1665.0 9.399911237705551e-7
1666.0 9.355363378617352e-7
1666.9999999999998 9.3110435188092e-7
1668.0 9.266954112348604e-7
1669.0 9.22309744088733e-7
1670.0 9.179475619556488e-7
1671.0 9.136090602726467e-7
1672.0000000000002 9.092944189649969e-7
1673.0 9.050038030013553e-7
1674.0 9.007373629347953e-7
1675.0000000000002 8.964952354297891e-7
1676.0 8.922775437810125e-7
1677.0 8.880843984161127e-7
1677.9999999999998 8.839158973847574e-7
1679.0 8.797721268402994e-7
1680.0 8.756531615013462e-7
1681.0 8.715590651073465e-7
1682.0 8.674898908553164e-7
1683.0000000000002 8.634456818293125e-7
1684.0 8.594264714129705e-7
1685.0 8.554322836933247e-7
1686.0000000000002 8.514631338489481e-7
1687.0 8.475190285285096e-7
1688.0 8.435999662165191e-7
1688.9999999999998 8.397059375870557e-7
1690.0 8.358369258464882e-7
1691.0 8.319929070644831e-7
1692.0 8.281738504944951e-7
1693.0 8.243797188838533e-7
1694.0000000000002 8.206104687713678e-7
1695.0 8.168660507773523e-7
1696.0 8.131464098804517e-7
1697.0000000000002 8.094514856877896e-7
1698.0 8.057812126939056e-7
1699.0 8.021355205310784e-7
1699.9999999999998 7.98514334208551e-7
1701.0 7.94917574346378e-7
1702.0 7.913451573987078e-7
1703.0 7.877969958694812e-7
1704.0 7.842729985176234e-7
1705.0000000000002 7.807730705599266e-7
1706.0 7.772971138598421e-7
1707.0 7.738450271152006e-7
1708.0000000000002 7.704167060336259e-7
1709.0 7.670120435035587e-7
1710.0 7.636309297607428e-7
1710.9999999999998 7.602732525428823e-7
1712.0 7.569388972435856e-7
1713.0 7.5362774705706e-7
1714.0 7.503396831177057e-7
1715.0 7.470745846360139e-7
1716.0 7.438323290254575e-7
1717.0 7.406127920274736e-7
1718.0 7.374158478302454e-7
1719.0000000000002 7.342413691817843e-7
1720.0 7.310892275005815e-7
1721.0 7.279592929787171e-7
1721.9999999999998 7.248514346831394e-7
1723.0 7.217655206521746e-7
1724.0 7.18701417987151e-7
1725.0 7.156589929412404e-7
1726.0 7.126381110031542e-7
1727.0 7.09638636978951e-7
1728.0 7.066604350700213e-7
1729.0 7.037033689459182e-7
1730.0000000000002 7.007673018156543e-7
1731.0 6.978520964966671e-7
1732.0 6.949576154785556e-7
1732.9999999999998 6.920837209850569e-7
1734.0 6.892302750348134e-7
1735.0 6.863971394956159e-7
1736.0 6.835841761401097e-7
1737.0 6.80791246697136e-7
1738.0 6.780182129002516e-7
1739.0 6.752649365351294e-7
1740.0 6.725312794844099e-7
1741.0000000000002 6.698171037704271e-7
1742.0 6.67122271594803e-7
1743.0 6.644466453780558e-7
1743.9999999999998 6.617900877966887e-7
1745.0 6.591524618166483e-7
1746.0 6.565336307284957e-7
1747.0 6.539334581768949e-7
1748.0 6.51351808192547e-7
1749.0 6.487885452191766e-7
1750.0 6.462435341413035e-7
1751.0 6.437166403093993e-7
1752.0000000000002 6.412077295647665e-7
1753.0 6.387166682606545e-7
1754.0 6.362433232862629e-7
1754.9999999999998 6.337875620845287e-7
1756.0 6.313492526741666e-7
1757.0 6.289282636655293e-7
1758.0 6.265244642781908e-7
1759.0 6.241377243581568e-7
1760.0 6.217679143910338e-7
1761.0 6.19414905518012e-7
1762.0 6.170785695469616e-7
1763.0000000000002 6.147587789670928e-7
1764.0 6.124554069586375e-7
1765.0 6.101683274037142e-7
1765.9999999999998 6.078974148977849e-7
1767.0 6.056425447564259e-7
1768.0 6.034035930263107e-7
1769.0 6.011804364904467e-7
1770.0 5.989729526778405e-7
1771.0 5.96781019868261e-7
1772.0 5.946045170983406e-7
1773.0 5.924433241684061e-7
1774.0000000000002 5.902973216453541e-7
1775.0 5.881663908684489e-7
1776.0 5.860504139515764e-7
1776.9999999999998 5.839492737887211e-7
1778.0 5.818628540550747e-7
1779.0 5.797910392095602e-7
1780.0 5.777337144984838e-7
1781.0 5.756907659551695e-7
1782.0 5.736620804025639e-7
1783.0 5.716475454529767e-7
1784.0 5.696470495101606e-7
1785.0000000000002 5.67660481768362e-7
1786.0 5.656877322119598e-7
1787.0 5.637286916169589e-7
1787.9999999999998 5.617832515476604e-7
1789.0 5.598513043583033e-7
1790.0 5.579327431895408e-7
1791.0 5.560274619691571e-7
1792.0 5.541353554089063e-7
1793.0 5.522563190027357e-7
1794.0 5.503902490260507e-7
1795.0 5.485370425313481e-7
1796.0000000000002 5.46696597347895e-7
1797.0 5.448688120768904e-7
1798.0 5.430535860907471e-7
1798.9999999999998 5.41250819528841e-7
1800.0 5.394604132941684e-7
1801.0 5.376822690515983e-7
1802.0 5.359162892226376e-7
1803.0 5.341623769835232e-7
1804.0 5.324204362601181e-7
1805.0 5.306903717253223e-7
1806.0 5.28972088794772e-7
1807.0000000000002 5.272654936229742e-7
1808.0 5.255704930995938e-7
1809.0 5.238869948442437e-7
1809.9999999999998 5.222149072041032e-7
1811.0 5.205541392477832e-7
1812.0 5.18904600762371e-7
1813.0 5.172662022484818e-7
1814.0 5.156388549162633e-7
1815.0 5.140224706802198e-7
1816.0 5.124169621550936e-7
1817.0 5.108222426517401e-7
1818.0000000000002 5.092382261718679e-7
1819.0 5.076648274035044e-7
1820.0 5.061019617166645e-7
1820.9999999999998 5.045495451587659e-7
1822.0 5.03007494449183e-7
1823.0 5.014757269753156e-7
1824.0 4.999541607876515e-7
1825.0 4.984427145948988e-7
1826.0 4.969413077592004e-7
1827.0 4.95449860291509e-7
1828.0 4.939682928471022e-7
1829.0000000000002 4.92496526719959e-7
1830.0 4.91034483839031e-7
1831.0 4.895820867629612e-7
1831.9999999999998 4.881392586751782e-7
1833.0 4.867059233797739e-7
1834.0 4.852820052963072e-7
1835.0 4.838674294547402e-7
1836.0 4.824621214918007e-7
1837.0 4.810660076453563e-7
1838.0 4.796790147501687e-7
1839.0 4.783010702331246e-7
1840.0000000000002 4.769321021085456e-7
1841.0 4.755720389737586e-7
1842.0 4.7422081000446926e-7
1842.9999999999998 4.72878344949994e-7
1844.0 4.7154457412896534e-7
1845.0 4.702194284246395e-7
1846.0 4.6890283928065955e-7
1847.0 4.675947386961473e-7
1848.0 4.6629505922168807e-7
1849.0 4.6500373395488426e-7
1850.0 4.6372069653568265e-7
1851.0000000000002 4.6244588114207146e-7
1852.0 4.611792224863976e-7
1853.0 4.599206558098971e-7
1853.9999999999998 4.586701168798359e-7
1855.0 4.5742754198376165e-7
1856.0 4.561928679267826e-7
1857.0 4.549660320262872e-7
1858.0 4.5374697210860474e-7
1859.0 4.52535626504103e-7
1860.0 4.513319340439874e-7
1861.0 4.501358340554593e-7
1862.0000000000002 4.4894726635825533e-7
1863.0 4.4776617126063127e-7
1864.0 4.4659248955506356e-7
1864.9999999999998 4.4542616251463333e-7
1866.0 4.442671318891444e-7
1867.0 4.4311533990111033e-7
1868.0 4.419707292423062e-7
1869.0 4.408332430695855e-7
1870.0 4.3970282500108566e-7
1871.0 4.385794191130817e-7
1872.0 4.374629699358825e-7
1873.0000000000002 4.3635342244985876e-7
1874.0 4.3525072208270753e-7
1875.0 4.341548147051716e-7
1875.9999999999998 4.33065646627473e-7
1877.0 4.3198316459636416e-7
1878.0 4.309073157910178e-7
1878.9999999999998 4.2983804781985584e-7
1880.0 4.2877530871714964e-7
1881.0 4.277190469392592e-7
1882.0 4.2666921136201033e-7
1883.0 4.256257512762574e-7
1884.0000000000002 4.245886163857161e-7
1885.0 4.235577568029244e-7
1886.0 4.2253312304601026e-7
1886.9999999999998 4.215146660359227e-7
1888.0 4.2050233709289177e-7
1889.0 4.1949608793316377e-7
1889.9999999999998 4.1849587066616356e-7
1891.0 4.175016377909207e-7
1892.0 4.165133421935732e-7
1893.0 4.1553093714381166e-7
1894.0 4.1455437629197814e-7
1895.0000000000002 4.135836136660549e-7
1896.0 4.1261860366867863e-7
1897.0 4.1165930107414056e-7
1897.9999999999998 4.107056610255384e-7
1899.0 4.097576390315644e-7
1900.0 4.08815190963977e-7
1900.9999999999998 4.078782730545686e-7
1902.0 4.069468418920056e-7
1903.0 4.06020854419641e-7
1904.0 4.05100267932177e-7
1905.0 4.0418504007291395e-7
1906.0000000000002 4.032751288312614e-7
1907.0 4.02370492539647e-7
1908.0 4.0147108987121615e-7
1908.9999999999998 4.005768798367447e-7
1910.0 3.996878217819885e-7
1911.0 3.9880387538531743e-7
1911.9999999999998 3.9792500065458276e-7
1913.0 3.9705115792494297e-7
1914.0 3.961823078561054e-7
1915.0 3.9531841142962536e-7
1916.0 3.9445942994626015e-7
1917.0000000000002 3.9360532502378005e-7
1918.0 3.92756058594132e-7
1919.0 3.919115929009236e-7
1919.9999999999998 3.910718904970284e-7
1921.0 3.90236914241972e-7
1922.0 3.8940662729972423e-7
1922.9999999999998 3.885809931357948e-7
1924.0 3.8775997551526495e-7
1925.0 3.8694353849994465e-7
1926.0 3.8613164644645367e-7
1927.0 3.8532426400327465e-7
1928.0000000000002 3.845213561087002e-7
1929.0 3.837228879884672e-7
1930.0 3.82928825153275e-7
1931.0000000000002 3.821391333966949e-7
1932.0 3.8135377879235104e-7
1933.0 3.8057272769219407e-7
1933.9999999999998 3.7979594672382026e-7
1935.0 3.7902340278839695e-7
1936.0 3.782550630582947e-7
1937.0 3.774908949746678e-7
1938.0 3.767308662456837e-7
1939.0000000000002 3.759749448438827e-7
1940.0 3.752230990039757e-7
1941.0 3.7447529722088495e-7
1942.0000000000002 3.7373150824726413e-7
1943.0 3.7299170109163217e-7
1944.0 3.722558450160106e-7
1944.9999999999998 3.715239095336563e-7
1946.0 3.7079586440722214e-7
1947.0 3.7007167964633085e-7
1948.0 3.693513255055647e-7
1949.0 3.6863477248249626e-7
1950.0000000000002 3.67921991315348e-7
1951.0 3.6721295298108627e-7
1952.0 3.6650762869323436e-7
1953.0000000000002 3.658059898998518e-7
1954.0 3.651080082813439e-7
1955.0 3.644136557488174e-7
1955.9999999999998 3.637229044415476e-7
1957.0 3.630357267251512e-7
1958.0 3.623520951897381e-7
1959.0 3.6167198264767503e-7
1960.0 3.6099536213169353e-7
1961.0000000000002 3.6032220689280756e-7
1962.0 3.5965249039854647e-7
1963.0 3.589861863308762e-7
1964.0000000000002 3.583232685839397e-7
1965.0 3.576637112627774e-7
1966.0 3.5700748868076873e-7
1966.9999999999998 3.5635457535807985e-7
1968.0 3.557049460194524e-7
1969.0 3.5505857559263727e-7
1970.0 3.5441543920611747e-7
1971.0 3.537755121876227e-7
1972.0 3.531387700619596e-7
1973.0 3.525051885491525e-7
1974.0 3.51874743562751e-7
1975.0000000000002 3.512474112078136e-7
1976.0 3.506231677790637e-7
1977.0 3.500019897592896e-7
1977.9999999999998 3.4938385381721693e-7
1979.0 3.487687368057759e-7
1980.0 3.4815661576054757e-7
1981.0 3.47547467897466e-7
1982.0 3.4694127061153175e-7
1983.0 3.4633800147472964e-7
1984.0 3.4573763823429056e-7
1985.0 3.4514015881101115e-7
1986.0000000000002 3.4454554129750176e-7
1987.0 3.439537639562531e-7
1988.0 3.433648052181814e-7
1988.9999999999998 3.4277864368067245e-7
1990.0 3.421952581058762e-7
1991.0 3.41614627419188e-7
1992.0 3.4103673070734423e-7
1993.0 3.404615472166576e-7
1994.0 3.3988905635160975e-7
1995.0 3.3931923767292525e-7
1996.0 3.387520708960895e-7
1997.0000000000002 3.3818753588941063e-7
1998.0 3.3762561267265904e-7
1999.0 3.3706628141523746e-7
1999.9999999999998 3.3650952243455495e-7
