0.0 1.120995571990122e-5
1.0 1.121017826252439e-5
2.0 1.1210845946788186e-5
3.0 1.121195894262265e-5
4.0 1.1213517532447767e-5
5.0 1.1215522112388389e-5
6.0 1.1217973192652183e-5
7.0 1.1220871396615654e-5
8.0 1.1224217462514733e-5
9.0 1.1228012243228561e-5
10.0 1.1232256707457891e-5
10.999999999999998 1.1236951939267675e-5
12.0 1.124209913983221e-5
13.000000000000002 1.1247699628252624e-5
14.0 1.1253754841373969e-5
14.999999999999998 1.1260266335842897e-5
16.0 1.1267235788470297e-5
17.0 1.1274664998038238e-5
18.0 1.1282555885318436e-5
19.0 1.1290910495460567e-5
20.0 1.1299730999345555e-5
21.0 1.1309019694134747e-5
21.999999999999996 1.1318779005513407e-5
23.0 1.1329011489300804e-5
24.0 1.1339719833055899e-5
25.0 1.1350906858027258e-5
26.000000000000004 1.1362575520902057e-5
27.0 1.1374728915875638e-5
28.0 1.1387370276865167e-5
29.0 1.1400502979933588e-5
29.999999999999996 1.1414130545297431e-5
31.0 1.1428256640199157e-5
32.0 1.1442885081269648e-5
33.0 1.1458019837074963e-5
34.0 1.1473665031209182e-5
35.0 1.148982494567426e-5
36.0 1.1506504022234442e-5
37.0 1.1523706868599944e-5
38.0 1.154143825889334e-5
39.0 1.1559703138972647e-5
40.0 1.1578506629445447e-5
41.0 1.159785402937393e-5
42.0 1.1617750821091693e-5
43.0 1.1638202673192071e-5
43.99999999999999 1.1659215445871733e-5
45.0 1.1680795194620976e-5
46.0 1.1702948175874806e-5
47.0 1.172568085110823e-5
48.0 1.1748999892067652e-5
49.0 1.1772912186693083e-5
50.0 1.179742484391948e-5
51.0 1.1822545199643403e-5
52.00000000000001 1.1848280823534327e-5
53.0 1.1874639523550336e-5
54.0 1.1901629353947727e-5
55.0 1.19292586220992e-5
56.0 1.1957535893914286e-5
57.0 1.1986470003387396e-5
58.0 1.201607005816595e-5
59.0 1.2046345449473509e-5
59.99999999999999 1.2077305858899219e-5
61.0 1.2108961267698817e-5
62.0 1.214132196541398e-5
63.0 1.2174398559884622e-5
64.0 1.220820198681533e-5
65.0 1.2242743519344013e-5
66.0 1.2278034779199387e-5
67.0 1.231408774809142e-5
68.0 1.2350914778694616e-5
69.0 1.2388528606470035e-5
70.0 1.2426942363566034e-5
71.0 1.2466169590298163e-5
72.0 1.2506224249613125e-5
73.0 1.2547120741854927e-5
74.0 1.2588873918307868e-5
75.0 1.2631499097928655e-5
76.0 1.2675012084040567e-5
77.0 1.271942917949719e-5
78.0 1.2764767205827929e-5
79.0 1.2811043522521788e-5
80.0 1.2858276044166445e-5
81.0 1.2906483262801851e-5
82.0 1.2955684268237592e-5
83.00000000000001 1.3005898770720942e-5
84.0 1.305714712406378e-5
85.0 1.310945035007458e-5
86.0 1.316283016375847e-5
87.0 1.321730900157774e-5
87.99999999999999 1.327291004705096e-5
89.0 1.332965726223606e-5
90.0 1.338757541897197e-5
91.0 1.3446690128622496e-5
92.0 1.3507027879146165e-5
92.99999999999999 1.3568616069856677e-5
94.0 1.3631483047614351e-5
95.0 1.3695658148654828e-5
96.0 1.3761171738432099e-5
97.0 1.3828055255637065e-5
98.0 1.3896341258887695e-5
99.00000000000001 1.3966063474704882e-5
100.0 1.4037256847871322e-5
101.0 1.4109957596640128e-5
102.0 1.4184203267186638e-5
103.0 1.4260032795291657e-5
104.00000000000001 1.4337486569405428e-5
105.0 1.4416606495059594e-5
106.0 1.4497436066869473e-5
107.0 1.4580020443627483e-5
108.0 1.4664406523900079e-5
108.99999999999999 1.4750643031356816e-5
110.0 1.4838780602463928e-5
111.0 1.4928871878041024e-5
112.0 1.5020971603493072e-5
113.0 1.5115136732797693e-5
114.0 1.5211426537902304e-5
115.00000000000001 1.5309902728939105e-5
116.0 1.541062957697234e-5
117.0 1.551367404728305e-5
118.0 1.5619105940123384e-5
119.0 1.5726998041651305e-5
119.99999999999999 1.583742628327749e-5
121.0 1.5950469910905907e-5
122.0 1.6066211666824776e-5
123.0 1.6184737984210962e-5
124.0 1.6306139191689637e-5
124.99999999999999 1.6430509735701524e-5
126.0 1.655794841441991e-5
127.0 1.6688558630655426e-5
128.0 1.682244866387933e-5
129.0 1.695973195490489e-5
130.0 1.7100527419961003e-5
131.0 1.724495978232162e-5
132.0 1.7393159928224277e-5
133.0 1.7545265293220072e-5
134.0 1.7701420274838154e-5
135.0 1.7861776675671616e-5
136.0 1.8026494186848005e-5
137.0 1.819574090234808e-5
138.0 1.8369693879622366e-5
139.0 1.8548539741882528e-5
140.0 1.8732475334804174e-5
141.0 1.892170843274176e-5
142.0 1.9116458506221215e-5
143.0 1.931695755785939e-5
144.0 1.9523451024102393e-5
145.0 1.9736198767816925e-5
146.0 1.9955476145647163e-5
147.0 2.0181575183525912e-5
148.0 2.041480585418171e-5
149.0 2.065549747807297e-5
150.0 2.0904000252626233e-5
151.0 2.1160686936808625e-5
152.0 2.1425954691472177e-5
153.0 2.170022711297346e-5
154.0 2.1983956464866645e-5
155.0 2.2277626145982662e-5
156.0 2.2581753413367263e-5
157.0 2.289689239852614e-5
158.0 2.3223637453930025e-5
159.0 2.356262686443991e-5
160.0 2.3914546984417763e-5
161.0 2.4280136843441097e-5
162.0 2.466019329821224e-5
163.0 2.5055576802347364e-5
164.0 2.546721786732298e-5
164.99999999999997 2.5896124346588125e-5
166.00000000000003 2.634338962872817e-5
167.0 2.6810201910920555e-5
168.0 2.7297854683955062e-5
169.0 2.780775866227978e-5
170.0 2.8341455357118655e-5
171.0 2.89006325747735e-5
172.0 2.948714218846674e-5
173.0 3.0103020539045463e-5
174.0 3.0750511977326794e-5
174.99999999999997 3.1432096074385365e-5
175.99999999999997 3.21505192353632e-5
177.00000000000003 3.290883154096029e-5
178.0 3.37104298321379e-5
179.0 3.4559108370653846e-5
180.0 3.545911859398647e-5
181.0 3.641523999711174e-5
182.0 3.743286455434066e-5
183.0 3.851809788258086e-5
184.0 3.9677881052886646e-5
185.0 4.092013816628848e-5
185.99999999999997 4.225395629555654e-5
187.00000000000003 4.36898062819809e-5
188.0 4.523981569036813e-5
189.0 4.6918108725535086e-5
190.0 4.874123311399103e-5
191.0 5.072870088560797e-5
192.0 5.2903679916417105e-5
193.0 5.5293887532302345e-5
194.0 5.7932757924990313e-5
195.0 6.086098598449633e-5
196.0 6.412859577424571e-5
196.99999999999997 6.77977523814661e-5
198.00000000000003 7.194664485212987e-5
199.0 7.667494223573483e-5
200.0 8.211160829520808e-5
201.0 8.842633346739192e-5
202.0 9.58466537351074e-5
203.0 0.00010468425320007274
204.0 0.00011537652844196822
205.0 0.00012855427176878157
206.0 0.00014515528658389176
206.99999999999997 0.0001666201753293127
208.00000000000003 0.0001952326619390982
209.00000000000003 0.00023467914875323294
210.0 0.0002906756808653999
211.0 0.0003695389011090605
212.0 0.0004625401442102354
213.0 0.0005034327019742386
214.0 0.00043871101892812366
215.0 0.0003433071009017257
216.0 0.0002684617787609813
217.0 0.00021600927219835286
217.99999999999997 0.00017896742486174288
219.00000000000003 0.00015194532326128868
220.0 0.0001315556217447457
221.0 0.00011570469825227073
222.0 0.00010306672006806529
223.0 9.277389226138018e-5
224.0 8.42392806481338e-5
225.0 7.7053804942235e-5
226.0 7.09246094161658e-5
227.0 6.563702644357476e-5
228.0 6.103038589245578e-5
228.99999999999997 5.698219613736459e-5
230.00000000000003 5.339753396881117e-5
231.0 5.020176297238583e-5
232.0 4.733543137375134e-5
233.0 4.4750629459246665e-5
234.0 4.2408344509000264e-5
235.0 4.027651025566658e-5
236.0 3.8328548366900285e-5
237.0 3.6542263841574365e-5
238.0 3.489899875997002e-5
238.99999999999997 3.338297706476803e-5
239.99999999999997 3.1980792295252004e-5
241.00000000000003 3.068100345139213e-5
242.0 2.9473813382831822e-5
243.0 2.8350810580048288e-5
244.0 2.7304759890299964e-5
245.0 2.6329430942209514e-5
246.0 2.541945548545861e-5
247.0 2.4570206506018225e-5
248.0 2.3777693334147198e-5
249.0 2.303846798578646e-5
249.99999999999997 2.2349538926858475e-5
251.00000000000003 2.1708289474136755e-5
252.0 2.1112399193154834e-5
253.0 2.0559767946249585e-5
254.0 2.0048443748023185e-5
255.0 1.95765568459934e-5
256.0 1.914226347365337e-5
257.0 1.874370294747542e-5
258.0 1.8378971114986344e-5
259.0 1.8046111576824785e-5
260.0 1.7743123955987093e-5
261.0 1.7467986256665655e-5
262.0 1.7218686687858133e-5
263.0 1.69932595848826e-5
264.0 1.678982035053157e-5
265.0 1.660659544669749e-5
266.0 1.644194499945953e-5
267.0 1.6294377106235555e-5
268.0 1.616255419272065e-5
269.0 1.6045292593266283e-5
270.0 1.5941556912960154e-5
271.0 1.5850450811228177e-5
272.0 1.5771205676207286e-5
273.0 1.5703168385990442e-5
274.0 1.5645789061536454e-5
275.0 1.5598609425529655e-5
276.0 1.5561252149912534e-5
277.0 1.553341139499302e-5
278.0 1.5514844610553457e-5
279.0 1.5505365583171427e-5
280.0 1.5504838663132582e-5
281.0 1.5513174070414846e-5
282.0 1.5530324175675272e-5
283.0 1.5556280647048307e-5
284.0 1.5591072364775478e-5
285.0 1.5634764013332413e-5
286.0 1.5687455282186633e-5
287.0 1.5749280611206507e-5
288.0 1.582040943916665e-5
289.0 1.5901046922706235e-5
290.0 1.5991435107806328e-5
291.0 1.609185454928398e-5
292.0 1.620262638359989e-5
293.0 1.63241148739643e-5
294.0 1.645673045730113e-5
295.0 1.6600933336061175e-5
296.0 1.6757237669499335e-5
297.0 1.6926216434615175e-5
298.0 1.7108507042586712e-5
299.0 1.7304817815397402e-5
300.0 1.75159354477631e-5
301.0 1.774273360807316e-5
302.0 1.7986182857781915e-5
303.0 1.8247362112234417e-5
304.0 1.8527471902551053e-5
305.0 1.8827849761308202e-5
306.0 1.9149988115161182e-5
307.0 1.9495555152308918e-5
308.0 1.9866419238089542e-5
309.0 2.0264677573206406e-5
310.0 2.0692689954155055e-5
311.0 2.1153118691694496e-5
312.0 2.1648975995079162e-5
313.0 2.2183680450249448e-5
314.0 2.276112462284212e-5
315.0 2.3385756329680838e-5
316.0 2.4062676786768854e-5
317.0 2.47977596705142e-5
318.0 2.5597796220092495e-5
319.0 2.647067286265786e-5
320.0 2.7425589599448087e-5
321.0 2.8473329570541976e-5
322.0 2.9626592903764144e-5
323.0 3.0900411158962785e-5
324.0 3.2312662197512324e-5
325.0 3.388470863390874e-5
326.0 3.564218472631648e-5
327.0 3.761595340419424e-5
328.0 3.9843240030244234e-5
329.0 4.236890708649843e-5
329.99999999999994 4.524673228763252e-5
331.0 4.854032459122572e-5
332.00000000000006 5.232282330067569e-5
333.0 5.6673512888424884e-5
334.0 6.166749244821201e-5
335.0 6.735095526558048e-5
336.0 7.368943119383161e-5
337.0 8.047324471402487e-5
338.0 8.717941991476003e-5
339.0 9.285798030360824e-5
340.0 9.624086459729845e-5
340.99999999999994 9.62721247830388e-5
342.0 9.280256006807499e-5
343.00000000000006 8.672185419265454e-5
344.0 7.935533465599e-5
345.0 7.180589172074205e-5
346.0 6.472097380062533e-5
347.0 5.83741130715235e-5
348.0 5.2819103176992636e-5
349.0 4.800618990069166e-5
349.99999999999994 4.384792898428374e-5
351.0 4.0250949023589046e-5
351.99999999999994 3.712917766445974e-5
353.0 3.440810886318972e-5
354.00000000000006 3.2025130987444455e-5
355.0 2.992833284181163e-5
356.0 2.8074879693435778e-5
357.0 2.642941660515338e-5
358.0 2.4962665361541734e-5
359.0 2.3650254079627525e-5
360.0 2.2471767279992237e-5
360.99999999999994 2.140998669454753e-5
362.0 2.0450290015963057e-5
363.00000000000006 1.9580177216342548e-5
364.0 1.8788898181289317e-5
365.0 1.8067159745688674e-5
366.0 1.7406894169711516e-5
367.0 1.680107462392777e-5
368.0 1.6243566297518698e-5
369.0 1.57290043847636e-5
370.0 1.5252692389055464e-5
371.0 1.4810515955456328e-5
371.99999999999994 1.4398868829156282e-5
373.0 1.4014588551182191e-5
374.00000000000006 1.36549002221891e-5
375.0 1.3317367144423082e-5
376.0 1.2999847463929773e-5
377.0 1.270045612313434e-5
378.0 1.2417531539221587e-5
379.0 1.2149606504732672e-5
380.0 1.189538284533423e-5
381.0 1.165370940902062e-5
382.0 1.1423562992322828e-5
382.99999999999994 1.1204031843067603e-5
384.0 1.0994301410380382e-5
385.00000000000006 1.0793642047101438e-5
386.0 1.0601398399399797e-5
387.0 1.041698025529948e-5
388.0 1.0239854640896684e-5
389.0 1.0069538994960197e-5
390.0 9.90559526335339e-6
391.0 9.747624783621886e-6
392.0 9.595263846254842e-6
393.0 9.448179835360365e-6
393.99999999999994 9.306067866802364e-6
395.0 9.168647852595363e-6
396.00000000000006 9.035661932554681e-6
397.0 8.906872221166245e-6
398.0 8.782058826692952e-6
399.0 8.661018105479154e-6
400.0 8.543561119368237e-6
401.0 8.429512269883456e-6
402.0 8.318708085022415e-6
403.0 8.210996140636465e-6
404.0 8.106234097047077e-6
404.99999999999994 8.004288839507398e-6
406.0 7.905035705770871e-6
407.00000000000006 7.808357794632793e-6
408.0 7.714145341614702e-6
409.0 7.6222951579439335e-6
410.0 7.5327101217858455e-6
411.0 7.445298718300987e-6
412.0 7.359974623145042e-6
413.0 7.276656322126844e-6
413.99999999999994 7.195266766900922e-6
415.0 7.115733059093149e-6
416.00000000000006 7.0379861632092486e-6
417.0 6.961960642920124e-6
418.00000000000006 6.887594420046732e-6
419.0 6.814828552576405e-6
420.0 6.743607031194585e-6
421.0 6.673876591950708e-6
422.0 6.605586543255947e-6
423.0 6.538688606270872e-6
424.0 6.473136767623045e-6
424.99999999999994 6.40888714302617e-6
426.0 6.3458978505226195e-6
427.00000000000006 6.284128893676187e-6
428.0 6.223542052486986e-6
429.0 6.164100782093288e-6
430.0 6.105770119033571e-6
431.0 6.048516592823744e-6
432.0 5.992308144938095e-6
433.0 5.937114051816434e-6
434.0 5.8829048542762395e-6
435.0 5.82965229000226e-6
435.99999999999994 5.777329231936162e-6
437.0 5.72590962937492e-6
438.00000000000006 5.675368453405487e-6
439.0 5.62568164547129e-6
440.0 5.576826069118719e-6
441.0 5.528779464748976e-6
442.0 5.48152040701316e-6
443.0 5.435028264504224e-6
444.0 5.389283162423006e-6
445.0 5.3442659466873695e-6
446.0 5.299958150348222e-6
446.99999999999994 5.256341962375691e-6
448.0 5.213400197312955e-6
449.00000000000006 5.171116267266595e-6
450.0 5.129474155399531e-6
451.0 5.088458390394854e-6
452.0 5.04805402283806e-6
453.0 5.008246602570432e-6
454.0 4.969022157185971e-6
455.0 4.9303671718057535e-6
456.0 4.892268569906842e-6
457.0 4.85471369489853e-6
457.99999999999994 4.8176902930599495e-6
459.0 4.781186496657078e-6
460.00000000000006 4.745190808786087e-6
461.0 4.70969208803735e-6
462.0 4.6746795348453024e-6
463.0 4.640142677456437e-6
464.0 4.606071359627148e-6
465.0 4.572455728060196e-6
466.0 4.539286220974093e-6
467.0 4.5065535569613534e-6
468.0 4.474248724353769e-6
468.99999999999994 4.442362971164309e-6
470.0 4.41088779556372e-6
471.00000000000006 4.379814936473714e-6
472.0 4.349136364972516e-6
473.0 4.318844275793582e-6
474.0 4.288931079417584e-6
475.0 4.259389394226356e-6
476.0 4.230212039266176e-6
477.0 4.201392027313589e-6
477.99999999999994 4.172922557893032e-6
479.0 4.144797011148504e-6
479.99999999999994 4.117008941461455e-6
481.0 4.089552071526345e-6
482.00000000000006 4.0624202868650785e-6
483.0 4.035607630259689e-6
484.0 4.009108296461204e-6
485.0 3.982916627427145e-6
486.0 3.957027107278108e-6
487.0 3.931434357859165e-6
488.0 3.906133134141211e-6
488.99999999999994 3.881118320208824e-6
490.0 3.856384924903699e-6
491.00000000000006 3.831928078115564e-6
492.0 3.8077430268286536e-6
493.0 3.783825131597167e-6
494.0 3.7601698630312543e-6
495.0 3.7367727984334617e-6
496.0 3.713629618507972e-6
497.0 3.6907361042803397e-6
498.0 3.6680881341178553e-6
499.0 3.6456816807912416e-6
499.99999999999994 3.623512808683805e-6
501.0 3.6015776711546915e-6
502.00000000000006 3.5798725079060277e-6
503.0 3.5583936424618796e-6
504.0 3.5371374798180937e-6
505.0 3.5161005040933585e-6
506.0 3.4952792762069056e-6
507.0 3.4746704318926537e-6
508.0 3.454270679366429e-6
509.0 3.434076797535257e-6
510.0 3.414085633893871e-6
510.99999999999994 3.3942941026828304e-6
512.0 3.3746991830974848e-6
513.0 3.3552979175124836e-6
514.0 3.336087409715568e-6
515.0 3.3170648233714468e-6
516.0 3.298227380300346e-6
517.0 3.279572359083051e-6
518.0 3.2610970934751274e-6
519.0 3.2427989709137626e-6
520.0 3.2246754312916353e-6
521.0 3.206723965444892e-6
522.0 3.188942113925956e-6
523.0 3.171327465677563e-6
524.0 3.1538776569041076e-6
525.0 3.1365903697654834e-6
526.0 3.1194633312699266e-6
527.0 3.102494312201433e-6
528.0 3.0856811259589548e-6
529.0 3.069021627575922e-6
530.0 3.0525137126143523e-6
531.0 3.0361553162831732e-6
532.0 3.0199444124120907e-6
533.0 3.0038790124856496e-6
534.0 2.9879571648599177e-6
535.0 2.9721769537613702e-6
536.0 2.9565364985234727e-6
537.0 2.94103395267649e-6
538.0 2.925667503260999e-6
539.0 2.910435369935239e-6
540.0 2.8953358042532644e-6
541.0 2.8803670889913407e-6
542.0 2.8655275373347823e-6
543.0 2.8508154922573953e-6
544.0 2.8362293257914325e-6
545.0 2.8217674384327793e-6
546.0 2.8074282584666828e-6
547.0 2.79321024129945e-6
548.0 2.779111868965996e-6
549.0 2.7651316494480533e-6
550.0 2.7512681161529447e-6
551.0 2.7375198272999624e-6
552.0 2.723885365505209e-6
553.0 2.710363337056805e-6
554.0 2.696952371597592e-6
555.0 2.6836511215320666e-6
556.0 2.670458261519474e-6
557.0 2.6573724880709508e-6
558.0 2.6443925190224177e-6
559.0 2.6315170931125387e-6
560.0 2.6187449695714567e-6
561.0 2.606074927662576e-6
562.0 2.5935057662430584e-6
563.0 2.581036303454958e-6
564.0 2.5686653761919443e-6
565.0 2.5563918398499357e-6
566.0 2.5442145678582304e-6
567.0 2.5321324513495196e-6
568.0 2.5201443988181814e-6
569.0 2.508249335743571e-6
570.0 2.496446204258362e-6
571.0 2.484733962828223e-6
572.0 2.473111585932786e-6
573.0 2.461578063717633e-6
574.0 2.450132401729682e-6
575.0 2.4387736205976096e-6
576.0 2.4275007557219003e-6
577.0 2.41631285701353e-6
578.0 2.405208988613878e-6
579.0 2.394188228624504e-6
580.0 2.383249668803558e-6
581.0 2.372392414369413e-6
582.0 2.3616155836651003e-6
583.0 2.350918308011496e-6
584.0 2.3402997313733114e-6
585.0 2.3297590101784778e-6
586.0 2.319295313047883e-6
587.0 2.3089078206344108e-6
588.0 2.2985957252903264e-6
589.0 2.2883582309721027e-6
590.0 2.278194552966591e-6
591.0 2.268103917685691e-6
592.0 2.2580855624591892e-6
593.0 2.2481387353781017e-6
594.0 2.238262695055785e-6
595.0 2.228456710469298e-6
596.0 2.218720060769456e-6
597.0 2.2090520350727105e-6
598.0 2.199451932324702e-6
599.0 2.189919061102638e-6
600.0 2.180452739469041e-6
601.0 2.1710522947629368e-6
602.0 2.1617170634975892e-6
603.0 2.1524463911297648e-6
604.0 2.1432396319898897e-6
605.0 2.1340961490536294e-6
606.0 2.12501531384681e-6
607.0 2.1159965062568437e-6
608.0 2.1070391144299494e-6
609.0 2.098142534600022e-6
610.0 2.089306170986658e-6
611.0 2.0805294356077355e-6
612.0 2.0718117482239094e-6
613.0 2.063152536123463e-6
614.0 2.054551234071153e-6
615.0 2.046007284140575e-6
616.0 2.0375201356074847e-6
617.0 2.0290892448475222e-6
618.0 2.020714075182693e-6
619.0 2.0123940967973424e-6
620.0 2.004128786631078e-6
621.0 1.9959176282329644e-6
622.0 1.9877601117115467e-6
623.0 1.979655733563111e-6
624.0 1.9716039966315943e-6
625.0 1.963604409955166e-6
626.0 1.9556564887285397e-6
627.0 1.9477597541235564e-6
628.0 1.939913733279929e-6
629.0 1.932117959151205e-6
630.0 1.9243719704370994e-6
631.0 1.9166753115014415e-6
632.0 1.909027532257895e-6
633.0 1.9014281881168297e-6
634.0 1.8938768398775686e-6
635.0 1.8863730536451181e-6
636.0 1.8789164007635597e-6
637.0 1.871506457721547e-6
638.0 1.864142806095614e-6
639.0 1.8568250324378935e-6
640.0 1.8495527282293067e-6
641.0 1.8423254897988136e-6
642.0 1.8351429182468926e-6
643.0 1.828004619375348e-6
644.0 1.8209102036186858e-6
645.0 1.8138592859623522e-6
646.0 1.8068514859090814e-6
647.0 1.799886427371497e-6
648.0 1.792963738637153e-6
649.0 1.7860830522832936e-6
650.0 1.779244005125898e-6
651.0 1.7724462381591604e-6
652.0 1.7656893964966776e-6
653.0000000000001 1.758973129291166e-6
654.0 1.752297089699981e-6
655.0 1.7456609348248147e-6
656.0 1.7390643256337307e-6
657.0 1.732506926936387e-6
658.0 1.7259884073135327e-6
659.0 1.7195084390489579e-6
659.9999999999999 1.7130666981029669e-6
661.0 1.706662864048394e-6
662.0 1.7002966200201019e-6
663.0 1.6939676526736703e-6
664.0000000000001 1.6876756521133118e-6
665.0 1.6814203118761207e-6
666.0 1.6752013288444688e-6
667.0 1.6690184032449528e-6
668.0 1.6628712385666484e-6
669.0 1.6567595415371568e-6
670.0 1.6506830220594771e-6
670.9999999999999 1.644641393185919e-6
672.0 1.638634371066371e-6
673.0 1.6326616749124249e-6
674.0 1.626723026943448e-6
675.0000000000001 1.6208181523584963e-6
676.0 1.614946779294281e-6
677.0 1.6091086387747664e-6
678.0 1.6033034646882969e-6
679.0 1.5975309937368749e-6
680.0 1.5917909654077497e-6
681.0 1.5860831219275532e-6
681.9999999999999 1.580407208232774e-6
683.0 1.574762971933079e-6
684.0 1.569150163264699e-6
685.0 1.563568535090343e-6
686.0000000000001 1.5580178428065006e-6
687.0 1.5524978443745565e-6
688.0 1.5470083002384214e-6
688.9999999999999 1.5415489733170852e-6
690.0 1.5361196289676086e-6
691.0 1.5307200349532192e-6
692.0 1.5253499614077916e-6
692.9999999999999 1.520009180813066e-6
694.0 1.514697467960638e-6
695.0 1.5094145999285641e-6
696.0 1.504160356049852e-6
697.0000000000001 1.4989345178864449e-6
698.0 1.4937368691984334e-6
699.0 1.4885671959160366e-6
699.9999999999999 1.483425286112328e-6
701.0 1.4783109299722065e-6
702.0 1.4732239197831912e-6
703.0 1.4681640498897998e-6
703.9999999999999 1.4631311166662954e-6
705.0 1.4581249185141181e-6
706.0 1.4531452558168047e-6
707.0 1.448191930920712e-6
708.0000000000001 1.4432647481090045e-6
709.0 1.438363513589166e-6
710.0 1.4334880354552205e-6
710.9999999999999 1.4286381236648934e-6
712.0 1.4238135900307587e-6
713.0 1.4190142481864094e-6
714.0 1.4142399135655268e-6
715.0000000000001 1.4094904033797745e-6
716.0 1.4047655366074874e-6
717.0 1.4000651339580112e-6
718.0 1.3953890178536822e-6
719.0000000000001 1.390737012420127e-6
720.0 1.3861089434558135e-6
721.0 1.3815046384150793e-6
721.9999999999999 1.376923926382701e-6
723.0 1.372366638072847e-6
724.0 1.3678326057899606e-6
725.0 1.3633216634101478e-6
726.0000000000001 1.3588336463821826e-6
727.0 1.354368391691892e-6
728.0 1.3499257378484908e-6
729.0 1.345505524867214e-6
730.0 1.3411075942513553e-6
731.0 1.336731788977825e-6
732.0 1.3323779534772058e-6
732.9999999999999 1.3280459336196979e-6
734.0 1.3237355766963047e-6
735.0 1.3194467313923923e-6
736.0 1.3151792477994834e-6
737.0000000000001 1.3109329773694827e-6
738.0 1.3067077729168237e-6
739.0 1.3025034885959433e-6
740.0 1.2983199798838e-6
741.0 1.2941571035842026e-6
742.0 1.290014717775985e-6
743.0 1.2858926818369898e-6
743.9999999999999 1.2817908564050414e-6
745.0 1.2777091033741835e-6
746.0 1.2736472858793543e-6
747.0 1.2696052682756981e-6
748.0000000000001 1.2655829161370619e-6
749.0 1.261580096231518e-6
750.0 1.257596676517598e-6
751.0 1.2536325261201652e-6
752.0 1.249687515327132e-6
753.0 1.2457615155745438e-6
754.0 1.241854399429095e-6
754.9999999999999 1.2379660405814078e-6
756.0 1.2340963138338356e-6
757.0 1.2302450950775606e-6
758.0 1.2264122613018208e-6
759.0000000000001 1.22259769056312e-6
760.0 1.2188012619758496e-6
761.0 1.2150228557171275e-6
762.0 1.211262352991695e-6
763.0 1.2075196360428427e-6
764.0 1.2037945881220217e-6
765.0 1.2000870934923845e-6
765.9999999999999 1.1963970374121224e-6
767.0 1.1927243061279472e-6
768.0 1.1890687868536591e-6
769.0 1.185430367778747e-6
770.0000000000001 1.1818089380349995e-6
771.0 1.1782043877091243e-6
772.0 1.1746166078147205e-6
773.0 1.1710454902932745e-6
774.0 1.1674909280039842e-6
775.0 1.1639528147073927e-6
776.0 1.1604310450594206e-6
776.9999999999999 1.156925514607492e-6
778.0 1.1534361197757095e-6
779.0 1.1499627578538258e-6
780.0 1.1465053269945367e-6
781.0000000000001 1.143063726196024e-6
782.0 1.1396378553062766e-6
783.0 1.1362276150024531e-6
784.0 1.1328329067876383e-6
785.0 1.1294536329807622e-6
786.0 1.1260896967094987e-6
787.0 1.1227410019031345e-6
787.9999999999999 1.119407453282107e-6
789.0 1.116088956350254e-6
790.0 1.1127854173893096e-6
791.0 1.1094967434475016e-6
792.0000000000001 1.1062228423374767e-6
793.0 1.1029636226209415e-6
794.0 1.0997189936073309e-6
795.0 1.0964888653461889e-6
796.0 1.0932731486153629e-6
797.0 1.0900717549151416e-6
798.0 1.0868845964693966e-6
798.9999999999999 1.0837115862037093e-6
800.0 1.0805526377495031e-6
801.0 1.0774076654345893e-6
802.0 1.0742765842773084e-6
803.0000000000001 1.071159309975395e-6
804.0 1.0680557589011929e-6
805.0 1.0649658481004394e-6
806.0 1.0618894952808952e-6
807.0 1.058826618802431e-6
808.0 1.0557771376779096e-6
809.0 1.0527409715662076e-6
809.9999999999999 1.0497180407578915e-6
811.0 1.0467082661796034e-6
812.0 1.0437115693826423e-6
813.0 1.0407278725366917e-6
814.0000000000001 1.0377570984252197e-6
815.0 1.034799170440672e-6
816.0 1.0318540125774385e-6
816.9999999999999 1.0289215494248297e-6
818.0 1.0260017061650008e-6
819.0 1.023094408563097e-6
820.0 1.020199582967716e-6
820.9999999999999 1.0173171562986398e-6
822.0 1.0144470560466647e-6
823.0 1.01158921026256e-6
824.0 1.0087435475626642e-6
825.0000000000001 1.0059099971105398e-6
826.0 1.0030884886232093e-6
827.0 1.0002789523560775e-6
827.9999999999999 9.974813191049729e-7
829.0 9.946955201997243e-7
830.0 9.919214875001496e-7
831.0 9.891591533874197e-7
832.0000000000001 9.864084507615046e-7
833.0 9.836693130395738e-7
834.0 9.809416741442543e-7
835.0 9.782254685108713e-7
836.0000000000001 9.755206310648696e-7
837.0 9.728270972375235e-7
838.0 9.701448029449505e-7
838.9999999999999 9.674736845948133e-7
840.0 9.648136790754935e-7
841.0 9.621647237567648e-7
842.0 9.595267564800417e-7
843.0000000000001 9.568997155593888e-7
844.0 9.542835397710408e-7
845.0 9.516781683602135e-7
846.0 9.490835410250906e-7
847.0000000000001 9.464995979170062e-7
848.0 9.439262796429939e-7
849.0 9.413635272506946e-7
849.9999999999999 9.388112822330585e-7
851.0 9.362694865230795e-7
852.0 9.337380824840678e-7
853.0 9.312170129138595e-7
854.0000000000001 9.28706221037351e-7
855.0 9.262056505020464e-7
856.0 9.237152453761582e-7
857.0 9.212349501442093e-7
858.0 9.187647097053587e-7
859.0 9.163044693654528e-7
860.0 9.138541748385585e-7
860.9999999999999 9.114137722421248e-7
862.0 9.089832080901111e-7
863.0 9.06562429293538e-7
864.0 9.041513831567433e-7
865.0000000000001 9.017500173749089e-7
866.0 8.993582800259823e-7
867.0 8.969761195720832e-7
868.0 8.946034848565333e-7
869.0 8.922403250960908e-7
870.0 8.898865898868282e-7
871.0 8.875422291869451e-7
871.9999999999999 8.852071933297716e-7
873.0 8.828814330072532e-7
874.0 8.805648992758868e-7
875.0 8.782575435487932e-7
876.0000000000001 8.759593175972919e-7
877.0 8.736701735412516e-7
878.0 8.713900638537555e-7
879.0 8.691189413512842e-7
880.0 8.668567591966512e-7
881.0 8.646034708919052e-7
882.0 8.623590302791746e-7
882.9999999999999 8.601233915365787e-7
884.0 8.578965091720756e-7
885.0 8.556783380269658e-7
886.0 8.534688332672586e-7
887.0000000000001 8.512679503833343e-7
888.0 8.490756451899276e-7
889.0 8.468918738190256e-7
890.0 8.447165927213689e-7
891.0 8.425497586592302e-7
892.0 8.403913287082206e-7
893.0 8.382412602503379e-7
893.9999999999999 8.360995109755576e-7
895.0 8.3396603887595e-7
896.0 8.318408022461501e-7
897.0 8.297237596793127e-7
898.0000000000001 8.276148700615767e-7
899.0 8.255140925757766e-7
900.0 8.234213866921929e-7
901.0 8.213367121696121e-7
902.0 8.192600290539688e-7
903.0 8.171912976720099e-7
904.0 8.151304786332142e-7
904.9999999999999 8.130775328213347e-7
906.0 8.110324213979128e-7
907.0 8.089951057940818e-7
908.0 8.06965547712538e-7
909.0000000000001 8.049437091211818e-7
910.0 8.029295522550023e-7
911.0 8.009230396059736e-7
912.0 7.989241339307968e-7
913.0 7.969327982352961e-7
914.0 7.949489957832297e-7
915.0 7.929726900856225e-7
915.9999999999999 7.910038449023382e-7
917.0 7.890424242379555e-7
918.0 7.870883923360305e-7
919.0 7.851417136790768e-7
920.0000000000001 7.832023529850168e-7
921.0 7.812702752044709e-7
922.0 7.793454455140863e-7
923.0 7.774278293165744e-7
924.0 7.755173922364706e-7
925.0 7.736141001159114e-7
926.0 7.717179190107036e-7
926.9999999999999 7.698288151880441e-7
928.0 7.679467551214689e-7
929.0 7.660717054866947e-7
930.0 7.64203633157052e-7
931.0000000000001 7.623425052024775e-7
932.0 7.604882888791711e-7
933.0 7.586409516296598e-7
934.0 7.568004610777817e-7
935.0 7.549667850192735e-7
936.0 7.531398914229309e-7
937.0 7.513197484212678e-7
937.9999999999999 7.495063243027567e-7
939.0 7.476995875122358e-7
940.0 7.458995066391263e-7
941.0 7.441060504142058e-7
942.0000000000001 7.423191876998535e-7
943.0 7.405388874862586e-7
944.0 7.387651188816528e-7
944.9999999999999 7.369978511061127e-7
946.0 7.352370534820305e-7
947.0 7.3348269542552e-7
948.0 7.317347464393399e-7
948.9999999999999 7.29993176101447e-7
950.0 7.282579540550404e-7
951.0 7.265290499984604e-7
952.0 7.248064336763298e-7
953.0000000000001 7.2309007486324e-7
954.0 7.213799433549334e-7
955.0 7.196760089559587e-7
955.9999999999999 7.179782414616494e-7
957.0 7.162866106495112e-7
958.0 7.146010862606249e-7
959.0 7.129216379814742e-7
959.9999999999999 7.112482354333482e-7
961.0 7.095808481482555e-7
962.0 7.079194455543962e-7
963.0 7.062639969526143e-7
964.0000000000001 7.046144714986884e-7
965.0 7.029708381781376e-7
966.0 7.013330657862186e-7
966.9999999999999 6.997011228991525e-7
968.0 6.980749778508187e-7
969.0 6.964545987040066e-7
970.0 6.94839953221773e-7
971.0000000000001 6.932310088356025e-7
972.0 6.91627732614028e-7
973.0 6.900300912260589e-7
974.0 6.88438050909498e-7
975.0000000000001 6.868515774273854e-7
976.0 6.852706360316799e-7
977.0 6.836951914177993e-7
977.9999999999999 6.821252076814595e-7
979.0 6.805606482723989e-7
980.0 6.790014759433031e-7
981.0 6.774476526969701e-7
982.0000000000001 6.758991397331222e-7
983.0 6.74355897389793e-7
984.0 6.728178850845493e-7
985.0 6.712850612469374e-7
986.0 6.697573832574579e-7
987.0 6.682348073715486e-7
988.0 6.667172886542505e-7
988.9999999999999 6.652047808979894e-7
990.0 6.636972365470101e-7
991.0 6.621946066123501e-7
992.0 6.606968405888327e-7
993.0000000000001 6.592038863635427e-7
994.0 6.577156901266573e-7
995.0 6.562321962732289e-7
996.0 6.547533473074424e-7
997.0 6.532790837412788e-7
998.0 6.51809343991796e-7
999.0 6.503440642750063e-7
999.9999999999999 6.488831785001594e-7
1001.0 6.474266181602101e-7
1002.0 6.459743122254197e-7
1003.0 6.445261870322113e-7
1004.0000000000001 6.430821661745846e-7
1005.0 6.41642170401057e-7
1006.0 6.402061175075623e-7
1007.0 6.387739222387121e-7
1008.0 6.373454961950038e-7
1009.0 6.359207477412194e-7
1010.0 6.344995819301323e-7
1010.9999999999999 6.330819004337764e-7
1012.0 6.316676014844833e-7
1013.0 6.302565798356225e-7
1014.0 6.288487267385852e-7
1015.0000000000001 6.274439299381067e-7
1016.0 6.26042073691965e-7
1017.0 6.246430388197577e-7
1018.0 6.232467027797218e-7
1019.0 6.218529397822704e-7
1020.0 6.204616209364709e-7
1021.0 6.190726144481362e-7
1021.9999999999999 6.176857858540269e-7
1023.0 6.163009983190432e-7
1024.0 6.149181129783572e-7
1025.0 6.135369893449268e-7
1026.0 6.12157485784938e-7
1027.0 6.10779460051467e-7
1028.0 6.09402769902102e-7
1029.0 6.080272737795628e-7
1030.0 6.066528315816525e-7
1031.0 6.052793054984286e-7
1032.0 6.039065609368838e-7
1033.0 6.025344675179009e-7
1034.0 6.01162900152719e-7
1035.0 5.997917401883882e-7
1036.0 5.984208766199237e-7
1037.0 5.970502073570468e-7
1038.0 5.956796405410182e-7
1039.0 5.94309095893573e-7
1040.0 5.929385060828036e-7
1041.0 5.91567818094406e-7
1042.0 5.901969945788933e-7
1043.0 5.888260151629789e-7
1044.0 5.874548776901366e-7
1045.0 5.860835993744148e-7
1046.0 5.847122178351512e-7
1047.0 5.833407919854345e-7
1048.0 5.819694027505682e-7
1049.0 5.80598153586382e-7
1050.0 5.79227170775761e-7
1051.0 5.778566034783644e-7
1052.0 5.764866235202628e-7
1053.0 5.75117424902937e-7
1054.0 5.737492230271845e-7
1055.0 5.723822536318345e-7
1056.0 5.710167714337436e-7
1057.0 5.696530485085388e-7
1058.0 5.682913723938904e-7
1059.0 5.669320439667508e-7
1060.0 5.655753751080404e-7
1061.0 5.642216861906713e-7
1062.0 5.628713034435915e-7
1063.0 5.615245562092059e-7
1064.0 5.601817741736931e-7
1065.0 5.588432845835075e-7
1066.0 5.575094095208119e-7
1067.0 5.561804632682292e-7
1068.0 5.548567498115701e-7
1069.0 5.535385605162362e-7
1070.0 5.522261720145423e-7
1071.0 5.509198443275332e-7
1072.0 5.496198192467968e-7
1073.0 5.483263189897546e-7
1074.0 5.470395451373739e-7
1075.0 5.457596778520479e-7
1076.0 5.444868753867846e-7
1077.0 5.432212738485619e-7
1078.0 5.419629872365994e-7
1079.0 5.407121077035442e-7
1080.0 5.394687060424773e-7
1081.0 5.38232832363258e-7
1082.0 5.370045169323967e-7
1083.0 5.357837711637882e-7
1084.0 5.345705887071439e-7
1085.0 5.333649466425152e-7
1086.0 5.321668067251011e-7
1087.0 5.30976116677072e-7
1088.0 5.297928114972285e-7
1089.0 5.286168147699122e-7
1090.0 5.274480399593924e-7
1091.0 5.26286391670956e-7
1092.0 5.251317668711968e-7
1093.0 5.239840560520093e-7
1094.0 5.22843144336579e-7
1095.0 5.217089125176322e-7
1096.0 5.205812380228472e-7
1097.0 5.194599958111881e-7
1098.0 5.183450591906535e-7
1099.0 5.1723630056565e-7
1100.0 5.161335921075051e-7
1101.0 5.150368063586673e-7
1102.0 5.139458167661496e-7
1103.0 5.128604981495379e-7
1104.0 5.117807271111281e-7
1105.0 5.107063823857304e-7
1106.0 5.096373451372505e-7
1107.0 5.085734992113637e-7
1108.0 5.075147313349047e-7
1109.0 5.064609312797401e-7
1110.0 5.054119919920246e-7
1111.0 5.043678096796014e-7
1112.0 5.033282838795348e-7
1113.0 5.022933174908737e-7
1114.0 5.012628167929052e-7
1115.0 5.00236691432388e-7
1116.0 4.992148544051593e-7
1117.0 4.981972220146664e-7
1118.0 4.971837138185481e-7
1119.0 4.961742525671313e-7
1120.0 4.951687641334605e-7
1121.0 4.941671774311978e-7
1122.0 4.931694243327121e-7
1123.0 4.921754395795933e-7
1124.0 4.911851606890769e-7
1125.0 4.90198527860366e-7
1126.0 4.892154838794621e-7
1127.0 4.882359740221045e-7
1128.0 4.872599459564581e-7
1129.0 4.862873496486175e-7
1130.0 4.853181372681061e-7
1131.0 4.843522630927125e-7
1132.0 4.833896834196739e-7
1133.0 4.824303564754714e-7
1134.0 4.814742423279787e-7
1135.0 4.805213028049153e-7
1136.0 4.795715014095077e-7
1137.0 4.78624803241558e-7
1138.0 4.776811749241132e-7
1139.0 4.767405845279193e-7
1140.0 4.758030014998428e-7
1141.0 4.7486839659908313e-7
1142.0 4.7393674182902466e-7
1143.0 4.730080103767219e-7
1144.0 4.720821765533985e-7
1145.0 4.711592157370642e-7
1146.0 4.7023910431979955e-7
1147.0 4.693218196552941e-7
1148.0 4.684073400107398e-7
1149.0 4.6749564451836865e-7
1150.0 4.6658671313340376e-7
1151.0 4.6568052658909683e-7
1152.0 4.6477706636009304e-7
1153.0 4.638763146208647e-7
1154.0 4.629782542124836e-7
1155.0 4.620828686055864e-7
1156.0 4.6119014187034435e-7
1157.0 4.603000586440846e-7
1158.0 4.5941260410393685e-7
1159.0 4.5852776393644236e-7
1160.0 4.5764552431352616e-7
1161.0 4.5676587186760387e-7
1162.0 4.5588879366769723e-7
1163.0 4.5501427719640725e-7
1164.0 4.541423103311094e-7
1165.0 4.5327288132147193e-7
1166.0 4.5240597877346166e-7
1167.0 4.5154159162980556e-7
1168.0 4.506797091535255e-7
1169.0 4.4982032091247745e-7
1170.0 4.489634167645014e-7
1171.0 4.481089868430869e-7
1172.0 4.472570215438971e-7
1173.0 4.46407511512259e-7
1174.0 4.4556044763156477e-7
1175.0 4.4471582101214577e-7
1176.0 4.43873622979009e-7
1177.0 4.430338450650077e-7
1178.0 4.421964789988098e-7
1179.0 4.413615166960858e-7
1180.0 4.405289502521085e-7
1181.0 4.3969877193454806e-7
1182.0 4.3887097417314883e-7
1183.0 4.3804554955591935e-7
1184.0 4.3722249081970097e-7
1185.0 4.3640179084626056e-7
1186.0 4.355834426537522e-7
1187.0 4.3476743939419505e-7
1188.0 4.3395377434552064e-7
1189.0 4.3314244090814196e-7
1190.0 4.3233343259924105e-7
1191.0 4.31526743049339e-7
1192.0 4.3072236599724957e-7
1193.0 4.2992029528715014e-7
1194.0 4.2912052486340484e-7
1195.0 4.283230487684782e-7
1196.0 4.27527861139384e-7
1197.0 4.267349562029293e-7
1198.0 4.25944328276351e-7
1199.0 4.2515597175979186e-7
1200.0 4.2436988113833025e-7
1201.0 4.235860509765851e-7
1202.0 4.2280447591701156e-7
1203.0 4.2202515067880094e-7
1204.0 4.2124807005496654e-7
1205.0 4.204732289099811e-7
1206.0 4.197006221792485e-7
1207.0 4.189302448657755e-7
1208.0 4.181620920405412e-7
1209.0 4.1739615883986917e-7
1210.0 4.166324404628962e-7
1211.0 4.1587093217315383e-7
1212.0 4.151116292949183e-7
1213.0 4.1435452721253614e-7
1214.0 4.135996213703908e-7
1215.0 4.128469072706062e-7
1216.0 4.1209638047239974e-7
1217.0 4.1134803659232734e-7
1218.0 4.1060187130152207e-7
1219.0 4.098578803262899e-7
1220.0 4.091160594471975e-7
1221.0 4.083764044985463e-7
1222.0 4.076389113665383e-7
1223.0 4.0690357599026153e-7
1224.0 4.0617039436056937e-7
1225.0 4.0543936251890014e-7
1226.0 4.047104765578038e-7
1227.0 4.0398373262005155e-7
1228.0 4.032591268985843e-7
1229.0 4.0253665563514823e-7
1230.0 4.0181631512130873e-7
1231.0 4.010981016976826e-7
1232.0 4.0038201175267356e-7
1233.0 3.9966804172344827e-7
1234.0 3.989561880954274e-7
1235.0 3.9824644740233174e-7
1236.0 3.975388162247253e-7
1237.0 3.968332911911455e-7
1238.0 3.961298689778551e-7
1239.0 3.9542854630765646e-7
1240.0 3.9472931995202105e-7
1241.0 3.9403218672759344e-7
1242.0 3.933371434994526e-7
1243.0 3.9264418717887223e-7
1244.0 3.919533147244841e-7
1245.0 3.9126452314198286e-7
1246.0 3.905778094828514e-7
1247.0 3.898931708471739e-7
1248.0 3.8921060437985033e-7
1249.0 3.8853010727441333e-7
1250.0 3.8785167677022936e-7
1251.0 3.871753101537762e-7
1252.0 3.865010047588717e-7
1253.0 3.8582875796596834e-7
1254.0 3.8515856720255346e-7
1255.0 3.8449042994351656e-7
1256.0 3.8382434371095555e-7
1257.0 3.831603060738794e-7
1258.0 3.824983146490195e-7
1259.0 3.8183836710077515e-7
1260.0 3.811804611405176e-7
1261.0 3.8052459452757e-7
1262.0 3.798707650691801e-7
1263.0 3.792189706207265e-7
1264.0 3.7856920908509015e-7
1265.0 3.779214784134027e-7
1266.0 3.772757766056264e-7
1267.0 3.766321017094439e-7
1268.0 3.759904518215446e-7
1269.0 3.753508250872098e-7
1270.0 3.747132197007063e-7
1271.0 3.7407763390519294e-7
1272.0 3.734440659928124e-7
1273.0 3.728125143057436e-7
1274.0 3.7218297723479286e-7
1275.0 3.715554532207698e-7
1276.0 3.7092994075441465e-7
1277.0 3.703064383768003e-7
1278.0 3.696849446782771e-7
1279.0 3.6906545830060987e-7
1280.0 3.684479779346762e-7
1281.0 3.678325023236998e-7
1282.0 3.672190302605863e-7
1283.0 3.666075605901516e-7
1284.0 3.659980922074621e-7
1285.0 3.653906240603132e-7
1286.0 3.647851551472976e-7
1287.0 3.641816845187501e-7
1288.0 3.6358021127765264e-7
1289.0 3.6298073457880673e-7
1290.0 3.6238325362970683e-7
1291.0 3.617877676901462e-7
1292.0 3.6119427607275163e-7
1293.0 3.606027781435257e-7
1294.0 3.600132733217816e-7
1295.0 3.594257610794529e-7
1296.0 3.58840240943542e-7
1297.0 3.582567124933409e-7
1298.0 3.5767517536347643e-7
1299.0 3.5709562924219257e-7
1300.0 3.565180738723576e-7
1301.0 3.55942509051687e-7
1302.0 3.553689346327607e-7
1303.0 3.5479735052316704e-7
1304.0 3.5422775668614404e-7
1305.0 3.5366015314029886e-7
1306.0000000000002 3.530945399603011e-7
1307.0 3.5253091727647636e-7
1308.0 3.5196928527532604e-7
1308.9999999999998 3.5140964420063624e-7
1310.0 3.5085199435197875e-7
1311.0 3.5029633608649064e-7
1312.0 3.497426698180512e-7
1313.0 3.491909960178528e-7
1314.0 3.486413152151588e-7
1315.0 3.4809362799697283e-7
1316.0 3.4754793500798857e-7
1317.0000000000002 3.470042369514185e-7
1318.0 3.4646253458912653e-7
1319.0 3.459228287419104e-7
1319.9999999999998 3.45385120289174e-7
1321.0 3.448494101697216e-7
1322.0 3.4431569938208636e-7
1323.0 3.4378398898403363e-7
1324.0 3.4325428009386525e-7
1325.0 3.4272657388982384e-7
1326.0 3.4220087161023156e-7
1327.0 3.4167717455506174e-7
1328.0000000000002 3.411554840846017e-7
1329.0 3.4063580161999363e-7
1330.0 3.4011812864476486e-7
1330.9999999999998 3.3960246670362756e-7
1332.0 3.390888174028668e-7
1333.0 3.385771824117204e-7
1334.0 3.3806756346133497e-7
1335.0 3.3755996234593263e-7
1336.0 3.3705438092268207e-7
1337.0 3.365508211116605e-7
1338.0 3.360492848966746e-7
1339.0000000000002 3.355497743255601e-7
1340.0 3.350522915094875e-7
1341.0 3.345568386246626e-7
1341.9999999999998 3.340634179117816e-7
1343.0 3.335720316755426e-7
1344.0 3.330826822868676e-7
1345.0 3.325953721815809e-7
1346.0 3.3211010386068207e-7
1347.0 3.3162687989211566e-7
1348.0 3.311457029094028e-7
1349.0 3.306665756126181e-7
1350.0000000000002 3.301895007690309e-7
1351.0 3.2971448121240337e-7
1352.0 3.2924151984449085e-7
1352.9999999999998 3.2877061963446306e-7
1354.0 3.283017836193296e-7
1355.0 3.2783501490460527e-7
1356.0 3.273703166642042e-7
1357.0 3.269076921414017e-7
1358.0 3.264471446481027e-7
1359.0 3.259886775660268e-7
1360.0 3.2553229434670714e-7
1361.0000000000002 3.2507799851192674e-7
1362.0 3.2462579365389694e-7
1363.0 3.241756834355419e-7
1363.9999999999998 3.2372767159090413e-7
1365.0 3.232817619259484e-7
1366.0 3.2283795831814256e-7
1366.9999999999998 3.2239626471684226e-7
1368.0 3.2195668514455946e-7
1369.0 3.215192236962057e-7
1370.0 3.210838845402192e-7
1371.0 3.2065067191869056e-7
1372.0000000000002 3.202195901473249e-7
1373.0 3.197906436163852e-7
1374.0 3.193638367911332e-7
1374.9999999999998 3.1893917421156325e-7
1376.0 3.185166604931025e-7
1377.0 3.18096300327472e-7
1377.9999999999998 3.176780984826191e-7
1379.0 3.1726205980291495e-7
1380.0 3.168481892100248e-7
1381.0 3.164364917030945e-7
1382.0 3.1602697235967733e-7
1383.0000000000002 3.1561963633494337e-7
1384.0 3.1521448886370753e-7
1385.0 3.1481153525912713e-7
1385.9999999999998 3.144107809151284e-7
1387.0 3.1401223130533016e-7
1388.0 3.1361589198366793e-7
1388.9999999999998 3.132217685859873e-7
1390.0 3.128298668290784e-7
1391.0 3.124401925124582e-7
1392.0 3.1205275151744514e-7
1393.0 3.116675498092924e-7
1394.0000000000002 3.1128459343653527e-7
1395.0 3.1090388853143015e-7
1396.0 3.105254413117796e-7
1396.9999999999998 3.101492580799101e-7
1398.0 3.0977534522412144e-7
1399.0 3.094037092191855e-7
1399.9999999999998 3.0903435662641674e-7
1401.0 3.0866729409475954e-7
1402.0 3.083025283613351e-7
1403.0 3.0794006625156245e-7
1404.0 3.0757991468025514e-7
1405.0000000000002 3.0722208065200715e-7
1406.0 3.068665712619994e-7
1407.0 3.0651339369620765e-7
1407.9999999999998 3.0616255523244864e-7
1409.0 3.058140632410217e-7
1410.0 3.0546792518487684e-7
1410.9999999999998 3.0512414862098636e-7
1412.0 3.047827412003339e-7
1413.0 3.044437106691921e-7
1414.0 3.04107064869404e-7
1415.0 3.0377281173919433e-7
1416.0000000000002 3.0344095931400926e-7
1417.0 3.0311151572684576e-7
1418.0 3.0278448920959094e-7
1419.0000000000002 3.0245988809313486e-7
1420.0 3.0213772080872114e-7
1421.0 3.0181799588807076e-7
1421.9999999999998 3.015007219645481e-7
1423.0 3.0118590777396814e-7
1424.0 3.0087356215484966e-7
1425.0 3.0056369405003486e-7
1426.0 3.0025631250658836e-7
1427.0000000000002 2.9995142667751547e-7
1428.0 2.9964904582164387e-7
1429.0 2.993491793050699e-7
1430.0000000000002 2.990518366018213e-7
1431.0 2.9875702729437346e-7
1432.0 2.9846476107500794e-7
1432.9999999999998 2.9817504774614446e-7
1434.0 2.978878972216888e-7
1435.0 2.9760331952727355e-7
1436.0 2.9732132480159133e-7
1437.0 2.9704192329698924e-7
1438.0000000000002 2.967651253802527e-7
1439.0 2.964909415338287e-7
1440.0 2.9621938235614185e-7
1441.0000000000002 2.959504585630289e-7
1442.0 2.9568418098795364e-7
1443.0 2.9542056058329283e-7
1443.9999999999998 2.9515960842118773e-7
1445.0 2.949013356939397e-7
1446.0 2.946457537153155e-7
1447.0 2.943928739211724e-7
1448.0 2.9414270787037324e-7
1449.0000000000002 2.938952672453061e-7
1450.0 2.936505638530118e-7
1451.0 2.9340860962595736e-7
1452.0000000000002 2.931694166224602e-7
1453.0 2.929329970278557e-7
1454.0 2.9269936315520316e-7
1454.9999999999998 2.9246852744542003e-7
1456.0 2.9224050246910754e-7
1457.0 2.920153009263277e-7
1458.0 2.917929356473121e-7
1459.0 2.915734195939139e-7
1460.0 2.9135676585925627e-7
1461.0 2.911429876691187e-7
1462.0 2.9093209838182743e-7
1463.0000000000002 2.9072411148934045e-7
1464.0 2.9051904061759893e-7
1465.0 2.90316899526943e-7
1465.9999999999998 2.901177021128464e-7
1467.0 2.8992146240580353e-7
1468.0 2.8972819457191416e-7
1469.0 2.895379129137677e-7
1470.0 2.8935063186980786e-7
1471.0 2.891663660152801e-7
1472.0 2.8898513006232877e-7
1473.0 2.8880693885976244e-7
1474.0000000000002 2.886318073934337e-7
1475.0 2.8845975078640897e-7
1476.0 2.882907842988529e-7
1476.9999999999998 2.8812492332767727e-7
1478.0 2.879621834067834e-7
1479.0 2.878025802068659e-7
1480.0 2.876461295346744e-7
1481.0 2.874928473332934e-7
1482.0 2.8734274968141995e-7
1483.0 2.871958527927375e-7
1484.0 2.870521730158963e-7
1485.0000000000002 2.8691172683337595e-7
1486.0 2.8677453086065995e-7
1487.0 2.866406018461465e-7
1487.9999999999998 2.8650995666953326e-7
1489.0 2.8638261234128683e-7
1490.0 2.862585860012513e-7
1491.0 2.8613789491772015e-7
1492.0 2.860205564860467e-7
1493.0 2.8590658822744286e-7
1494.0 2.857960077872034e-7
1495.0 2.856888329334548e-7
1496.0000000000002 2.8558508155524243e-7
1497.0 2.85484771660972e-7
1498.0 2.853879213761775e-7
1498.9999999999998 2.85294548941875e-7
1500.0 2.8520467271189476e-7
1501.0 2.851183111514493e-7
1502.0 2.850354828338179e-7
1503.0 2.8495620643864054e-7
1504.0 2.8488050074856156e-7
1505.0 2.848083846470766e-7
1506.0 2.847398771153144e-7
1507.0000000000002 2.846749972291999e-7
1508.0 2.846137641560791e-7
1509.0 2.8455619715150267e-7
1509.9999999999998 2.845023155559007e-7
1511.0 2.8445213879110337e-7
1512.0 2.8440568635616635e-7
1513.0 2.8436297782400364e-7
1514.0 2.843240328373465e-7
1515.0 2.8428887110419553e-7
1516.0 2.8425751239408653e-7
1517.0 2.842299765333585e-7
1518.0000000000002 2.842062834006634e-7
1519.0 2.841864529222361e-7
1520.0 2.8417050506711276e-7
1520.9999999999998 2.841584598421908e-7
1522.0 2.841503372868032e-7
1523.0 2.8414615746780814e-7
1524.0 2.8414594047389747e-7
1525.0 2.8414970641029223e-7
1526.0 2.841574753927289e-7
1527.0 2.8416926754193784e-7
1528.0 2.841851029772618e-7
1529.0000000000002 2.8420500181119625e-7
1530.0 2.842289841423749e-7
1531.0 2.842570700498519e-7
1531.9999999999998 2.8428927958607e-7
1533.0 2.8432563277061373e-7
1534.0 2.843661495832483e-7
1535.0 2.844108499572644e-7
1536.0 2.844597537721313e-7
1537.0 2.845128808466307e-7
1538.0 2.845702509316817e-7
1539.0 2.8463188370275833e-7
1540.0000000000002 2.8469779875281833e-7
1541.0 2.8476801558450835e-7
1542.0 2.848425536023972e-7
1542.9999999999998 2.8492143210574396e-7
1544.0 2.8500467028031933e-7
1545.0 2.85092287190399e-7
1546.0 2.851843017712842e-7
1547.0 2.8528073282078406e-7
1548.0 2.853815989913482e-7
1549.0 2.8548691878186005e-7
1550.0 2.8559671052933693e-7
1551.0000000000002 2.8571099240066176e-7
1552.0 2.8582978238435027e-7
1553.0 2.859530982819621e-7
1553.9999999999998 2.86080957699883e-7
1555.0 2.862133780407828e-7
1556.0 2.86350376495201e-7
1557.0 2.86491970032908e-7
1558.0 2.866381753944839e-7
1559.0 2.8678900908284013e-7
1560.0 2.8694448735446727e-7
1561.0 2.8710462621127323e-7
1562.0000000000002 2.872694413914997e-7
1563.0 2.874389483617441e-7
1564.0 2.8761316230800686e-7
1564.9999999999998 2.877920981274566e-7
1566.0 2.8797577041978055e-7
1567.0 2.881641934788387e-7
1568.0 2.8835738128410215e-7
1569.0 2.8855534749238464e-7
1570.0 2.887581054292427e-7
1571.0 2.88965668080984e-7
1572.0 2.891780480860787e-7
1573.0000000000002 2.893952577269673e-7
1574.0 2.8961730892198197e-7
1575.0 2.8984421321705456e-7
1575.9999999999998 2.900759817776529e-7
1577.0 2.90312625380675e-7
1578.0 2.9055415440653754e-7
1579.0 2.908005788311025e-7
1580.0 2.910519082178023e-7
1581.0 2.9130815170984563e-7
1582.0 2.91569318022297e-7
1583.0 2.9183541543438956e-7
1584.0000000000002 2.9210645178180773e-7
1585.0 2.9238243444899757e-7
1586.0 2.9266337036152687e-7
1586.9999999999998 2.9294926597857406e-7
1588.0 2.9324012728531234e-7
1589.0 2.93535959785393e-7
1590.0 2.938367684935631e-7
1591.0 2.9414255792810636e-7
1592.0 2.9445333210346365e-7
1593.0 2.947690945227803e-7
1594.0 2.950898481705511e-7
1595.0000000000002 2.9541559550519564e-7
1596.0 2.9574633845160376e-7
1597.0 2.960820783938558e-7
1597.9999999999998 2.9642281616763947e-7
1599.0 2.9676855205290543e-7
1600.0 2.97119285766359e-7
1601.0 2.9747501645391115e-7
1602.0 2.978357426831628e-7
1603.0 2.9820146243575877e-7
1604.0 2.9857217309964734e-7
1605.0 2.989478714613987e-7
1606.0000000000002 2.9932855369833024e-7
1607.0 2.9971421537048794e-7
1608.0 3.001048514127528e-7
1608.9999999999998 3.005004561264763e-7
1610.0 3.009010231714068e-7
1611.0 3.013065455570175e-7
1612.0 3.017170156342008e-7
1613.0 3.021324250863267e-7
1614.0 3.0255276492038747e-7
1615.0 3.029780254580154e-7
1616.0 3.034081963260482e-7
1617.0000000000002 3.03843266447179e-7
1618.0 3.042832240302011e-7
1619.0 3.047280565600611e-7
1619.9999999999998 3.051777507877493e-7
1621.0 3.0563229271983805e-7
1622.0 3.060916676079038e-7
1622.9999999999998 3.0655585993744866e-7
1624.0 3.070248534167549e-7
1625.0 3.07498630965358e-7
1626.0 3.0797717470225225e-7
1627.0 3.0846046593357715e-7
1628.0000000000002 3.0894848514041173e-7
1629.0 3.094412119657905e-7
1630.0 3.0993862520156655e-7
1630.9999999999998 3.104407027749471e-7
1632.0 3.109474217346227e-7
1633.0 3.114587582364973e-7
1633.9999999999998 3.119746875291071e-7
1635.0 3.124951839384891e-7
1636.0 3.130202208529179e-7
1637.0 3.135497707068782e-7
1638.0 3.140838049650902e-7
1639.0000000000002 3.1462229410560055e-7
1640.0 3.151652076028801e-7
1641.0 3.1571251391024206e-7
1641.9999999999998 3.16264180441789e-7
1643.0 3.1682017355426294e-7
1644.0 3.1738045852793914e-7
1644.9999999999998 3.1794499954767554e-7
1646.0 3.185137596827405e-7
1647.0 3.190867008670505e-7
1648.0 3.196637838783866e-7
1649.0 3.2024496831720355e-7
1650.0000000000002 3.20830212585284e-7
1651.0 3.214194738636293e-7
1652.0 3.220127080901993e-7
1652.9999999999998 3.226098699367432e-7
1654.0 3.232109127856881e-7
1655.0 3.2381578870655917e-7
1655.9999999999998 3.2442444843141255e-7
1657.0 3.250368413306866e-7
1658.0 3.256529153877415e-7
1659.0 3.2627261717379394e-7
1660.0 3.268958918219727e-7
1661.0000000000002 3.2752268300123397e-7
1662.0 3.28152932889585e-7
1663.0 3.2878658214755754e-7
1664.0000000000002 3.294235698904349e-7
1665.0 3.300638336613002e-7
1666.0 3.307073094024942e-7
1666.9999999999998 3.313539314280913e-7
1668.0 3.320036323950023e-7
1669.0 3.3265634327451013e-7
1670.0 3.3331199332329886e-7
1671.0 3.3397051005434364e-7
1672.0000000000002 3.346318192077803e-7
1673.0 3.35295844721387e-7
1674.0 3.3596250870099726e-7
1675.0000000000002 3.366317313910841e-7
1676.0 3.3730343114492955e-7
1677.0 3.3797752439503963e-7
1677.9999999999998 3.386539256236555e-7
1679.0 3.393325473329015e-7
1680.0 3.4001330001549874e-7
1681.0 3.406960921252982e-7
1682.0 3.41380830048371e-7
1683.0000000000002 3.420674180738296e-7
1684.0 3.4275575836546486e-7
1685.0 3.43445750933119e-7
1686.0000000000002 3.4413729360512434e-7
1687.0 3.448302820006213e-7
1688.0 3.4552460950261075e-7
1688.9999999999998 3.462201672316296e-7
1690.0 3.469168440197021e-7
1691.0 3.47614526385511e-7
1692.0 3.4831309850976506e-7
1693.0 3.4901244221161466e-7
1694.0000000000002 3.4971243692600534e-7
1695.0 3.504129596818059e-7
1696.0 3.5111388508122494e-7
1697.0000000000002 3.518150852799094e-7
1698.0 3.5251642996849784e-7
1699.0 3.5321778635534043e-7
1699.9999999999998 3.539190191506794e-7
1701.0 3.5461999055203874e-7
1702.0 3.553205602310915e-7
1703.0 3.5602058532213403e-7
1704.0 3.5671992041277923e-7
1705.0000000000002 3.5741841753514087e-7
1706.0 3.5811592616042367e-7
1707.0 3.58812293193952e-7
1708.0000000000002 3.595073629733891e-7
1709.0 3.6020097726859595e-7
1710.0 3.6089297528335893e-7
1710.9999999999998 3.6158319366022886e-7
1712.0 3.622714664872695e-7
1713.0 3.629576253071361e-7
1714.0 3.636414991294068e-7
1715.0 3.64322914444853e-7
1716.0 3.650016952431083e-7
1717.0 3.656776630331445e-7
1718.0 3.663506368662927e-7
1719.0000000000002 3.670204333629145e-7
1720.0 3.6768686674181705e-7
1721.0 3.683497488535663e-7
1721.9999999999998 3.690088892163364e-7
1723.0 3.6966409505584136e-7
1724.0 3.7031517134871473e-7
1725.0 3.709619208692297e-7
1726.0 3.716041442402307e-7
1727.0 3.7224163998743265e-7
1728.0 3.7287420459771317e-7
1729.0 3.735016325814737e-7
1730.0000000000002 3.741237165391106e-7
1731.0 3.747402472311358e-7
1732.0 3.753510136527925e-7
1732.9999999999998 3.759558031129445e-7
1734.0 3.7655440131679154e-7
1735.0 3.771465924533803e-7
1736.0 3.777321592870375e-7
1737.0 3.783108832532665e-7
1738.0 3.7888254455909953e-7
1739.0 3.794469222878381e-7
1740.0 3.800037945079522e-7
1741.0000000000002 3.8055293838647913e-7
1742.0 3.810941303071768e-7
1743.0 3.816271459922786e-7
1743.9999999999998 3.821517606290779e-7
1745.0 3.8266774900078293e-7
1746.0 3.8317488562128844e-7
1747.0 3.836729448745184e-7
1748.0 3.841617011573325e-7
1749.0 3.846409290269242e-7
1750.0 3.851104033519747e-7
1751.0 3.855698994673198e-7
1752.0000000000002 3.860191933325417e-7
1753.0 3.8645806169443863e-7
1754.0 3.868862822519808e-7
1754.9999999999998 3.8730363382565667e-7
1756.0 3.877098965286805e-7
1757.0 3.8810485194224036e-7
1758.0 3.884882832926564e-7
1759.0 3.888599756312956e-7
1760.0 3.8921971601690123e-7
1761.0 3.895672936997816e-7
1762.0 3.899025003078525e-7
1763.0000000000002 3.9022513003428767e-7
1764.0 3.9053497982645063e-7
1765.0 3.9083184957586715e-7
1765.9999999999998 3.9111554230885976e-7
1767.0 3.9138586437777954e-7
1768.0 3.9164262565229374e-7
1769.0 3.918856397104205e-7
1770.0 3.9211472402936205e-7
1771.0 3.9232970017517027e-7
1772.0 3.925303939916933e-7
1773.0 3.927166357877248e-7
1774.0000000000002 3.9288826052232055e-7
1775.0 3.9304510798837895e-7
1776.0 3.931870229932068e-7
1776.9999999999998 3.9331385553655067e-7
1778.0 3.934254609852624e-7
1779.0 3.9352170024455865e-7
1780.0 3.936024399252906e-7
1781.0 3.9366755250680466e-7
1782.0 3.9371691649553036e-7
1783.0 3.937504165783963e-7
1784.0 3.937679437710991e-7
1785.0000000000002 3.937693955605647e-7
1786.0 3.937546760416826e-7
1787.0 3.9372369604789444e-7
1787.9999999999998 3.936763732749246e-7
1789.0 3.9361263239800057e-7
1790.0 3.9353240518179354e-7
1791.0 3.9343563058302436e-7
1792.0 3.933222548454874e-7
1793.0 3.931922315870286e-7
1794.0 3.9304552187906545e-7
1795.0 3.928820943168092e-7
1796.0000000000002 3.927019250820336e-7
1797.0 3.925049979963173e-7
1798.0 3.9229130456643057e-7
1798.9999999999998 3.920608440199356e-7
1800.0 3.918136233322356e-7
1801.0 3.9154965724470126e-7
1802.0 3.9126896827284704e-7
1803.0 3.909715867062406e-7
1804.0 3.906575505983197e-7
1805.0 3.903269057475541e-7
1806.0 3.8997970566917894e-7
1807.0000000000002 3.89616011557551e-7
1808.0 3.892358922397088e-7
1809.0 3.888394241193817e-7
1809.9999999999998 3.8842669111288287e-7
1811.0 3.8799778457496167e-7
1812.0 3.875528032174203e-7
1813.0 3.8709185301803027e-7
1814.0 3.8661504712175075e-7
1815.0 3.8612250573355123e-7
1816.0 3.856143560034972e-7
1817.0 3.850907319041939e-7
1818.0000000000002 3.845517741006498e-7
1819.0 3.8399762981290506e-7
1820.0 3.8342845267227987e-7
1820.9999999999998 3.828444025707339e-7
1822.0 3.822456455036516e-7
1823.0 3.8163235340750524e-7
1824.0 3.810047039911275e-7
1825.0 3.803628805623183e-7
1826.0 3.797070718489316e-7
1827.0 3.7903747181598095e-7
1828.0 3.7835427947838113e-7
1829.0000000000002 3.7765769870929715e-7
1830.0 3.7694793804603204e-7
1831.0 3.7622521049205543e-7
1831.9999999999998 3.754897333162745e-7
1833.0 3.7474172785064083e-7
1834.0 3.739814192849642e-7
1835.0 3.732090364601292e-7
1836.0 3.724248116611352e-7
1837.0 3.716289804076481e-7
1838.0 3.708217812451765e-7
1839.0 3.700034555353589e-7
1840.0000000000002 3.6917424724667475e-7
1841.0 3.683344027456092e-7
1842.0 3.674841705887088e-7
1842.9999999999998 3.6662380131503454e-7
1844.0 3.657535472409667e-7
1845.0 3.648736622560356e-7
1846.0 3.639844016210843e-7
1847.0 3.6308602176805985e-7
1848.0 3.6217878010314765e-7
1849.0 3.612629348122606e-7
1850.0 3.6033874466890124e-7
1851.0000000000002 3.594064688459884e-7
1852.0 3.5846636673134525e-7
1853.0 3.575186977450881e-7
1853.9999999999998 3.5656372116336164e-7
1855.0 3.5560169594288366e-7
1856.0 3.5463288055287303e-7
1857.0 3.536575328082343e-7
1858.0 3.526759097094413e-7
1859.0 3.516882672847067e-7
1860.0 3.506948604389116e-7
1861.0 3.4969594280514517e-7
1862.0000000000002 3.486917666025161e-7
1863.0 3.4768258249788755e-7
1864.0 3.466686394724021e-7
1864.9999999999998 3.456501846932812e-7
1866.0 3.4462746339056365e-7
1867.0 3.436007187379079e-7
1868.0 3.425701917397457e-7
1869.0 3.415361211218015e-7
1870.0 3.4049874322708334e-7
1871.0 3.394582919178052e-7
1872.0 3.384149984804764e-7
1873.0000000000002 3.3736909153620896e-7
1874.0 3.3632079695715984e-7
1875.0 3.3527033778583536e-7
1875.9999999999998 3.342179341597961e-7
1877.0 3.331638032416376e-7
1878.0 3.321081591520022e-7
1878.9999999999998 3.3105121290838814e-7
1880.0 3.299931723675599e-7
1881.0 3.289342421720671e-7
1882.0 3.278746237024199e-7
1883.0 3.268145150303606e-7
1884.0000000000002 3.2575411087994944e-7
1885.0 3.246936025891554e-7
1886.0 3.236331780771162e-7
1886.9999999999998 3.2257302181467106e-7
1888.0 3.21513314798522e-7
1889.0 3.2045423452817236e-7
1889.9999999999998 3.193959549875101e-7
1891.0 3.1833864662812177e-7
1892.0 3.1728247635770845e-7
1893.0 3.162276075293951e-7
1894.0 3.1517419993560826e-7
1895.0000000000002 3.141224098039127e-7
1896.0 3.130723897960412e-7
1897.0 3.1202428900925024e-7
1897.9999999999998 3.109782529806627e-7
1899.0 3.0993442369303476e-7
1900.0 3.0889293958429733e-7
1900.9999999999998 3.07853935558186e-7
1902.0 3.0681754299690047e-7
1903.0 3.0578388977746004e-7
1904.0 3.0475310028778923e-7
1905.0 3.037252954458085e-7
1906.0000000000002 3.027005927207453e-7
1907.0 3.016791061548796e-7
1908.0 3.0066094638839397e-7
1908.9999999999998 2.9964622068430554e-7
1910.0 2.986350329554509e-7
1911.0 2.9762748379356455e-7
1911.9999999999998 2.9662367049792466e-7
1913.0 2.9562368710742705e-7
1914.0 2.9462762443198987e-7
1915.0 2.9363557008589237e-7
1916.0 2.926476085217365e-7
1917.0000000000002 2.9166382106633406e-7
1918.0 2.906842859562854e-7
1919.0 2.897090783751396e-7
1919.9999999999998 2.8873827049114396e-7
1921.0 2.8777193149570703e-7
1922.0 2.868101276432193e-7
1922.9999999999998 2.858529222900323e-7
1924.0 2.849003759358421e-7
1925.0 2.8395254626432e-7
1926.0 2.830094881852752e-7
1927.0 2.820712538759914e-7
1928.0000000000002 2.8113789282439167e-7
1929.0 2.802094518720763e-7
1930.0 2.7928597525719e-7
1931.0000000000002 2.7836750465908467e-7
1932.0 2.774540792408919e-7
1933.0 2.7654573569525863e-7
1933.9999999999998 2.7564250828805917e-7
1935.0 2.7474442890353376e-7
1936.0 2.7385152708910137e-7
1937.0 2.7296383010015847e-7
1938.0 2.720813629461879e-7
1939.0000000000002 2.7120414843536144e-7
1940.0 2.703322072198757e-7
1941.0 2.694655578421058e-7
1942.0000000000002 2.686042167794432e-7
1943.0 2.6774819849041585e-7
1944.0 2.668975154598601e-7
1944.9999999999998 2.6605217824409964e-7
1946.0 2.6521219551702266e-7
1947.0 2.6437757411469517e-7
1948.0 2.6354831908090265e-7
1949.0 2.6272443371235466e-7
1950.0000000000002 2.6190591960325767e-7
1951.0 2.6109277669044507e-7
1952.0 2.602850032973884e-7
1953.0000000000002 2.594825961790672e-7
1954.0 2.586855505654124e-7
1955.0 2.578938602062257e-7
1955.9999999999998 2.571075174135468e-7
1957.0 2.563265131053476e-7
1958.0 2.5555083684901013e-7
1959.0 2.547804769031325e-7
1960.0 2.540154202603947e-7
1961.0000000000002 2.5325565268885906e-7
1962.0 2.5250115877421314e-7
1963.0 2.5175192196042974e-7
1964.0000000000002 2.5100792458997614e-7
1965.0 2.5026914794520465e-7
1966.0 2.4953557228708967e-7
1966.9999999999998 2.488071768950741e-7
1968.0 2.4808394010542975e-7
1969.0 2.473658393501121e-7
1970.0 2.466528511940294e-7
1971.0 2.459449513727004e-7
1972.0 2.452421148288257e-7
1973.0 2.4454431574806564e-7
1974.0 2.438515275952706e-7
1975.0000000000002 2.4316372314876447e-7
1976.0 2.424808745351601e-7
1977.0 2.4180295326319053e-7
1977.9999999999998 2.411299302566643e-7
1979.0 2.404617758867552e-7
1980.0 2.397984600048007e-7
1981.0 2.391399519722081e-7
1982.0 2.3848622069241535e-7
1983.0 2.3783723463994617e-7
1984.0 2.3719296188989894e-7
1985.0 2.3655337014685892e-7
1986.0000000000002 2.3591842677251702e-7
1987.0 2.3528809881294627e-7
1988.0 2.346623530255144e-7
1988.9999999999998 2.3404115590451666e-7
1990.0 2.33424473706335e-7
1991.0 2.328122724743035e-7
1992.0 2.3220451806246146e-7
1993.0 2.3160117615841744e-7
1994.0 2.3100221230634833e-7
1995.0 2.304075919285149e-7
1996.0 2.2981728034672683e-7
1997.0000000000002 2.2923124280224563e-7
1998.0 2.286494444762763e-7
1999.0 2.2807185050875154e-7
1999.9999999999998 2.2749842601669446e-7
