0.0 1.1627670541667383e-5
1.0 1.1627897918086305e-5
2.0 1.1628580105471529e-5
3.0 1.1629717279177023e-5
4.0 1.1631309730377557e-5
5.0 1.1633357867685112e-5
6.0 1.1635862217421022e-5
7.0 1.1638823422546242e-5
8.0 1.164224224456577e-5
9.0 1.164611956323861e-5
10.0 1.165045637800584e-5
10.999999999999998 1.1655253807104034e-5
12.0 1.1660513089890514e-5
13.000000000000002 1.1666235587423598e-5
14.0 1.1672422782299468e-5
14.999999999999998 1.167907628085318e-5
16.0 1.1686197813556743e-5
17.0 1.1693789237023832e-5
18.0 1.170185253381329e-5
19.0 1.1710389815164751e-5
20.0 1.1719403322337573e-5
21.0 1.1728895427200915e-5
21.999999999999996 1.173886863459946e-5
23.0 1.1749325584108314e-5
24.0 1.1760269051760727e-5
25.0 1.1771701952036265e-5
26.000000000000004 1.1783627339750743e-5
27.0 1.1796048412253566e-5
28.0 1.180896851181629e-5
29.0 1.1822391128195778e-5
29.999999999999996 1.1836319900702458e-5
31.0 1.1850758621413714e-5
32.0 1.1865711237512383e-5
33.0 1.1881181854058754e-5
34.0 1.1897174737411425e-5
35.0 1.191369431866993e-5
36.0 1.1930745195043106e-5
37.0 1.1948332136887995e-5
38.0 1.1966460087678939e-5
39.0 1.1985134169939706e-5
40.0 1.2004359688451643e-5
41.0 1.202414213427572e-5
42.0 1.2044487189837062e-5
43.0 1.2065400732007651e-5
43.99999999999999 1.208688883811092e-5
45.0 1.2108957789627537e-5
46.0 1.2131614078338924e-5
47.0 1.2154864410824924e-5
48.0 1.2178715713891127e-5
49.0 1.2203175141124676e-5
50.0 1.2228250077955874e-5
51.0 1.2253948148004218e-5
52.00000000000001 1.2280277220693549e-5
53.0 1.2307245415721522e-5
54.0 1.2334861111994696e-5
55.0 1.2363132955019876e-5
56.0 1.2392069862480475e-5
57.0 1.2421681034916815e-5
58.0 1.2451975961317686e-5
59.0 1.2482964430305204e-5
59.99999999999999 1.251465653730604e-5
61.0 1.2547062694540054e-5
62.0 1.2580193640519567e-5
63.0 1.2614060450956896e-5
64.0 1.2648674549073967e-5
65.0 1.2684047716048637e-5
66.0 1.272019210318152e-5
67.0 1.275712024439713e-5
68.0 1.2794845068108886e-5
69.0 1.2833379910264242e-5
70.0 1.2872738529463008e-5
71.0 1.2912935119638585e-5
72.0 1.2953984325826274e-5
73.0 1.2995901260475733e-5
74.0 1.3038701518176656e-5
75.0 1.3082401194282888e-5
76.0 1.312701690322006e-5
77.0 1.317256579511093e-5
78.0 1.3219065577051205e-5
79.0 1.3266534534460573e-5
80.0 1.3314991549942395e-5
81.0 1.336445612816264e-5
82.0 1.3414948418408347e-5
83.00000000000001 1.3466489239511766e-5
84.0 1.3519100106316222e-5
85.0 1.3572803255978225e-5
86.0 1.3627621676771667e-5
87.0 1.368357913949224e-5
87.99999999999999 1.374070022601706e-5
89.0 1.3799010364767507e-5
90.0 1.3858535865695621e-5
91.0 1.3919303953695436e-5
92.0 1.398134281055037e-5
92.99999999999999 1.4044681613937865e-5
94.0 1.4109350578495382e-5
95.0 1.4175381003188869e-5
96.0 1.4242805316313626e-5
97.0 1.4311657125696938e-5
98.0 1.4381971271741486e-5
99.00000000000001 1.4453783882168896e-5
100.0 1.4527132429525426e-5
101.0 1.4602055794339935e-5
102.0 1.467859432767477e-5
103.0 1.4756789921807328e-5
104.00000000000001 1.4836686083003838e-5
105.0 1.491832800572798e-5
106.0 1.5001762655978217e-5
107.0 1.508703885811871e-5
108.0 1.5174207382734328e-5
108.99999999999999 1.5263321046051115e-5
110.0 1.535443481190323e-5
111.0 1.5447605898909793e-5
112.0 1.5542893898057308e-5
113.0 1.5640360894560123e-5
114.0 1.5740071596826634e-5
115.00000000000001 1.5842093478337784e-5
116.0 1.5946496922765702e-5
117.0 1.605335538226178e-5
118.0 1.6162745544823562e-5
119.0 1.6274747514383184e-5
119.99999999999999 1.6389445001362543e-5
121.0 1.6506925525776167e-5
122.0 1.6627280635876857e-5
123.0 1.6750606143216932e-5
124.0 1.6877002369816387e-5
124.99999999999999 1.7006574418774227e-5
126.0 1.7139432458491147e-5
127.0 1.7275692032381317e-5
128.0 1.7415474391850274e-5
129.0 1.7558906847486268e-5
130.0 1.7706123155610292e-5
131.0 1.785726393042288e-5
132.0 1.801247708622458e-5
133.0 1.8171918319873614e-5
134.0 1.8335751627721048e-5
135.0 1.850414986418456e-5
136.0 1.8677295351503828e-5
137.0 1.885538053331306e-5
138.0 1.9038608688611253e-5
139.0 1.9227194703110264e-5
140.0 1.942136591362075e-5
141.0 1.962136302042093e-5
142.0 1.9827441083724258e-5
143.0 2.0039870614278697e-5
144.0 2.025893875623021e-5
145.0 2.0484950594594274e-5
146.0 2.0718230571146798e-5
147.0 2.09591240503417e-5
148.0 2.1207999031947957e-5
149.0 2.1465248039663338e-5
150.0 2.1731290196598206e-5
151.0 2.2006573523512755e-5
152.0 2.2291577468911858e-5
153.0 2.258681572099682e-5
154.0 2.2892839316605756e-5
155.0 2.3210240103612587e-5
156.0 2.3539654589045328e-5
157.0 2.388176823525196e-5
158.0 2.4237320262581217e-5
159.0 2.460710902270266e-5
160.0 2.4991998036636752e-5
161.0 2.53929227785862e-5
162.0 2.5810898333118253e-5
163.0 2.6247028052868427e-5
164.0 2.670251335186141e-5
164.99999999999997 2.7178664858220402e-5
166.00000000000003 2.7676915098276517e-5
167.0 2.8198833010079037e-5
168.0 2.8746140553524988e-5
169.0 2.932073183435564e-5
170.0 2.992469514479279e-5
171.0 3.056033847489891e-5
172.0 3.123021916752006e-5
173.0 3.1937178474501395e-5
174.0 3.268438204268134e-5
174.99999999999997 3.347536748677968e-5
175.99999999999997 3.431410059649504e-5
177.00000000000003 3.520504202886551e-5
178.0 3.6153226808437365e-5
179.0 3.716435967231675e-5
180.0 3.824492996418527e-5
181.0 3.940235099855212e-5
182.0 4.064513007783416e-5
183.0 4.198307742940606e-5
184.0 4.342756471018866e-5
185.0 4.499184736149556e-5
185.99999999999997 4.6691469976374086e-5
187.00000000000003 4.8544780503493374e-5
188.0 5.0573588945684374e-5
189.0 5.280401982720957e-5
190.0 5.5267628104363684e-5
191.0 5.800287789436317e-5
192.0 6.105712834321622e-5
193.0 6.448934024222308e-5
194.0 6.837382463402489e-5
195.0 7.280552794558257e-5
196.0 7.790763096558056e-5
196.99999999999997 8.38427155454892e-5
198.00000000000003 9.082957462834307e-5
199.0 9.916920372452149e-5
200.0 0.00010928618917202487
201.0 0.0001217967450954698
202.0 0.00013762430117267389
203.0 0.00015820184159429196
204.0 0.0001858312740331781
205.0 0.00022429372408431944
206.0 0.00027958222479652824
206.99999999999997 0.00035840953905526545
208.00000000000003 0.00045013759310788624
209.00000000000003 0.000480515689099615
210.0 0.00040621202427602377
211.0 0.0003128998508894334
212.0 0.0002433693483096288
213.0 0.00019550470756413385
214.0 0.00016191479037039813
215.0 0.00013746627642959014
216.0 0.00011903555212435072
217.0 0.00010471679597413673
217.99999999999997 9.331006331893577e-5
219.00000000000003 8.40320792117555e-5
220.0 7.635376558649105e-5
221.0 6.990661387189084e-5
222.0 6.442691601976739e-5
223.0 5.972141419648766e-5
224.0 5.564546419337366e-5
225.0 5.2088745799817154e-5
226.0 4.8965662966895374e-5
227.0 4.620874121556189e-5
228.0 4.3763991799956725e-5
228.99999999999997 4.1587599237580496e-5
230.00000000000003 3.964352101811243e-5
231.0 3.7901730161710176e-5
232.0 3.6336919354705766e-5
233.0 3.4927541073507944e-5
234.0 3.365509362645436e-5
235.0 3.250358673735024e-5
236.0 3.1459136997838304e-5
237.0 3.0509655824169164e-5
238.0 2.9644602448318364e-5
238.99999999999997 2.8854782268089012e-5
239.99999999999997 2.81321771246229e-5
241.00000000000003 2.7469798765678753e-5
242.0 2.6861560101463557e-5
243.0 2.6302161032175214e-5
244.0 2.5786986966003797e-5
245.0 2.5312018818863308e-5
246.0 2.487375362711507e-5
247.0 2.446913495764086e-5
248.0 2.409549232798612e-5
249.0 2.375048881391835e-5
249.99999999999997 2.3432075989093153e-5
251.00000000000003 2.3138455369674888e-5
252.0 2.2868045562049215e-5
253.0 2.2619454345553047e-5
254.0 2.2391455032185098e-5
255.0 2.2182966464363643e-5
256.0 2.1993036127714743e-5
257.0 2.1820825909159468e-5
258.0 2.1665600101899234e-5
259.0 2.1526715314102422e-5
260.0 2.1403612003239304e-5
261.0 2.129580739435481e-5
262.0 2.120288958755845e-5
263.0 2.1124512694545384e-5
264.0 2.1060392871687783e-5
265.0 2.1010305143873914e-5
266.0 2.0974080938103407e-5
267.0 2.0951606258708464e-5
268.0 2.0942820457206057e-5
269.0 2.0947715563813157e-5
270.0 2.0966336155114133e-5
271.0 2.099877975190196e-5
272.0 2.104519774601286e-5
273.0 2.1105796868362354e-5
274.0 2.1180841221254548e-5
275.0 2.1270654908565487e-5
276.0 2.137562530986337e-5
277.0 2.1496207058114976e-5
278.0 2.1632926795075023e-5
279.0 2.1786388796370174e-5
280.0 2.1957281576759434e-5
281.0 2.2146385613533246e-5
282.0 2.235458234810705e-5
283.0 2.2582864665575185e-5
284.0 2.2832349087032627e-5
285.0 2.3104289968251045e-5
286.0 2.3400096043878735e-5
287.0 2.3721349749558537e-5
288.0 2.4069829831464103e-5
289.0 2.4447537876936653e-5
290.0 2.4856729544504276e-5
291.0 2.529995144479745e-5
292.0 2.5780084863950588e-5
293.0 2.63003978088667e-5
294.0 2.686460722084001e-5
295.0 2.747695368933402e-5
296.0 2.8142291612806615e-5
297.0 2.886619855195521e-5
298.0 2.965510855259463e-5
299.0 3.0516475600737304e-5
300.0 3.1458975129685525e-5
301.0 3.249275389037373e-5
302.0 3.362974155156995e-5
303.0 3.48840415568201e-5
304.0 3.627242403647452e-5
305.0 3.7814950622949866e-5
306.0 3.953576973441147e-5
307.0 4.1464131593440675e-5
308.0 4.3635684044687564e-5
309.0 4.609412018432194e-5
310.0 4.8893249484729636e-5
311.0 5.209953598057736e-5
312.0 5.579504442590097e-5
313.0 6.008045187584584e-5
314.0 6.507707614972731e-5
315.0 7.092521200725365e-5
316.0 7.777235103079814e-5
317.0 8.573714911419678e-5
318.0 9.482137260918014e-5
319.0 0.00010472763777784463
320.0 0.00011456392784483073
321.0 0.00012258706111844492
322.0 0.00012650217039842529
323.0 0.0001247567739737415
324.0 0.00011784083991616653
325.0 0.00010788448217017357
326.0 9.710436585380026e-5
327.0 8.689054624658716e-5
328.0 7.782911859843946e-5
329.0 7.003320767688853e-5
329.99999999999994 6.340701974113989e-5
331.0 5.7788147350798416e-5
332.00000000000006 5.3010167994604714e-5
333.0 4.8925381460107354e-5
334.0 4.541020569654362e-5
335.0 4.23639012037815e-5
336.0 3.970522566214937e-5
337.0 3.73688474662542e-5
338.0 3.5302156955361484e-5
339.0 3.346263108568898e-5
340.0 3.181572684731599e-5
340.99999999999994 3.0333223227016826e-5
342.0 2.8991924486114257e-5
343.00000000000006 2.77726474142941e-5
344.0 2.6659429239293862e-5
345.0 2.563890616923991e-5
346.0 2.469982381460157e-5
347.0 2.383264966409937e-5
348.0 2.302926480307843e-5
349.0 2.2282717384040028e-5
349.99999999999994 2.1587024410465547e-5
351.0 2.0937011530940526e-5
351.99999999999994 2.0328182851669274e-5
353.0 1.9756614598178897e-5
354.00000000000006 1.921886779666051e-5
355.0 1.8711916219505407e-5
356.0 1.8233086635986352e-5
357.0 1.7780009018639645e-5
358.0 1.735057486528397e-5
359.0 1.6942902149369902e-5
360.0 1.6555305722975713e-5
360.99999999999994 1.6186272210945673e-5
362.0 1.5834438634982768e-5
363.00000000000006 1.5498574143042408e-5
364.0 1.5177564327048843e-5
365.0 1.487039772166534e-5
366.0 1.4576154134441053e-5
367.0 1.4293994530676375e-5
368.0 1.4023152230553946e-5
369.0 1.3762925230352724e-5
370.0 1.3512669483605664e-5
371.0 1.3271793001768352e-5
371.99999999999994 1.3039750663292209e-5
373.0 1.2816039633201329e-5
374.00000000000006 1.2600195311675576e-5
375.0 1.2391787739069911e-5
376.0 1.2190418400916773e-5
377.0 1.1995717383290871e-5
378.0 1.1807340829602284e-5
379.0 1.162496866646434e-5
380.0 1.1448302564306948e-5
381.0 1.1277064105222145e-5
382.0 1.1110993133584855e-5
382.99999999999994 1.0949846268588592e-5
384.0 1.0793395560599419e-5
385.00000000000006 1.0641427274920928e-5
386.0 1.0493740788701571e-5
387.0 1.0350147592114048e-5
388.0 1.0210470376015284e-5
389.0 1.0074542204242869e-5
390.0 9.942205757250594e-6
391.0 9.813312641462102e-6
392.0 9.687722757978225e-6
393.0 9.565303723920958e-6
393.99999999999994 9.445930342224258e-6
395.0 9.329484114286331e-6
396.00000000000006 9.215852792451428e-6
397.0 9.104929967872434e-6
398.0 8.996614690610983e-6
399.0 8.890811119581973e-6
400.0 8.787428198839058e-6
401.0 8.686379358694882e-6
402.0 8.587582238492085e-6
403.0 8.49095843071707e-6
404.0 8.396433242444264e-6
404.99999999999994 8.303935475820429e-6
406.0 8.213397221637006e-6
407.00000000000006 8.1247536698161e-6
408.0 8.03794293078885e-6
409.0 7.95290587135777e-6
410.0 7.869585959693366e-6
411.0 7.787929121426095e-6
412.0 7.707883606279634e-6
413.0 7.629399861231904e-6
413.99999999999994 7.552430414226875e-6
415.0 7.47692976327781e-6
416.00000000000006 7.402854274197576e-6
417.0 7.330162083711556e-6
418.00000000000006 7.258813009214548e-6
419.0 7.188768463343987e-6
420.0 7.119991374314838e-6
421.0 7.052446111044538e-6
422.0 6.9860984123865465e-6
423.0 6.920915320501969e-6
424.0 6.856865118547159e-6
424.99999999999994 6.793917271706487e-6
426.0 6.732042371151915e-6
427.00000000000006 6.671212082106352e-6
428.0 6.6113990940380295e-6
429.0 6.552577073735088e-6
430.0 6.494720621578572e-6
431.0 6.437805228884993e-6
432.0 6.38180723930501e-6
433.0 6.3267038104291424e-6
434.0 6.272472879338963e-6
435.0 6.219093127802779e-6
435.99999999999994 6.166543951457626e-6
437.0 6.11480542892827e-6
438.00000000000006 6.063858293412333e-6
439.0 6.013683905369204e-6
440.0 5.964264226579637e-6
441.0 5.915581795679988e-6
442.0 5.867619704766468e-6
443.0 5.820361576904125e-6
444.0 5.773791545469619e-6
445.0 5.727894233570945e-6
446.0 5.6826547348441905e-6
446.99999999999994 5.6380585956719065e-6
448.0 5.5940917971698235e-6
449.00000000000006 5.550740738813255e-6
450.0 5.507992222786591e-6
451.0 5.465833438483884e-6
452.0 5.424251948341565e-6
453.0 5.383235674014313e-6
454.0 5.3427728830710245e-6
455.0 5.3028521764727425e-6
456.0 5.263462476647387e-6
457.0 5.224593015747569e-6
457.99999999999994 5.1862333250013325e-6
459.0 5.148373223623277e-6
460.00000000000006 5.1110028093351466e-6
461.0 5.0741124481347685e-6
462.0 5.037692765669105e-6
463.0 5.001734637606699e-6
464.0 4.966229181835325e-6
465.0 4.931167749809724e-6
466.0 4.896541919006444e-6
467.0 4.8623434853588515e-6
468.0 4.828564455953457e-6
468.99999999999994 4.79519704217305e-6
470.0 4.762233653171414e-6
471.00000000000006 4.729666889250144e-6
472.0 4.697489535933916e-6
473.0 4.665694557965126e-6
474.0 4.634275093776188e-6
475.0 4.603224449805943e-6
476.0 4.572536095416423e-6
477.0 4.5422036579336644e-6
477.99999999999994 4.512220917484413e-6
479.0 4.4825818027117964e-6
479.99999999999994 4.453280385996438e-6
481.0 4.4243108791210125e-6
482.00000000000006 4.3956676293223565e-6
483.0 4.367345115068051e-6
484.0 4.339337942115162e-6
485.0 4.311640840058296e-6
486.0 4.284248658413437e-6
487.0 4.257156363353812e-6
488.0 4.230359034137692e-6
488.99999999999994 4.203851860181682e-6
490.0 4.177630137577811e-6
491.00000000000006 4.151689266363696e-6
492.0 4.126024747385826e-6
493.0 4.100632179607954e-6
494.0 4.075507257388206e-6
495.0 4.050645767830108e-6
496.0 4.026043588194544e-6
497.0 4.00169668347342e-6
498.0 3.977601104069444e-6
499.0 3.95375298340651e-6
499.99999999999994 3.9301485357399005e-6
501.0 3.90678405404812e-6
502.00000000000006 3.883655907913337e-6
503.0 3.860760541468394e-6
504.0 3.83809447153223e-6
505.0 3.815654285686342e-6
506.0 3.7934366403495225e-6
507.0 3.771438259250313e-6
508.0 3.749655931373299e-6
509.0 3.7280865096279847e-6
510.0 3.7067269090107456e-6
510.99999999999994 3.6855741051142308e-6
512.0 3.6646251326605e-6
513.0 3.6438770839919344e-6
514.0 3.6233271075932533e-6
515.0 3.60297240682571e-6
516.0 3.5828102384420613e-6
517.0 3.562837911459646e-6
518.0 3.5430527857885328e-6
519.0 3.5234522709288518e-6
520.0 3.504033825012476e-6
521.0 3.4847949534363425e-6
522.0 3.4657332078518797e-6
523.0 3.4468461849917502e-6
524.0 3.4281315257564383e-6
525.0 3.409586914025717e-6
526.0 3.391210075719212e-6
527.0 3.3729987778972504e-6
528.0 3.354950827702461e-6
529.0 3.3370640715460343e-6
530.0 3.319336394099821e-6
531.0 3.3017657175685356e-6
532.0 3.2843500007609576e-6
533.0 3.267087238221282e-6
534.0 3.249975459595055e-6
535.0 3.2330127286719587e-6
536.0 3.216197142779028e-6
537.0 3.199526831898539e-6
538.0 3.182999958132779e-6
539.0 3.1666147148403347e-6
540.0 3.1503693260213684e-6
541.0 3.1342620457251856e-6
542.0 3.1182911572842146e-6
543.0 3.1024549727891993e-6
544.0 3.0867518323985697e-6
545.0 3.0711801038302412e-6
546.0 3.055738181737474e-6
547.0 3.0404244870813466e-6
548.0 3.025237466726886e-6
549.0 3.010175592777725e-6
550.0 2.995237362131308e-6
551.0 2.9804212958847244e-6
552.0 2.965725939005036e-6
553.0 2.9511498595919203e-6
554.0 2.9366916486511553e-6
555.0 2.9223499195167272e-6
556.0 2.908123307379569e-6
557.0 2.8940104689311374e-6
558.0 2.8800100818501903e-6
559.0 2.866120844436987e-6
560.0 2.8523414752158947e-6
561.0 2.8386707125122483e-6
562.0 2.8251073140331752e-6
563.0 2.8116500566047898e-6
564.0 2.798297735626419e-6
565.0 2.7850491648904913e-6
566.0 2.7719031760986634e-6
567.0 2.75885861857224e-6
568.0 2.745914358931091e-6
569.0 2.7330692807262847e-6
570.0 2.7203222841305205e-6
571.0 2.7076722856410643e-6
572.0 2.695118217774427e-6
573.0 2.682659028729343e-6
574.0 2.6702936821411303e-6
575.0 2.658021156777872e-6
576.0 2.6458404462363003e-6
577.0 2.6337505587027507e-6
578.0 2.6217505166788106e-6
579.0 2.6098393567308493e-6
580.0 2.598016129179905e-6
581.0 2.586279897937671e-6
582.0 2.574629740154873e-6
583.0 2.5630647461143625e-6
584.0 2.5515840188793626e-6
585.0 2.540186674135158e-6
586.0 2.528871839913884e-6
587.0 2.5176386564672165e-6
588.0 2.506486275896955e-6
589.0 2.4954138621105784e-6
590.0 2.4844205905341075e-6
591.0 2.473505647903879e-6
592.0 2.462668232072777e-6
593.0 2.4519075518681484e-6
594.0 2.4412228268396985e-6
595.0 2.4306132871182323e-6
596.0 2.420078173227837e-6
597.0 2.4096167358697262e-6
598.0 2.399228235804595e-6
599.0 2.3889119436504475e-6
600.0 2.378667139744427e-6
601.0 2.3684931139242825e-6
602.0 2.358389165447709e-6
603.0 2.3483546027376205e-6
604.0 2.338388743346665e-6
605.0 2.3284909137059823e-6
606.0 2.3186604490392243e-6
607.0 2.308896693175021e-6
608.0 2.299198998449611e-6
609.0 2.2895667255289212e-6
610.0 2.279999243321166e-6
611.0 2.2704959287664007e-6
612.0 2.261056166815303e-6
613.0 2.2516793501770466e-6
614.0 2.242364879300889e-6
615.0 2.2331121621887017e-6
616.0 2.2239206142946383e-6
617.0 2.2147896584302346e-6
618.0 2.2057187245954134e-6
619.0 2.1967072499071426e-6
620.0 2.1877546784896543e-6
621.0 2.1788604613216193e-6
622.0 2.170024056197657e-6
623.0 2.161244927541174e-6
624.0 2.1525225463793102e-6
625.0 2.143856390173245e-6
626.0 2.1352459427990522e-6
627.0 2.126690694346219e-6
628.0 2.1181901411254426e-6
629.0 2.109743785499077e-6
630.0 2.101351135825697e-6
631.0 2.093011706369045e-6
632.0 2.084725017183015e-6
633.0 2.0764905940611e-6
634.0 2.0683079684252765e-6
635.0 2.0601766772414944e-6
636.0 2.0520962629515666e-6
637.0 2.044066273379184e-6
638.0 2.036086261672796e-6
639.0 2.02815578618721e-6
640.0 2.020274410438851e-6
641.0 2.0124417030239094e-6
642.0 2.004657237542168e-6
643.0 1.996920592519134e-6
644.0 1.989231351342936e-6
645.0 1.9815891021735734e-6
646.0 1.973993437920696e-6
647.0 1.9664439561178394e-6
648.0 1.9589402589014583e-6
649.0 1.9514819529122016e-6
650.0 1.9440686492488916e-6
651.0 1.936699963405537e-6
652.0 1.929375515214023e-6
653.0000000000001 1.9220949287528916e-6
654.0 1.9148578323195254e-6
655.0 1.9076638583701758e-6
656.0 1.9005126434276172e-6
657.0 1.893403828072368e-6
658.0 1.8863370568578544e-6
659.0 1.8793119782438028e-6
659.9999999999999 1.8723282445692388e-6
661.0 1.8653855119868874e-6
662.0 1.8584834404115967e-6
663.0 1.851621693478287e-6
664.0000000000001 1.84479993846181e-6
665.0 1.8380178462709906e-6
666.0 1.8312750913448147e-6
667.0 1.824571351665096e-6
668.0 1.8179063086633998e-6
669.0 1.8112796471978177e-6
670.0 1.8046910554875497e-6
670.9999999999999 1.7981402250878971e-6
672.0 1.7916268508342245e-6
673.0 1.7851506308067304e-6
674.0 1.7787112662727774e-6
675.0000000000001 1.7723084616568229e-6
676.0 1.7659419245030587e-6
677.0 1.7596113654127548e-6
678.0 1.7533164980306117e-6
679.0 1.7470570389836979e-6
680.0 1.7408327078597248e-6
681.0 1.7346432271528019e-6
681.9999999999999 1.7284883222338254e-6
683.0 1.7223677213172629e-6
684.0 1.716281155404014e-6
685.0 1.7102283582936408e-6
686.0000000000001 1.7042090664700768e-6
687.0 1.6982230191541715e-6
688.0 1.6922699582015466e-6
688.9999999999999 1.6863496281023077e-6
690.0 1.680461775941988e-6
691.0 1.6746061513676877e-6
692.0 1.6687825065484427e-6
692.9999999999999 1.6629905961559377e-6
694.0 1.657230177320467e-6
695.0 1.651501009607024e-6
696.0 1.645802854987094e-6
697.0000000000001 1.6401354778048662e-6
698.0 1.6344986447495415e-6
699.0 1.628892124823328e-6
699.9999999999999 1.623315689313995e-6
701.0 1.6177691117606376e-6
702.0 1.6122521679489702e-6
703.0 1.6067646358577532e-6
703.9999999999999 1.6013062956299252e-6
705.0 1.5958769295762845e-6
706.0 1.5904763221226274e-6
707.0 1.5851042597899914e-6
708.0000000000001 1.5797605311682186e-6
709.0 1.5744449269048311e-6
710.0 1.5691572396615738e-6
710.9999999999999 1.563897264090738e-6
712.0 1.5586647968294767e-6
713.0 1.553459636461227e-6
714.0 1.54828158349351e-6
715.0000000000001 1.5431304403339571e-6
716.0 1.538006011282997e-6
717.0 1.532908102491604e-6
718.0 1.5278365219409924e-6
719.0000000000001 1.5227910794372312e-6
720.0 1.5177715865777463e-6
721.0 1.5127778567308171e-6
721.9999999999999 1.5078097050096127e-6
723.0 1.502866948273827e-6
724.0 1.49794940508558e-6
725.0 1.4930568956880965e-6
726.0000000000001 1.4881892420124058e-6
727.0 1.4833462676345739e-6
728.0 1.478527797763108e-6
729.0 1.4737336592200301e-6
730.0 1.468963680422814e-6
731.0 1.4642176913670664e-6
732.0 1.4594955236089145e-6
732.9999999999999 1.4547970102466096e-6
734.0 1.4501219859029849e-6
735.0 1.445470286692374e-6
736.0 1.4408417502432654e-6
737.0000000000001 1.4362362156383711e-6
738.0 1.4316535234238693e-6
739.0 1.4270935155847265e-6
740.0 1.4225560355220088e-6
741.0 1.4180409280642894e-6
742.0 1.4135480394044387e-6
743.0 1.4090772171327436e-6
743.9999999999999 1.4046283101909397e-6
745.0 1.4002011688687913e-6
746.0 1.395795644788828e-6
747.0 1.3914115908835886e-6
748.0000000000001 1.3870488613939812e-6
749.0 1.382707311843125e-6
750.0 1.3783867990340675e-6
751.0 1.374087181020869e-6
752.0 1.3698083171072636e-6
753.0 1.3655500678317276e-6
754.0 1.3613122949447383e-6
754.9999999999999 1.3570948614063564e-6
756.0 1.3528976313709587e-6
757.0 1.3487204701609441e-6
758.0 1.3445632442812654e-6
759.0000000000001 1.340425821382972e-6
760.0 1.3363080702515032e-6
761.0 1.332209860818843e-6
762.0 1.3281310641177792e-6
763.0 1.3240715523000835e-6
764.0 1.3200311985984177e-6
765.0 1.3160098773350402e-6
765.9999999999999 1.3120074639013974e-6
767.0 1.3080238347509558e-6
768.0 1.304058867377703e-6
769.0 1.3001124403248897e-6
770.0000000000001 1.2961844331473813e-6
771.0 1.2922747264281414e-6
772.0 1.2883832017456052e-6
773.0 1.2845097416768897e-6
774.0 1.2806542297857012e-6
775.0 1.276816550604416e-6
776.0 1.2729965896276363e-6
776.9999999999999 1.2691942333104331e-6
778.0 1.2654093690494241e-6
779.0 1.2616418851717034e-6
780.0 1.2578916709331325e-6
781.0000000000001 1.2541586164974396e-6
782.0 1.250442612943858e-6
783.0 1.2467435522418168e-6
784.0 1.2430613272500632e-6
785.0 1.2393958317031339e-6
786.0 1.2357469602058552e-6
787.0 1.2321146082251978e-6
787.9999999999999 1.228498672079045e-6
789.0 1.224899048926159e-6
790.0 1.2213156367631615e-6
791.0 1.217748334409441e-6
792.0000000000001 1.2141970415078252e-6
793.0 1.2106616585046541e-6
794.0 1.207142086650533e-6
795.0 1.2036382279927913e-6
796.0 1.2001499853600706e-6
797.0 1.1966772623573772e-6
798.0 1.1932199633689006e-6
798.9999999999999 1.1897779935319195e-6
800.0 1.1863512587415945e-6
801.0 1.1829396656423025e-6
802.0 1.1795431216204317e-6
803.0000000000001 1.1761615347915572e-6
804.0 1.1727948139961477e-6
805.0 1.1694428687981874e-6
806.0 1.166105609473215e-6
807.0 1.1627829469956424e-6
808.0 1.159474793042117e-6
809.0 1.1561810599834898e-6
809.9999999999999 1.1529016608670838e-6
811.0 1.1496365094241786e-6
812.0 1.146385520056781e-6
813.0 1.1431486078294296e-6
814.0000000000001 1.139925688466106e-6
815.0 1.1367166783442064e-6
816.0 1.1335214944864812e-6
816.9999999999999 1.1303400545540936e-6
818.0 1.1271722768434271e-6
819.0 1.1240180802769492e-6
820.0 1.1208773844022357e-6
820.9999999999999 1.117750109378702e-6
822.0 1.1146361759783797e-6
823.0 1.1115355055722923e-6
824.0 1.1084480201390205e-6
825.0000000000001 1.105373642241907e-6
826.0 1.10231229503823e-6
827.0 1.0992639022603376e-6
827.9999999999999 1.0962283882196685e-6
829.0 1.0932056777996193e-6
830.0 1.090195696450761e-6
831.0 1.0871983701807828e-6
832.0000000000001 1.084213625552253e-6
833.0 1.081241389681686e-6
834.0 1.0782815902245506e-6
835.0 1.0753341553863379e-6
836.0000000000001 1.072399013893597e-6
837.0 1.0694760950158458e-6
838.0 1.066565328538242e-6
838.9999999999999 1.0636666447721275e-6
840.0 1.060779974541012e-6
841.0 1.057905249183461e-6
842.0 1.0550424005397825e-6
843.0000000000001 1.052191360954945e-6
844.0 1.0493520632660375e-6
845.0 1.0465244408111238e-6
846.0 1.043708427409994e-6
847.0000000000001 1.0409039573648494e-6
848.0 1.038110965464144e-6
849.0 1.035329386964367e-6
849.9999999999999 1.0325591575960715e-6
851.0 1.0298002135585982e-6
852.0 1.0270524915072796e-6
853.0 1.024315928560811e-6
854.0000000000001 1.0215904622910177e-6
855.0 1.0188760307181916e-6
856.0 1.016172572309967e-6
857.0 1.0134800259752858e-6
858.0 1.0107983310638374e-6
859.0 1.0081274273551802e-6
860.0 1.0054672550628275e-6
860.9999999999999 1.0028177548277445e-6
862.0 1.0001788677097802e-6
863.0 9.975505351898792e-7
864.0 9.949326991653676e-7
865.0000000000001 9.923253019471933e-7
866.0 9.897282862508602e-7
867.0 9.871415951973435e-7
868.0 9.84565172311513e-7
869.0 9.819989615116054e-7
870.0 9.794429071179176e-7
871.0 9.768969538305236e-7
871.9999999999999 9.743610467475384e-7
873.0 9.718351313434058e-7
874.0 9.693191534783677e-7
875.0 9.668130593872184e-7
876.0000000000001 9.64316795682889e-7
877.0 9.61830309344463e-7
878.0 9.593535477240002e-7
879.0 9.568864585333213e-7
880.0 9.54428989849487e-7
881.0 9.519810901056937e-7
882.0 9.495427080933231e-7
882.9999999999999 9.471137929564161e-7
884.0 9.446942941854004e-7
885.0 9.422841616211116e-7
886.0 9.398833454445647e-7
887.0000000000001 9.3749179617818e-7
888.0 9.351094646845282e-7
889.0 9.327363021590115e-7
890.0 9.303722601322141e-7
891.0 9.280172904608108e-7
892.0 9.256713453310441e-7
893.0 9.233343772498252e-7
893.9999999999999 9.210063390481411e-7
895.0 9.18687183873651e-7
896.0 9.163768651921278e-7
897.0 9.140753367831465e-7
898.0000000000001 9.11782552733369e-7
899.0 9.094984674424114e-7
900.0 9.072230356111954e-7
901.0 9.049562122448213e-7
902.0 9.026979526513191e-7
903.0 9.004482124342441e-7
904.0 8.98206947496664e-7
904.9999999999999 8.959741140299147e-7
906.0 8.937496685211479e-7
907.0 8.915335677414164e-7
908.0 8.893257687516048e-7
909.0000000000001 8.871262288934483e-7
910.0 8.849349057950623e-7
911.0 8.827517573568082e-7
912.0 8.805767417648901e-7
913.0 8.784098174713067e-7
914.0 8.762509432068534e-7
915.0 8.741000779696328e-7
915.9999999999999 8.719571810272649e-7
917.0 8.698222119146946e-7
918.0 8.676951304275997e-7
919.0 8.655758966248796e-7
920.0000000000001 8.634644708257783e-7
921.0 8.613608136084514e-7
922.0 8.592648858037124e-7
923.0 8.571766484971869e-7
924.0 8.550960630267793e-7
925.0 8.530230909794475e-7
926.0 8.509576941885331e-7
926.9999999999999 8.48899834735266e-7
928.0 8.468494749436828e-7
929.0 8.448065773790708e-7
930.0 8.427711048459846e-7
931.0000000000001 8.407430203902875e-7
932.0 8.387222872898029e-7
933.0 8.367088690582727e-7
934.0 8.347027294438559e-7
935.0 8.327038324211679e-7
936.0 8.307121421977983e-7
937.0 8.287276232077267e-7
937.9999999999999 8.267502401063361e-7
939.0 8.247799577776948e-7
940.0 8.228167413247146e-7
941.0 8.208605560722387e-7
942.0000000000001 8.189113675609032e-7
943.0 8.169691415505737e-7
944.0 8.150338440146369e-7
944.9999999999999 8.131054411413529e-7
946.0 8.111838993297136e-7
947.0 8.092691851882978e-7
948.0 8.073612655358602e-7
948.9999999999999 8.054601073977434e-7
950.0 8.035656780036552e-7
951.0 8.016779447866773e-7
952.0 7.997968753855708e-7
953.0000000000001 7.979224376355832e-7
954.0 7.960545995730996e-7
955.0 7.941933294335398e-7
955.9999999999999 7.923385956447892e-7
957.0 7.904903668335789e-7
958.0 7.88648611819141e-7
959.0 7.868132996087171e-7
959.9999999999999 7.849843994048576e-7
961.0 7.83161880595847e-7
962.0 7.813457127600634e-7
963.0 7.79535865658928e-7
964.0000000000001 7.777323092412158e-7
965.0 7.759350136369598e-7
966.0 7.741439491607979e-7
966.9999999999999 7.723590863055678e-7
968.0 7.705803957443932e-7
969.0 7.688078483285904e-7
970.0 7.670414150860821e-7
971.0000000000001 7.652810672201002e-7
972.0 7.635267761078928e-7
973.0 7.617785132976306e-7
974.0 7.600362505132244e-7
975.0000000000001 7.582999596449462e-7
976.0 7.565696127547133e-7
977.0 7.548451820699177e-7
977.9999999999999 7.531266399852291e-7
979.0 7.514139590615818e-7
980.0 7.497071120241877e-7
981.0 7.480060717592257e-7
982.0000000000001 7.463108113159808e-7
983.0 7.446213039036577e-7
984.0 7.429375228930802e-7
985.0 7.41259441809746e-7
986.0 7.395870343398897e-7
987.0 7.379202743209256e-7
988.0 7.362591357505446e-7
988.9999999999999 7.346035927765725e-7
990.0 7.329536197013681e-7
991.0 7.313091909767906e-7
992.0 7.296702812070454e-7
993.0000000000001 7.280368651439654e-7
994.0 7.26408917689999e-7
995.0 7.247864138922382e-7
996.0 7.231693289456879e-7
997.0 7.215576381896876e-7
998.0 7.199513171085661e-7
999.0 7.183503413283799e-7
999.9999999999999 7.167546866183915e-7
1001.0 7.151643288871935e-7
1002.0 7.135792441862487e-7
1003.0 7.119994087044869e-7
1004.0000000000001 7.104247987670169e-7
1005.0 7.088553908396448e-7
1006.0 7.072911615218139e-7
1007.0 7.057320875484421e-7
1008.0 7.041781457906379e-7
1009.0 7.02629313250039e-7
1010.0 7.01085567061585e-7
1010.9999999999999 6.995468844932734e-7
1012.0 6.980132429409092e-7
1013.0 6.964846199305748e-7
1014.0 6.949609931185406e-7
1015.0000000000001 6.934423402880357e-7
1016.0 6.919286393481762e-7
1017.0 6.904198683347889e-7
1018.0 6.889160054086189e-7
1019.0 6.874170288563944e-7
1020.0 6.859229170846676e-7
1021.0 6.844336486264235e-7
1021.9999999999999 6.829492021316861e-7
1023.0 6.81469556376053e-7
1024.0 6.799946902528938e-7
1025.0 6.785245827727075e-7
1026.0 6.770592130687384e-7
1027.0 6.755985603874105e-7
1028.0 6.741426040954421e-7
1029.0 6.726913236711434e-7
1030.0 6.712446987124331e-7
1031.0 6.698027089284274e-7
1032.0 6.683653341433689e-7
1033.0 6.669325542925553e-7
1034.0 6.655043494242678e-7
1035.0 6.640806996974288e-7
1036.0 6.626615853821797e-7
1037.0 6.612469868567378e-7
1038.0 6.598368846088915e-7
1039.0 6.584312592351838e-7
1040.0 6.570300914378784e-7
1041.0 6.556333620270877e-7
1042.0 6.542410519174828e-7
1043.0 6.528531421305866e-7
1044.0 6.514696137905281e-7
1045.0 6.500904481256455e-7
1046.0 6.487156264676246e-7
1047.0 6.473451302491706e-7
1048.0 6.45978941005098e-7
1049.0 6.446170403707488e-7
1050.0 6.432594100819659e-7
1051.0 6.419060319730126e-7
1052.0 6.405568879774477e-7
1053.0 6.392119601264077e-7
1054.0 6.378712305467589e-7
1055.0 6.365346814661278e-7
1056.0 6.352022952017572e-7
1057.0 6.338740541715341e-7
1058.0 6.325499408843744e-7
1059.0 6.312299379439017e-7
1060.0 6.299140280477515e-7
1061.0 6.286021939828398e-7
1062.0 6.272944186327818e-7
1063.0 6.259906849662163e-7
1064.0 6.246909760471796e-7
1065.0 6.233952750262133e-7
1066.0 6.221035651437826e-7
1067.0 6.208158297287675e-7
1068.0 6.195320521978755e-7
1069.0 6.182522160539259e-7
1070.0 6.169763048867014e-7
1071.0 6.157043023709551e-7
1072.0 6.144361922663239e-7
1073.0 6.131719584170045e-7
1074.0 6.119115847515492e-7
1075.0 6.106550552784654e-7
1076.0 6.094023540931845e-7
1077.0 6.081534653671276e-7
1078.0 6.06908373357275e-7
1079.0 6.056670623977331e-7
1080.0 6.044295169030979e-7
1081.0 6.031957213675907e-7
1082.0 6.019656603605078e-7
1083.0 6.007393185333844e-7
1084.0 5.9951668060909e-7
1085.0 5.982977313901543e-7
1086.0 5.970824557527878e-7
1087.0 5.958708386480372e-7
1088.0 5.946628651011154e-7
1089.0 5.934585202094975e-7
1090.0 5.922577891435527e-7
1091.0 5.910606571450436e-7
1092.0 5.898671095271851e-7
1093.0 5.886771316724468e-7
1094.0 5.874907090330179e-7
1095.0 5.863078271300199e-7
1096.0 5.851284715511176e-7
1097.0 5.839526279524928e-7
1098.0 5.827802820552426e-7
1099.0 5.816114196471091e-7
1100.0 5.80446026579053e-7
1101.0 5.79284088766404e-7
1102.0 5.781255921878736e-7
1103.0 5.769705228829183e-7
1104.0 5.758188669529206e-7
1105.0 5.746706105598702e-7
1106.0 5.735257399228946e-7
1107.0 5.723842413227134e-7
1108.0 5.712461010954729e-7
1109.0 5.701113056329224e-7
1110.0 5.689798413851003e-7
1111.0 5.678516948535422e-7
1112.0 5.667268525955687e-7
1113.0 5.65605301218392e-7
1114.0 5.64487027383823e-7
1115.0 5.63372017799896e-7
1116.0 5.622602592263673e-7
1117.0 5.611517384712292e-7
1118.0 5.600464423876051e-7
1119.0 5.589443578740046e-7
1120.0 5.578454718748946e-7
1121.0 5.567497713760171e-7
1122.0 5.556572434053247e-7
1123.0 5.545678750320008e-7
1124.0 5.534816533628914e-7
1125.0 5.523985655422792e-7
1126.0 5.513185987512473e-7
1127.0 5.502417402055406e-7
1128.0 5.491679771528119e-7
1129.0 5.480972968726417e-7
1130.0 5.470296866751361e-7
1131.0 5.459651338966312e-7
1132.0 5.44903625901021e-7
1133.0 5.43845150076736e-7
1134.0 5.427896938336468e-7
1135.0 5.417372446041778e-7
1136.0 5.406877898385805e-7
1137.0 5.396413170026885e-7
1138.0 5.385978135790343e-7
1139.0 5.375572670620003e-7
1140.0 5.365196649546635e-7
1141.0 5.3548499477044e-7
1142.0 5.344532440270591e-7
1143.0 5.334244002458315e-7
1144.0 5.323984509490651e-7
1145.0 5.313753836563993e-7
1146.0 5.303551858836787e-7
1147.0 5.293378451392157e-7
1148.0 5.283233489220445e-7
1149.0 5.273116847169157e-7
1150.0 5.263028399939947e-7
1151.0 5.25296802202994e-7
1152.0 5.242935587734598e-7
1153.0 5.232930971079659e-7
1154.0 5.222954045818139e-7
1155.0 5.213004685366999e-7
1156.0 5.203082762798934e-7
1157.0 5.193188150789118e-7
1158.0 5.183320721596703e-7
1159.0 5.17348034700101e-7
1160.0 5.163666898283787e-7
1161.0 5.153880246185524e-7
1162.0 5.144120260868135e-7
1163.0 5.134386811858995e-7
1164.0 5.124679768032734e-7
1165.0 5.114998997545443e-7
1166.0 5.105344367815234e-7
1167.0 5.095715745464787e-7
1168.0 5.08611299627742e-7
1169.0 5.076535985157617e-7
1170.0 5.066984576088582e-7
1171.0 5.057458632084351e-7
1172.0 5.047958015146079e-7
1173.0 5.038482586214565e-7
1174.0 5.029032205133372e-7
1175.0 5.019606730604302e-7
1176.0 5.010206020127375e-7
1177.0 5.000829929992065e-7
1178.0 4.991478315210098e-7
1179.0 4.982151029474771e-7
1180.0 4.972847925135643e-7
1181.0 4.963568853171521e-7
1182.0 4.954313663122024e-7
1183.0 4.945082203097757e-7
1184.0 4.935874319717674e-7
1185.0 4.926689858112385e-7
1186.0 4.917528661876287e-7
1187.0 4.908390573082595e-7
1188.0 4.89927543224751e-7
1189.0 4.890183078335568e-7
1190.0 4.88111334875613e-7
1191.0 4.872066079374576e-7
1192.0 4.863041104523973e-7
1193.0 4.854038257034511e-7
1194.0 4.845057368252077e-7
1195.0 4.836098268093894e-7
1196.0 4.827160785096857e-7
1197.0 4.818244746465085e-7
1198.0 4.809349978181128e-7
1199.0 4.800476305044471e-7
1200.0 4.791623550822573e-7
1201.0 4.782791538335042e-7
1202.0 4.773980089594581e-7
1203.0 4.765189025963031e-7
1204.0 4.7564181683139647e-7
1205.0 4.747667337206909e-7
1206.0 4.7389363531055973e-7
1207.0 4.7302250365849523e-7
1208.0 4.721533208593792e-7
1209.0 4.7128606907072986e-7
1210.0 4.7042073054001156e-7
1211.0 4.6955728763856044e-7
1212.0 4.686957228919179e-7
1213.0 4.678360190155196e-7
1214.0 4.6697815895327153e-7
1215.0 4.6612212591547996e-7
1216.0 4.652679034211265e-7
1217.0 4.64415475342882e-7
1218.0 4.6356482595019614e-7
1219.0 4.6271593995883017e-7
1220.0 4.618688025795543e-7
1221.0 4.6102339956902263e-7
1222.0 4.601797172801218e-7
1223.0 4.5933774271679697e-7
1224.0 4.584974635869355e-7
1225.0 4.576588683553857e-7
1226.0 4.5682194629906203e-7
1227.0 4.559866875599773e-7
1228.0 4.5515308319836295e-7
1229.0 4.5432112524299264e-7
1230.0 4.534908067422515e-7
1231.0 4.5266212181106083e-7
1232.0 4.518350656745773e-7
1233.0 4.5100963471053497e-7
1234.0 4.5018582648631103e-7
1235.0 4.4936363979230023e-7
1236.0 4.4854307466831466e-7
1237.0 4.4772413242735993e-7
1238.0 4.469068156719003e-7
1239.0 4.460911283026226e-7
1240.0 4.452770755236393e-7
1241.0 4.444646638345222e-7
1242.0 4.436539010217859e-7
1243.0 4.4284479613640327e-7
1244.0 4.4203735946719876e-7
1245.0 4.4123160250416235e-7
1246.0 4.404275378924433e-7
1247.0 4.396251793831164e-7
1248.0 4.388245417678e-7
1249.0 4.3802564081490104e-7
1250.0 4.372284931906192e-7
1251.0 4.3643311637759005e-7
1252.0 4.3563952858641127e-7
1253.0 4.34847748659926e-7
1254.0 4.340577959740396e-7
1255.0 4.3326969033431083e-7
1256.0 4.324834518684056e-7
1257.0 4.3169910091608736e-7
1258.0 4.3091665791891777e-7
1259.0 4.301361433084743e-7
1260.0 4.293575773939683e-7
1261.0 4.2858098025343114e-7
1262.0 4.278063716258828e-7
1263.0 4.270337708070144e-7
1264.0 4.262631965477098e-7
1265.0 4.2549466695931073e-7
1266.0 4.247281994239849e-7
1267.0 4.239638105095786e-7
1268.0 4.232015158936402e-7
1269.0 4.224413302932392e-7
1270.0 4.216832674028144e-7
1271.0 4.2092733983960297e-7
1272.0 4.2017355909740135e-7
1273.0 4.194219355096443e-7
1274.0 4.186724782175723e-7
1275.0 4.1792519514967604e-7
1276.0 4.1718009300796084e-7
1277.0 4.164371772616009e-7
1278.0 4.156964521468526e-7
1279.0 4.149579206773182e-7
1280.0 4.1422158465558014e-7
1281.0 4.134874446976912e-7
1282.0 4.127555002560772e-7
1283.0 4.1202574965318496e-7
1284.0 4.1129819011512997e-7
1285.0 4.1057281781466126e-7
1286.0 4.098496279112446e-7
1287.0 4.091286145986186e-7
1288.0 4.0840977115410203e-7
1289.0 4.076930899875816e-7
1290.0 4.069785626943769e-7
1291.0 4.062661801067668e-7
1292.0 4.0555593234803546e-7
1293.0 4.048478088858526e-7
1294.0 4.0414179858506877e-7
1295.0 4.0343788975876866e-7
1296.0 4.0273607022308736e-7
1297.0 4.0203632734298353e-7
1298.0 4.0133864808550484e-7
1299.0 4.0064301906426096e-7
1300.0 3.999494265861825e-7
1301.0 3.992578566953716e-7
1302.0 3.985682952143398e-7
1303.0 3.9788072778376107e-7
1304.0 3.971951399006083e-7
1305.0 3.965115169530468e-7
1306.0000000000002 3.9582984425370694e-7
1307.0 3.951501070707408e-7
1308.0 3.9447229065657426e-7
1308.9999999999998 3.937963802761077e-7
1310.0 3.9312236122932083e-7
1311.0 3.924502188757081e-7
1312.0 3.9177993865401475e-7
1313.0 3.911115061016233e-7
1314.0 3.904449068720582e-7
1315.0 3.8978012675004717e-7
1316.0 3.8911715166467323e-7
1317.0000000000002 3.8845596770235205e-7
1318.0 3.8779656111767266e-7
1319.0 3.871389183427433e-7
1319.9999999999998 3.86483025994302e-7
1321.0 3.858288708816503e-7
1322.0 3.8517644001235076e-7
1323.0 3.84525720595988e-7
1324.0 3.8387670004928494e-7
1325.0 3.8322936599796056e-7
1326.0 3.8258370627834246e-7
1327.0 3.819397089408131e-7
1328.0000000000002 3.8129736224785255e-7
1329.0 3.806566546747333e-7
1330.0 3.800175749104627e-7
1330.9999999999998 3.7938011185489646e-7
1332.0 3.7874425461712336e-7
1333.0 3.7810999251532104e-7
1334.0 3.774773150725132e-7
1335.0 3.7684621201520314e-7
1336.0 3.7621667327000755e-7
1337.0 3.75588688960032e-7
1338.0 3.7496224940226365e-7
1339.0000000000002 3.743373451042502e-7
1340.0 3.737139667590281e-7
1341.0 3.730921052432099e-7
1341.9999999999998 3.724717516122683e-7
1343.0 3.7185289709512996e-7
1344.0 3.712355330933695e-7
1345.0 3.706196511744931e-7
1346.0 3.7000524306825944e-7
1347.0 3.6939230066438245e-7
1348.0 3.68780816006405e-7
1349.0 3.6817078128865117e-7
1350.0000000000002 3.6756218885261515e-7
1351.0 3.6695503118158637e-7
1352.0 3.6634930089869497e-7
1352.9999999999998 3.657449907615638e-7
1354.0 3.6514209365896603e-7
1355.0 3.6454060260739057e-7
1356.0 3.639405107469993e-7
1357.0 3.6334181133897896e-7
1358.0 3.62744497760541e-7
1359.0 3.6214856350260476e-7
1360.0 3.615540021664685e-7
1361.0000000000002 3.60960807460299e-7
1362.0 3.603689731959942e-7
1363.0 3.59778493286153e-7
1363.9999999999998 3.591893617409079e-7
1365.0 3.586015726660566e-7
1366.0 3.580151202589747e-7
1366.9999999999998 3.57429998806066e-7
1368.0 3.568462026813857e-7
1369.0 3.562637263425482e-7
1370.0 3.5568256432949656e-7
1371.0 3.5510271126155264e-7
1372.0000000000002 3.5452416183475164e-7
1373.0 3.539469108203847e-7
1374.0 3.5337095306294753e-7
1374.9999999999998 3.5279628347713826e-7
1376.0 3.522228970464773e-7
1377.0 3.5165078882184076e-7
1377.9999999999998 3.5107995391908954e-7
1379.0 3.5051038751704935e-7
1380.0 3.499420848563928e-7
1381.0 3.4937504123770527e-7
1382.0 3.488092520206011e-7
1383.0000000000002 3.4824471262053045e-7
1384.0 3.476814185096174e-7
1385.0 3.4711936521274617e-7
1385.9999999999998 3.465585483090769e-7
1387.0 3.45998963428502e-7
1388.0 3.4544060625085635e-7
1388.9999999999998 3.4488347250617016e-7
1390.0 3.443275579715336e-7
1391.0 3.437728584719783e-7
1392.0 3.4321936987729697e-7
1393.0 3.426670881034858e-7
1394.0000000000002 3.4211600911014634e-7
1395.0 3.415661288995304e-7
1396.0 3.410174435174224e-7
1396.9999999999998 3.4046994905031037e-7
1398.0 3.3992364162572787e-7
1399.0 3.3937851741159785e-7
1399.9999999999998 3.3883457261482446e-7
1401.0 3.3829180348127313e-7
1402.0 3.3775020629533707e-7
1403.0 3.3720977737840024e-7
1404.0 3.366705130893004e-7
1405.0000000000002 3.361324098233051e-7
1406.0 3.355954640120167e-7
1407.0 3.3505967212220744e-7
1407.9999999999998 3.345250306560922e-7
1409.0 3.3399153615093455e-7
1410.0 3.334591851779175e-7
1410.9999999999998 3.329279743428012e-7
1412.0 3.3239790028480243e-7
1413.0 3.3186895967701147e-7
1414.0 3.3134114922551393e-7
1415.0 3.3081446566943394e-7
1416.0000000000002 3.3028890578094985e-7
1417.0 3.297644663642816e-7
1418.0 3.292411442567407e-7
1419.0000000000002 3.2871893632734133e-7
1420.0 3.2819783947793144e-7
1421.0 3.276778506418827e-7
1421.9999999999998 3.271589667847229e-7
1423.0 3.2664118490407175e-7
1424.0 3.2612450202893346e-7
1425.0 3.2560891522070846e-7
1426.0 3.250944215721745e-7
1427.0000000000002 3.245810182084669e-7
1428.0 3.2406870228618386e-7
1429.0 3.2355747099396537e-7
1430.0000000000002 3.2304732155261763e-7
1431.0 3.225382512146039e-7
1432.0 3.220302572650408e-7
1432.9999999999998 3.2152333702091114e-7
1434.0 3.2101748783215364e-7
1435.0 3.205127070807687e-7
1436.0 3.2000899218184354e-7
1437.0 3.195063405832746e-7
1438.0000000000002 3.1900474976589863e-7
1439.0 3.1850421724428594e-7
1440.0 3.1800474056622184e-7
1441.0000000000002 3.1750631731372986e-7
1442.0 3.1700894510251453e-7
1443.0 3.1651262158280584e-7
1443.9999999999998 3.160173444397546e-7
1445.0 3.155231113930399e-7
1446.0 3.1502992019796765e-7
1447.0 3.145377686453415e-7
1448.0 3.1404665456227023e-7
1449.0000000000002 3.135565758118418e-7
1450.0 3.1306753029409304e-7
1451.0 3.1257951594651305e-7
1452.0000000000002 3.1209253074372834e-7
1453.0 3.116065726987283e-7
1454.0 3.1112163986310806e-7
1454.9999999999998 3.1063773032679093e-7
1456.0 3.101548422200832e-7
1457.0 3.0967297371283813e-7
1458.0 3.09192123014919e-7
1459.0 3.0871228837818216e-7
1460.0 3.082334680952366e-7
1461.0 3.077556605015183e-7
1462.0 3.0727886397451584e-7
1463.0000000000002 3.068030769354193e-7
1464.0 3.063282978493624e-7
1465.0 3.0585452522606526e-7
1465.9999999999998 3.053817576209017e-7
1467.0 3.049099936345634e-7
1468.0 3.044392319143634e-7
1469.0 3.03969471155622e-7
1470.0 3.0350071010101404e-7
1471.0 3.0303294754232415e-7
1472.0 3.025661823212323e-7
1473.0 3.021004133292987e-7
1474.0000000000002 3.0163563950927586e-7
1475.0 3.011718598561951e-7
1476.0 3.0070907341793286e-7
1476.9999999999998 3.0024727929573063e-7
1478.0 2.997864766455707e-7
1479.0 2.993266646792281e-7
1480.0 2.98867842664212e-7
1481.0 2.9841000992584986e-7
1482.0 2.979531658477717e-7
1483.0 2.974973098724525e-7
1484.0 2.970424415033418e-7
1485.0000000000002 2.9658856030482445e-7
1486.0 2.9613566590321834e-7
1487.0 2.956837579890386e-7
1487.9999999999998 2.9523283631680297e-7
1489.0 2.947829007068869e-7
1490.0 2.94333951046215e-7
1491.0 2.938859872896615e-7
1492.0 2.934390094611953e-7
1493.0 2.929930176551856e-7
1494.0 2.925480120372098e-7
1495.0 2.921039928458179e-7
1496.0000000000002 2.916609603933204e-7
1497.0 2.912189150676721e-7
1498.0 2.907778573329522e-7
1498.9999999999998 2.9033778773161355e-7
1500.0 2.8989870688462357e-7
1501.0 2.894606154946557e-7
1502.0 2.890235143454846e-7
1503.0 2.8858740430501045e-7
1504.0 2.881522863254522e-7
1505.0 2.877181614456537e-7
1506.0 2.872850307923245e-7
1507.0000000000002 2.868528955816707e-7
1508.0 2.8642175712049585e-7
1509.0 2.859916168079818e-7
1509.9999999999998 2.8556247613755e-7
1511.0 2.8513433669833617e-7
1512.0 2.847072001761582e-7
1513.0 2.8428106835602913e-7
1514.0 2.838559431235301e-7
1515.0 2.834318264659475e-7
1516.0 2.8300872047477145e-7
1517.0 2.8258662734692033e-7
1518.0000000000002 2.821655493865024e-7
1519.0 2.817454890065852e-7
1520.0 2.813264487310461e-7
1520.9999999999998 2.8090843119647503e-7
1522.0 2.8049143915317143e-7
1523.0 2.800754754679718e-7
1524.0 2.796605431253102e-7
1525.0 2.792466452295927e-7
1526.0 2.7883378500633626e-7
1527.0 2.784219658047243e-7
1528.0 2.7801119109841805e-7
1529.0000000000002 2.776014644890149e-7
1530.0 2.7719278970601383e-7
1531.0 2.767851706101786e-7
1531.9999999999998 2.763786111941543e-7
1533.0 2.7597311558517697e-7
1534.0 2.7556868804637455e-7
1535.0 2.751653329791578e-7
1536.0 2.747630549240926e-7
1537.0 2.743618585633157e-7
1538.0 2.73961748722357e-7
1539.0 2.735627303712588e-7
1540.0000000000002 2.7316480862722336e-7
1541.0 2.7276798875546644e-7
1542.0 2.723722761707587e-7
1542.9999999999998 2.7197767643999673e-7
1544.0 2.7158419528299664e-7
1545.0 2.7119183857363134e-7
1546.0 2.70800612342609e-7
1547.0 2.704105227774641e-7
1548.0 2.700215762247337e-7
1549.0 2.696337791911396e-7
1550.0 2.692471383442882e-7
1551.0000000000002 2.6886166051416575e-7
1552.0 2.684773526943748e-7
1553.0 2.680942220422544e-7
1553.9999999999998 2.6771227588052394e-7
1555.0 2.673315216974046e-7
1556.0 2.6695196714785255e-7
1557.0 2.665736200530213e-7
1558.0 2.6619648840126127e-7
1559.0 2.658205803482733e-7
1560.0 2.654459042165449e-7
1561.0 2.65072468496175e-7
1562.0000000000002 2.64700281842906e-7
1563.0 2.643293530793596e-7
1564.0 2.639596911927282e-7
1564.9999999999998 2.635913053348173e-7
1566.0 2.632242048201452e-7
1567.0 2.62858399125003e-7
1568.0 2.6249389788499433e-7
1569.0 2.621307108937536e-7
1570.0 2.6176884809964284e-7
1571.0 2.6140831960450264e-7
1572.0 2.610491356592183e-7
1573.0000000000002 2.6069130666092976e-7
1574.0 2.60334843149797e-7
1575.0 2.5997975580407825e-7
1575.9999999999998 2.596260554362942e-7
1577.0 2.592737529875624e-7
1578.0 2.5892285952303346e-7
1579.0 2.585733862255819e-7
1580.0 2.582253443889401e-7
1581.0 2.5787874541200967e-7
1582.0 2.5753360079043303e-7
1583.0 2.5718992210886054e-7
1584.0000000000002 2.5684772103276526e-7
1585.0 2.565070092987125e-7
1586.0 2.561677987047116e-7
1586.9999999999998 2.5583010110021065e-7
1588.0 2.554939283740671e-7
1589.0 2.551592924433709e-7
1590.0 2.548262052406748e-7
1591.0 2.5449467870080025e-7
1592.0 2.5416472474616226e-7
1593.0 2.53836355272574e-7
1594.0 2.535095821331551e-7
1595.0000000000002 2.531844171218516e-7
1596.0 2.528608719559507e-7
1597.0 2.5253895825813995e-7
1597.9999999999998 2.522186875370808e-7
1599.0 2.5190007116748395e-7
1600.0 2.515831203690616e-7
1601.0 2.51267846185236e-7
1602.0 2.509542594596214e-7
1603.0 2.506423708129575e-7
1604.0 2.5033219061854363e-7
1605.0 2.5002372897686805e-7
1606.0000000000002 2.497169956887686e-7
1607.0 2.494120002290783e-7
1608.0 2.4910875171816695e-7
1608.9999999999998 2.4880725889322337e-7
1610.0 2.4850753007860723e-7
1611.0 2.482095731558402e-7
1612.0 2.4791339553230926e-7
1613.0 2.476190041096935e-7
1614.0 2.4732640525166917e-7
1615.0 2.4703560475160723e-7
1616.0 2.467466077986717e-7
1617.0000000000002 2.4645941894482947e-7
1618.0 2.461740420709284e-7
1619.0 2.458904803528707e-7
1619.9999999999998 2.456087362269397e-7
1621.0 2.4532881135672143e-7
1622.0 2.45050706598164e-7
1622.9999999999998 2.4477442196720944e-7
1624.0 2.4449995660579516e-7
1625.0 2.4422730874950164e-7
1626.0 2.4395647569543347e-7
1627.0 2.4368745377198017e-7
1628.0000000000002 2.434202383077494e-7
1629.0 2.43154823603179e-7
1630.0 2.428912029032676e-7
1630.9999999999998 2.426293683710226e-7
1632.0 2.423693110635585e-7
1633.0 2.4211102090908074e-7
1633.9999999999998 2.4185448668671124e-7
1635.0 2.4159969600821273e-7
1636.0 2.4134663530161604e-7
1637.0 2.410952897981381e-7
1638.0 2.4084564352071283e-7
1639.0000000000002 2.40597679276579e-7
1640.0 2.40351378651486e-7
1641.0 2.4010672200811306e-7
1641.9999999999998 2.3986368848688943e-7
1643.0 2.3962225601049945e-7
1644.0 2.3938240129152634e-7
1644.9999999999998 2.3914409984357007e-7
1646.0 2.3890732599622753e-7
1647.0 2.3867205291309526e-7
1648.0 2.3843825261349736e-7
1649.0 2.3820589599817375e-7
1650.0000000000002 2.3797495287803506e-7
1651.0 2.3774539200640498e-7
1652.0 2.375171811152289e-7
1652.9999999999998 2.3729028695424123e-7
1654.0 2.3706467533361697e-7
1655.0 2.3684031116916046e-7
1655.9999999999998 2.3661715853168043e-7
1657.0 2.3639518069767458e-7
1658.0 2.3617434020451613e-7
1659.0 2.3595459890606108e-7
1660.0 2.3573591803213607e-7
1661.0000000000002 2.3551825824887947e-7
1662.0 2.3530157972167862e-7
1663.0 2.3508584217893312e-7
1664.0000000000002 2.3487100497762761e-7
1665.0 2.346570271688011e-7
1666.0 2.344438675654472e-7
1666.9999999999998 2.342314848083108e-7
1668.0 2.3401983743427675e-7
1669.0 2.3380888394257114e-7
1670.0 2.3359858286160553e-7
1671.0 2.333888928145019e-7
1672.0000000000002 2.331797725834444e-7
1673.0 2.3297118117313835e-7
1674.0 2.3276307787250372e-7
1675.0000000000002 2.3255542231391838e-7
1676.0 2.3234817453165744e-7
1677.0 2.3214129501688054e-7
1677.9999999999998 2.31934744770374e-7
1679.0 2.3172848535368534e-7
1680.0 2.3152247893593015e-7
1681.0 2.313166883390713e-7
1682.0 2.3111107707907386e-7
1683.0000000000002 2.3090560940504232e-7
1684.0 2.3070025033421003e-7
1685.0 2.304949656847576e-7
1686.0000000000002 2.3028972210437987e-7
1687.0 2.3008448709659794e-7
1688.0 2.2987922904332047e-7
1688.9999999999998 2.2967391722465822e-7
1690.0 2.2946852183536926e-7
1691.0 2.292630139985422e-7
1692.0 2.2905736577635055e-7
1693.0 2.2885155017834408e-7
1694.0000000000002 2.2864554116642212e-7
1695.0 2.284393136580395e-7
1696.0 2.282328435264481e-7
1697.0000000000002 2.2802610759917033e-7
1698.0 2.2781908365433602e-7
1699.0 2.2761175041507633e-7
1699.9999999999998 2.274040875416731e-7
1701.0 2.2719607562316243e-7
1702.0 2.269876961667243e-7
1703.0 2.2677893158623524e-7
1704.0 2.265697651889333e-7
1705.0000000000002 2.2636018116256626e-7
1706.0 2.2615016455994895e-7
1707.0 2.259397012846623e-7
1708.0000000000002 2.2572877807458335e-7
1709.0 2.2551738248571096e-7
1710.0 2.253055028762104e-7
1710.9999999999998 2.2509312838887976e-7
1712.0 2.2488024893463954e-7
1713.0 2.246668551755512e-7
1714.0 2.2445293850751738e-7
1715.0 2.242384910438476e-7
1716.0 2.2402350559818742e-7
1717.0 2.2380797566788056e-7
1718.0 2.2359189541780207e-7
1719.0000000000002 2.2337525966405465e-7
1720.0 2.2315806385836806e-7
1721.0 2.2294030407200442e-7
1721.9999999999998 2.227219769808535e-7
1723.0 2.2250307985029825e-7
1724.0 2.2228361052052204e-7
1725.0 2.2206356739191424e-7
1726.0 2.2184294941101835e-7
1727.0 2.216217560564475e-7
1728.0 2.2139998732559871e-7
1729.0 2.2117764372080082e-7
1730.0000000000002 2.2095472623601426e-7
1731.0 2.2073123634432527e-7
1732.0 2.2050717598449414e-7
1732.9999999999998 2.2028254754848368e-7
1734.0 2.2005735386902947e-7
1735.0 2.1983159820667977e-7
1736.0 2.196052842378166e-7
1737.0 2.1937841604235757e-7
1738.0 2.1915099809118833e-7
1739.0 2.189230352342226e-7
1740.0 2.1869453268829157e-7
1741.0000000000002 2.1846549602505912e-7
1742.0 2.182359311585688e-7
1743.0 2.180058443335825e-7
1743.9999999999998 2.1777524211356015e-7
1745.0 2.1754413136812878e-7
1746.0 2.1731251926182914e-7
1747.0 2.1708041324121338e-7
1748.0 2.1684782102374942e-7
1749.0 2.1661475058516422e-7
1750.0 2.1638121014790366e-7
1751.0 2.1614720816911354e-7
1752.0000000000002 2.1591275332897808e-7
1753.0 2.1567785451842372e-7
1754.0 2.1544252082812398e-7
1754.9999999999998 2.1520676153595802e-7
1756.0 2.1497058609649826e-7
1757.0 2.1473400412871583e-7
1758.0 2.1449702540472542e-7
1759.0 2.142596598391333e-7
1760.0 2.1402191747723244e-7
1761.0 2.137838084845733e-7
1762.0 2.1354534313569505e-7
1763.0000000000002 2.1330653180410734e-7
1764.0 2.130673849513724e-7
1765.0 2.1282791311679645e-7
1765.9999999999998 2.1258812690807316e-7
1767.0 2.1234803699050954e-7
1768.0 2.1210765407832108e-7
1769.0 2.1186698892433583e-7
1770.0 2.1162605231181164e-7
1771.0 2.1138485504488212e-7
1772.0 2.1114340793991333e-7
1773.0 2.109017218176862e-7
1774.0000000000002 2.1065980749461356e-7
1775.0 2.1041767577532585e-7
1776.0 2.1017533744459883e-7
1776.9999999999998 2.0993280326075965e-7
1778.0 2.0969008394803268e-7
1779.0 2.0944719018974863e-7
1780.0 2.092041326224697e-7
1781.0 2.0896092182907536e-7
1782.0 2.087175683332394e-7
1783.0 2.0847408259329655e-7
1784.0 2.0823047499760905e-7
1785.0000000000002 2.0798675585873416e-7
1786.0 2.077429354086303e-7
1787.0 2.0749902379464303e-7
1787.9999999999998 2.0725503107428616e-7
1789.0 2.0701096721199595e-7
1790.0 2.0676684207443267e-7
1791.0 2.0652266542779124e-7
1792.0 2.0627844693378537e-7
1793.0 2.060341961465364e-7
1794.0 2.0578992251033796e-7
1795.0 2.055456353560576e-7
1796.0000000000002 2.0530134389951984e-7
1797.0 2.0505705723851723e-7
1798.0 2.0481278435153628e-7
1798.9999999999998 2.0456853409535665e-7
1800.0 2.0432431520341338e-7
1801.0 2.0408013628487325e-7
1802.0 2.0383600582266234e-7
1803.0 2.035919321729718e-7
1804.0 2.0334792356370057e-7
1805.0 2.0310398809418623e-7
1806.0 2.0286013373434888e-7
1807.0000000000002 2.0261636832423424e-7
1808.0 2.0237269957384082e-7
1809.0 2.021291350624168e-7
1809.9999999999998 2.0188568223907515e-7
1811.0 2.0164234842212175e-7
1812.0 2.0139914079973417e-7
1813.0 2.0115606643002828e-7
1814.0 2.0091313224153123e-7
1815.0 2.006703450334454e-7
1816.0 2.004277114762784e-7
1817.0 2.0018523811274165e-7
1818.0000000000002 1.9994293135825912e-7
1819.0 1.9970079750163745e-7
1820.0 1.9945884270623108e-7
1820.9999999999998 1.9921707301092628e-7
1822.0 1.9897549433077596e-7
1823.0 1.987341124584206e-7
1824.0 1.984929330651598e-7
1825.0 1.9825196170214398e-7
1826.0 1.9801120380138953e-7
1827.0 1.9777066467732675e-7
1828.0 1.975303495281038e-7
1829.0000000000002 1.9729026343657242e-7
1830.0 1.9705041137217073e-7
1831.0 1.9681079819206822e-7
1831.9999999999998 1.9657142864247935e-7
1833.0 1.963323073605687e-7
1834.0 1.960934388755086e-7
1835.0 1.958548276099825e-7
1836.0 1.956164778821264e-7
1837.0 1.9537839390662832e-7
1838.0 1.951405797965169e-7
1839.0 1.9490303956455425e-7
1840.0000000000002 1.9466577712489026e-7
1841.0 1.944287962946149e-7
1842.0 1.9419210079539188e-7
1842.9999999999998 1.9395569425484195e-7
1844.0 1.9371958020831743e-7
1845.0 1.93483762100299e-7
1846.0 1.9324824328619768e-7
1847.0 1.9301302703355368e-7
1848.0 1.9277811652391818e-7
1849.0 1.9254351485432e-7
1850.0 1.923092250386488e-7
1851.0000000000002 1.9207525000927005e-7
1852.0 1.9184159261881554e-7
1853.0 1.9160825564104896e-7
1853.9999999999998 1.913752417732703e-7
1855.0 1.9114255363671292e-7
1856.0 1.9091019377905865e-7
1857.0 1.9067816467510976e-7
1858.0 1.904464687288558e-7
1859.0 1.902151082742174e-7
1860.0 1.8998408557715195e-7
1861.0 1.8975340283646528e-7
1862.0000000000002 1.8952306218556928e-7
1863.0 1.8929306569376006e-7
1864.0 1.8906341536741746e-7
1864.9999999999998 1.8883411315137495e-7
1866.0 1.8860516093047349e-7
1867.0 1.8837656053038335e-7
1868.0 1.8814831371943923e-7
1869.0 1.879204222094598e-7
1870.0 1.8769288765695102e-7
1871.0 1.874657116647675e-7
1872.0 1.8723889578295802e-7
1873.0000000000002 1.8701244150977576e-7
1874.0 1.8678635029338896e-7
1875.0 1.865606235325586e-7
1875.9999999999998 1.8633526257784652e-7
1877.0 1.861102687329426e-7
1878.0 1.8588564325542795e-7
1878.9999999999998 1.85661387358053e-7
1880.0 1.8543750220978676e-7
1881.0 1.8521398893655678e-7
1882.0 1.8499084862286888e-7
1883.0 1.8476808231194774e-7
1884.0000000000002 1.845456910075624e-7
1885.0 1.8432367567440127e-7
1886.0 1.841020372391867e-7
1886.9999999999998 1.8388077659169922e-7
1888.0 1.8365989458562395e-7
1889.0 1.8343939203925802e-7
1889.9999999999998 1.8321926973669427e-7
1891.0 1.8299952842825813e-7
1892.0 1.8278016883187225e-7
1893.0 1.8256119163342108e-7
1894.0 1.823425974877829e-7
1895.0000000000002 1.8212438701951164e-7
1896.0 1.8190656082367176e-7
1897.0 1.8168911946656808e-7
1897.9999999999998 1.8147206348656846e-7
1899.0 1.8125539339459505e-7
1900.0 1.8103910967511018e-7
1900.9999999999998 1.8082321278674067e-7
1902.0 1.8060770316264873e-7
1903.0 1.8039258121181084e-7
1904.0 1.8017784731914543e-7
1905.0 1.7996350184623464e-7
1906.0000000000002 1.7974954513218404e-7
1907.0 1.795359774939627e-7
1908.0 1.793227992272947e-7
1908.9999999999998 1.7911001060699742e-7
1910.0 1.7889761188758868e-7
1911.0 1.7868560330402213e-7
1911.9999999999998 1.7847398507189672e-7
1913.0 1.782627573884166e-7
1914.0 1.7805192043265682e-7
1915.0 1.778414743661292e-7
1916.0 1.7763141933316516e-7
1917.0000000000002 1.7742175546165828e-7
1918.0 1.7721248286339428e-7
1919.0 1.7700360163451788e-7
1919.9999999999998 1.7679511185601025e-7
1921.0 1.765870135940857e-7
1922.0 1.7637930690085365e-7
1922.9999999999998 1.7617199181437055e-7
1924.0 1.7596506835938463e-7
1925.0 1.7575853654756672e-7
1926.0 1.7555239637812765e-7
1927.0 1.753466478378672e-7
1928.0000000000002 1.751412909017855e-7
1929.0 1.7493632553350776e-7
1930.0 1.7473175168540448e-7
1931.0000000000002 1.7452756929937557e-7
1932.0 1.743237783065519e-7
1933.0 1.7412037862827035e-7
1933.9999999999998 1.7391737017604548e-7
1935.0 1.7371475285203012e-7
1936.0 1.735125265493277e-7
1937.0 1.7331069115207484e-7
1938.0 1.731092465362282e-7
1939.0000000000002 1.7290819256944192e-7
1940.0 1.7270752911137435e-7
1941.0 1.7250725601422393e-7
1942.0000000000002 1.7230737312275547e-7
1943.0 1.7210788027476993e-7
1944.0 1.7190877730129853e-7
1944.9999999999998 1.7171006402666781e-7
1946.0 1.715117402690955e-7
1947.0 1.7131380584061207e-7
1948.0 1.7111626054743554e-7
1949.0 1.7091910419033564e-7
1950.0000000000002 1.7072233656459202e-7
1951.0 1.7052595746050646e-7
1952.0 1.70329966663331e-7
1953.0000000000002 1.7013436395370065e-7
1954.0 1.699391491075778e-7
1955.0 1.697443218969498e-7
1955.9999999999998 1.6954988208946373e-7
1957.0 1.6935582944880783e-7
1958.0 1.691621637351701e-7
1959.0 1.6896888470502503e-7
1960.0 1.6877599211158343e-7
1961.0000000000002 1.6858348570469526e-7
1962.0 1.6839136523140007e-7
1963.0 1.6819963043584805e-7
1964.0000000000002 1.6800828105922467e-7
1965.0 1.6781731684053047e-7
1966.0 1.6762673751616424e-7
1966.9999999999998 1.6743654282036586e-7
1968.0 1.6724673248518664e-7
1969.0 1.6705730624081386e-7
1970.0 1.6686826381552354e-7
1971.0 1.6667960493600288e-7
1972.0 1.6649132932739804e-7
1973.0 1.6630343671329282e-7
1974.0 1.6611592681611466e-7
1975.0000000000002 1.6592879935699314e-7
1976.0 1.6574205405598778e-7
1977.0 1.655556906323103e-7
1977.9999999999998 1.6536970880430432e-7
1979.0 1.65184108289426e-7
1980.0 1.6499888880482116e-7
1981.0 1.6481405006672923e-7
1982.0 1.6462959179128776e-7
1983.0 1.644455136941539e-7
1984.0 1.6426181549071605e-7
1985.0 1.640784968963531e-7
1986.0000000000002 1.6389555762630898e-7
1987.0 1.6371299739583892e-7
1988.0 1.635308159204018e-7
1988.9999999999998 1.6334901291564437e-7
1990.0 1.6316758809742097e-7
1991.0 1.6298654118201717e-7
1992.0 1.6280587188621607e-7
1993.0 1.6262557992713937e-7
1994.0 1.6244566502262663e-7
1995.0 1.6226612689110318e-7
1996.0 1.620869652518545e-7
1997.0000000000002 1.6190817982472076e-7
1998.0 1.6172977033057098e-7
1999.0 1.6155173649116075e-7
1999.9999999999998 1.613740780290912e-7
