0.0 1.1382607134844214e-5
1.0 1.138285039296813e-5
2.0 1.1383580235664818e-5
3.0 1.1384796868809179e-5
4.0 1.1386500634653488e-5
5.0 1.1388692013342625e-5
6.0 1.1391371623066184e-5
7.0 1.1394540219639093e-5
8.0 1.139819869796287e-5
9.0 1.1402348092259287e-5
10.0 1.1406989577305266e-5
10.999999999999998 1.1412124468186358e-5
12.0 1.1417754222426346e-5
13.000000000000002 1.1423880441012731e-5
14.0 1.1430504868431316e-5
14.999999999999998 1.1437629395199237e-5
16.0 1.1445256058553775e-5
17.0 1.1453387044620248e-5
18.0 1.1462024688945475e-5
19.0 1.147117147921136e-5
20.0 1.1480830057330856e-5
21.0 1.1491003220209343e-5
21.999999999999996 1.1501693922773146e-5
23.0 1.1512905280097939e-5
24.0 1.152464056978256e-5
25.0 1.1536903234343531e-5
26.000000000000004 1.1549696883901725e-5
27.0 1.1563025298876439e-5
28.0 1.1576892433025681e-5
29.0 1.159130241677489e-5
29.999999999999996 1.16062595600574e-5
31.0 1.1621768356173157e-5
32.0 1.1637833484986162e-5
33.0 1.165445981679576e-5
34.0 1.1671652416230409e-5
35.0 1.1689416546978182e-5
36.0 1.1707757674163784e-5
37.0 1.1726681472085775e-5
38.0 1.1746193825677136e-5
39.0 1.1766300837401013e-5
40.0 1.1787008831724429e-5
41.0 1.1808324360411763e-5
42.0 1.1830254208738719e-5
43.0 1.1852805400445852e-5
43.99999999999999 1.1875985204682322e-5
45.0 1.1899801141576072e-5
46.0 1.1924260989861355e-5
47.0 1.1949372793062222e-5
48.0 1.1975144866771388e-5
49.0 1.2001585806971819e-5
50.0 1.2028704497016792e-5
51.0 1.2056510116123226e-5
52.00000000000001 1.2085012148999309e-5
53.0 1.2114220392710176e-5
54.0 1.2144144967878192e-5
55.0 1.2174796328330555e-5
56.0 1.2206185269698735e-5
57.0 1.2238322942420368e-5
58.0 1.2271220860436322e-5
59.0 1.2304890915133294e-5
59.99999999999999 1.233934538589673e-5
61.0 1.2374596953208897e-5
62.0 1.2410658711674973e-5
63.0 1.2447544184700763e-5
64.0 1.2485267338244934e-5
65.0 1.2523842595785679e-5
66.0 1.256328485433659e-5
67.0 1.2603609501536802e-5
68.0 1.264483243222969e-5
69.0 1.268697006635146e-5
70.0 1.2730039369191553e-5
71.0 1.2774057869657027e-5
72.0 1.2819043681807341e-5
73.0 1.2865015526945672e-5
74.0 1.2911992755183374e-5
75.0 1.2959995370394248e-5
76.0 1.3009044055744084e-5
77.0 1.305916019801181e-5
78.0 1.3110365916563585e-5
79.0 1.3162684092944959e-5
80.0 1.3216138398994266e-5
81.0 1.3270753330629727e-5
82.0 1.3326554240600789e-5
83.00000000000001 1.3383567373649336e-5
84.0 1.3441819903944507e-5
85.0 1.350133997339052e-5
86.0 1.3562156732664533e-5
87.0 1.362430038553387e-5
87.99999999999999 1.3687802231779446e-5
89.0 1.3752694717027993e-5
90.0 1.3819011483537526e-5
91.0 1.3886787420370673e-5
92.0 1.3956058722809614e-5
92.99999999999999 1.4026862950202206e-5
94.0 1.4099239087153623e-5
95.0 1.4173227611770624e-5
96.0 1.4248870563725388e-5
97.0 1.4326211618187705e-5
98.0 1.440529616468706e-5
99.00000000000001 1.4486171389132165e-5
100.0 1.4568886360577977e-5
101.0 1.4653492125612805e-5
102.0 1.4740041803968371e-5
103.0 1.4828590694968222e-5
104.00000000000001 1.4919196388221126e-5
105.0 1.5011918878826524e-5
106.0 1.5106820693743174e-5
107.0 1.5203967025994559e-5
108.0 1.530342587215831e-5
108.99999999999999 1.5405268185791404e-5
110.0 1.550956803698344e-5
111.0 1.5616402781845756e-5
112.0 1.57258532463835e-5
113.0 1.5838003920502523e-5
114.0 1.5952943164265718e-5
115.00000000000001 1.607076343303812e-5
116.0 1.6191561512605728e-5
117.0 1.6315438774693783e-5
118.0 1.6442501449189548e-5
119.0 1.6572860917635223e-5
119.99999999999999 1.670663402685843e-5
121.0 1.684394342508046e-5
122.0 1.6984917925156463e-5
123.0 1.712969289617633e-5
124.0 1.7278410681106316e-5
124.99999999999999 1.743122105264084e-5
126.0 1.7588281699297662e-5
127.0 1.7749758754931764e-5
128.0 1.7915827371655603e-5
129.0 1.8086672333227336e-5
130.0 1.8262488728429863e-5
131.0 1.8443482677001303e-5
132.0 1.862987211572046e-5
133.0 1.8821887658926728e-5
134.0 1.901977353042609e-5
135.0 1.922378857860014e-5
136.0 1.9434207389532133e-5
137.0 1.9651321496015118e-5
138.0 1.9875440704978663e-5
139.0 2.0106894547663795e-5
140.0 2.034603387659228e-5
141.0 2.0593232613123646e-5
142.0 2.0848889672229826e-5
143.0 2.1113431087133654e-5
144.0 2.138731234493819e-5
145.0 2.167102098370284e-5
146.0 2.1965079449461286e-5
147.0 2.2270048280712512e-5
148.0 2.258652963879626e-5
149.0 2.291517124289805e-5
150.0 2.3256670754678277e-5
151.0 2.3611780688128894e-5
152.0 2.39813138972576e-5
153.0 2.4366149749982912e-5
154.0 2.4767241061831936e-5
155.0 2.5185621926651404e-5
156.0 2.5622416560198837e-5
157.0 2.6078849331744214e-5
158.0 2.6556256163119594e-5
159.0 2.7056097515016844e-5
160.0 2.7579973237240972e-5
161.0 2.8129639583972553e-5
162.0 2.8707028791168425e-5
163.0 2.9314271670361277e-5
164.0 2.9953723749754077e-5
164.99999999999997 3.062799568598329e-5
166.00000000000003 3.13399887154761e-5
167.0 3.209293620916896e-5
168.0 3.289045252551863e-5
169.0 3.373659077661575e-5
170.0 3.463591139479525e-5
171.0 3.559356395197722e-5
172.0 3.661538534818758e-5
173.0 3.7708018250299884e-5
174.0 3.8879054893502834e-5
174.99999999999997 4.01372127289298e-5
175.99999999999997 4.149255052242719e-5
177.00000000000003 4.295673615016518e-5
178.0 4.454338104213529e-5
179.0 4.626846154913583e-5
180.0 4.8150854565905234e-5
181.0 5.021302531820408e-5
182.0 5.2481919949348146e-5
183.0 5.4990137737738845e-5
184.0 5.7777490219371314e-5
185.0 6.089310435786259e-5
185.99999999999997 6.439830397360783e-5
187.00000000000003 6.837062552831728e-5
188.0 7.290952285232664e-5
189.0 7.81446456779007e-5
190.0 8.424814533651781e-5
191.0 9.145347025223161e-5
192.0 0.00010008497551780952
193.0 0.000110606251870099
194.0 0.00012370229189564877
195.0 0.00014042591029529955
196.0 0.00016247307705073244
196.99999999999997 0.0001927323377889086
198.00000000000003 0.00023644563734804593
199.0 0.00030370256894427693
200.0 0.0004135006706714798
201.0 0.0005800923296070912
202.0 0.0006626304174543795
203.0 0.000510739205543966
204.0 0.00036016616423034144
205.0 0.00026751022450259234
206.0 0.0002098874454248852
206.99999999999997 0.0001716004627460661
208.00000000000003 0.0001446003060784109
209.00000000000003 0.00012463856515491402
210.0 0.00010932324767814498
211.0 9.722198144430748e-5
212.0 8.743053019372216e-5
213.0 7.935221872483017e-5
214.0 7.257841780201246e-5
215.0 6.682035442559945e-5
216.0 6.186841910912368e-5
217.0 5.7566918321011144e-5
217.99999999999997 5.379787031568719e-5
219.00000000000003 5.047029240681832e-5
220.0 4.751293149138592e-5
221.0 4.4869215710754536e-5
222.0 4.24936753626042e-5
223.0 4.0349357955241304e-5
224.0 3.8405929600044574e-5
225.0 3.663825909171531e-5
226.0 3.502534707007383e-5
227.0 3.354950578150694e-5
228.0 3.219572344792967e-5
228.99999999999997 3.095116645490292e-5
230.00000000000003 2.9804785839826986e-5
231.0 2.874700371449819e-5
232.0 2.776946168595815e-5
233.0 2.686481801643043e-5
234.0 2.6026583479913712e-5
235.0 2.524898824264921e-5
236.0 2.4526873839008174e-5
237.0 2.3855605482133562e-5
238.0 2.3231000908054266e-5
238.99999999999997 2.2649272588934887e-5
239.99999999999997 2.210698068772628e-5
241.00000000000003 2.160099456110859e-5
242.0 2.112846097238131e-5
243.0 2.0686777496856598e-5
244.0 2.0273569897230095e-5
245.0 1.9886672495774466e-5
246.0 1.952411081542241e-5
247.0 1.918408593179607e-5
248.0 1.886496015743464e-5
249.0 1.856524380173545e-5
249.99999999999997 1.828358283389943e-5
251.00000000000003 1.80187473568099e-5
252.0 1.7769620838811637e-5
253.0 1.7535190062839342e-5
254.0 1.7314535796716443e-5
255.0 1.710682415328713e-5
256.0 1.691129863758582e-5
257.0 1.6727272860633188e-5
258.0 1.6554123897570667e-5
259.0 1.639128625684976e-5
260.0 1.6238246432891698e-5
261.0 1.609453800162916e-5
262.0 1.5959737221639134e-5
263.0 1.5833459102497385e-5
264.0 1.5715353899576563e-5
265.0 1.560510399678442e-5
266.0 1.5502421143798063e-5
267.0 1.5407044009654157e-5
268.0 1.5318736022624106e-5
269.0 1.5237283469445759e-5
270.0 1.5162493822166765e-5
271.0 1.5094194273034288e-5
272.0 1.5032230455574169e-5
273.0 1.4976465329913931e-5
274.0 1.4926778219360782e-5
275.0 1.4883063981881752e-5
276.0 1.4845232303659239e-5
277.0 1.4813207105088837e-5
278.0 1.4786926049262938e-5
279.0 1.4766340145349506e-5
280.0 1.475141344158919e-5
281.0 1.4742122800968344e-5
282.0 1.4738457757861064e-5
283.0 1.474042045160531e-5
284.0 1.4748025635913573e-5
285.0 1.4761300762245597e-5
286.0 1.4780286139133816e-5
287.0 1.4805035166845801e-5
288.0 1.483561465032962e-5
289.0 1.4872105193068358e-5
290.0 1.491460167582369e-5
291.0 1.496321382529093e-5
292.0 1.5018066878692606e-5
293.0 1.5079302351584486e-5
294.0 1.51470789175623e-5
295.0 1.5221573410010502e-5
296.0 1.530298195758363e-5
297.0 1.539152126746446e-5
298.0 1.5487430071831103e-5
299.0 1.559097075634734e-5
300.0 1.570243119157935e-5
301.0 1.5822126792840897e-5
302.0 1.5950402835244513e-5
303.0 1.6087637059484647e-5
304.0 1.6234242603845352e-5
305.0 1.6390671309996484e-5
306.0 1.6557417452873336e-5
307.0 1.6735021954892855e-5
308.0 1.6924077158584188e-5
309.0 1.7125232238201664e-5
310.0 1.7339199350488233e-5
311.0 1.756676064194982e-5
312.0 1.7808776248627798e-5
313.0 1.8066193454662692e-5
314.0 1.8340057205770534e-5
315.0 1.8631522210762048e-5
316.0 1.8941866917179912e-5
317.0 1.927250969828804e-5
318.0 1.9625027670084576e-5
319.0 2.0001178637970275e-5
320.0 2.0402926791913886e-5
321.0 2.08324729081199e-5
322.0 2.1292289989972582e-5
323.0 2.1785165512111143e-5
324.0 2.231425171291322e-5
325.0 2.28831257540429e-5
326.0 2.349586203456523e-5
327.0 2.415711956463786e-5
328.0 2.487224810923829e-5
329.0 2.5647417843738444e-5
329.99999999999994 2.6489778680189888e-5
331.0 2.7407657217683436e-5
332.00000000000006 2.8410801738315827e-5
333.0 2.951068891498857e-5
334.0 3.072091026491953e-5
335.0 3.205766221014163e-5
336.0 3.354037137385574e-5
337.0 3.5192496946980336e-5
338.0 3.704256504690659e-5
339.0 3.9125505895057354e-5
340.0 4.148438186915842e-5
340.99999999999994 4.4172607303777135e-5
342.0 4.7256753617291695e-5
343.00000000000006 5.0819964974720914e-5
344.0 5.496577899406633e-5
345.0 5.982151013587808e-5
346.0 6.55387375312312e-5
347.0 7.228456386136555e-5
348.0 8.020862821529932e-5
349.0 8.93538357004052e-5
349.99999999999994 9.945605162804464e-5
351.0 0.00010959213625072334
351.99999999999994 0.00011783739115733408
353.0 0.00012159452314173677
354.00000000000006 0.00011920089544928252
355.0 0.00011145593066276247
356.0 0.00010089405629264387
357.0 8.987290969076989e-5
358.0 7.970502057772137e-5
359.0 7.085009260202815e-5
360.0 6.332650977495071e-5
360.99999999999994 5.6984297910742606e-5
362.0 5.163512702876266e-5
363.00000000000006 4.7102725323699435e-5
364.0 4.323769052882789e-5
365.0 3.9918426781928306e-5
366.0 3.7047540724688406e-5
367.0 3.454735147317984e-5
368.0 3.235578690599429e-5
369.0 3.0423000282508642e-5
370.0 2.870870037959331e-5
371.0 2.718008486518953e-5
371.99999999999994 2.5810252050263702e-5
373.0 2.4576981005613192e-5
374.00000000000006 2.3461791601594022e-5
375.0 2.2449216248861328e-5
376.0 2.1526231791215535e-5
377.0 2.0681812950675037e-5
378.0 1.9906578498888545e-5
379.0 1.9192508666702318e-5
380.0 1.8532717683311873e-5
381.0 1.792126933528484e-5
382.0 1.735302637636673e-5
382.99999999999994 1.68235267979346e-5
384.0 1.632888158415471e-5
385.00000000000006 1.5865689784057887e-5
386.0 1.5430967636404962e-5
387.0 1.502208917985948e-5
388.0 1.4636736284166635e-5
389.0 1.427285647371724e-5
390.0 1.3928627203913781e-5
391.0 1.3602425514450972e-5
392.0 1.329280217526454e-5
393.0 1.299845959816282e-5
393.99999999999994 1.2718232916061578e-5
395.0 1.2451073731771809e-5
396.00000000000006 1.219603612588268e-5
397.0 1.1952264577353875e-5
398.0 1.1718983510313992e-5
399.0 1.149548822604188e-5
400.0 1.1281137016306852e-5
401.0 1.1075344289058636e-5
402.0 1.0877574560248916e-5
403.0 1.0687337192847904e-5
404.0 1.0504181776064009e-5
404.99999999999994 1.0327694061942689e-5
406.0 1.0157492378272948e-5
407.00000000000006 9.993224461101704e-6
408.0 9.83456464569025e-6
409.0 9.68121137591534e-6
410.0 9.532884985736496e-6
411.0 9.389325722290832e-6
412.0 9.250291981483538e-6
413.0 9.115558725676607e-6
413.99999999999994 8.984916067753211e-6
415.0 8.858167996325429e-6
416.00000000000006 8.735131230243425e-6
417.0 8.61563418431536e-6
418.00000000000006 8.499516035872825e-6
419.0 8.386625879135529e-6
420.0 8.276821959563181e-6
421.0 8.1699709786424e-6
422.0 8.06594746141616e-6
423.0 7.964633180482674e-6
424.0 7.865916631105114e-6
424.99999999999994 7.769692551579777e-6
426.0 7.675861484018628e-6
427.00000000000006 7.584329373134157e-6
428.0 7.495007197418204e-6
429.0 7.407810630538135e-6
430.0 7.3226597307821464e-6
431.0 7.239478653626708e-6
432.0 7.158195388764617e-6
433.0 7.078741515533811e-6
434.0 7.001051978858841e-6
435.0 6.9250648798753935e-6
435.99999999999994 6.850721284333975e-6
437.0 6.77796504334616e-6
438.00000000000006 6.706742627952401e-6
439.0 6.6370029751938905e-6
440.0 6.568697345058785e-6
441.0 6.501779187502762e-6
442.0 6.436204018558745e-6
443.0 6.371929304543068e-6
444.0 6.308914354840126e-6
445.0 6.247120220874347e-6
446.0 6.186509602055444e-6
446.99999999999994 6.1270467583758424e-6
448.0 6.068697427561411e-6
449.00000000000006 6.011428748202496e-6
450.0 5.9552091877375376e-6
451.0 5.900008474278053e-6
452.0 5.84579753331803e-6
453.0 5.79254842788383e-6
454.0 5.740234302249265e-6
455.0 5.68882932917813e-6
456.0 5.638308660270326e-6
457.0 5.588648378907198e-6
457.99999999999994 5.539825456442825e-6
459.0 5.49181771004342e-6
460.00000000000006 5.444603763992902e-6
461.0 5.398163012035648e-6
462.0 5.352475582955024e-6
463.0 5.307522306720664e-6
464.0 5.263284683823558e-6
465.0 5.219744855177072e-6
466.0 5.176885574284257e-6
467.0 5.134690180617083e-6
468.0 5.0931425743130516e-6
468.99999999999994 5.052227192334786e-6
470.0 5.011928985944177e-6
471.00000000000006 4.972233398885309e-6
472.0 4.933126347230496e-6
473.0 4.894594199798283e-6
474.0 4.856623759880678e-6
475.0 4.819202247444913e-6
476.0 4.7823172825993255e-6
477.0 4.745956869804493e-6
477.99999999999994 4.710109382425349e-6
479.0 4.674763548722914e-6
479.99999999999994 4.639908437839021e-6
481.0 4.6055334467177975e-6
482.00000000000006 4.571628287827582e-6
483.0 4.538182977078792e-6
484.0 4.5051878223853e-6
485.0 4.47263341308795e-6
486.0 4.440510609285894e-6
487.0 4.408810532154787e-6
488.0 4.377524554256517e-6
488.99999999999994 4.346644290788008e-6
490.0 4.316161590574423e-6
491.00000000000006 4.286068528079407e-6
492.0 4.256357395235244e-6
493.0 4.227020693985186e-6
494.0 4.198051128993528e-6
495.0 4.169441600671406e-6
496.0 4.14118519843409e-6
497.0 4.113275194343774e-6
498.0 4.085705036994099e-6
499.0 4.058468345551298e-6
499.99999999999994 4.031558904125158e-6
501.0 4.004970656373575e-6
502.00000000000006 3.978697700248474e-6
503.0 3.952734282972185e-6
504.0 3.9270747962873895e-6
505.0 3.901713771809458e-6
506.0 3.876645876495057e-6
507.0 3.851865908585023e-6
508.0 3.827368793190926e-6
509.0 3.803149578642434e-6
510.0 3.779203432476779e-6
510.99999999999994 3.75552563784112e-6
512.0 3.732111589998618e-6
513.0 3.7089567929144923e-6
514.0 3.6860568559129745e-6
515.0 3.6634074906514236e-6
516.0 3.641004507935352e-6
517.0 3.6188438149518006e-6
518.0 3.596921412345019e-6
519.0 3.5752333914246326e-6
520.0 3.5537759317408843e-6
521.0 3.5325452983643926e-6
522.0 3.5115378395328344e-6
523.0 3.4907499842159675e-6
524.0 3.4701782399690487e-6
525.0 3.4498191905722003e-6
526.0 3.4296694939716524e-6
527.0 3.4097258802736852e-6
528.0 3.389985149668031e-6
529.0 3.370444170588276e-6
530.0 3.351099877757896e-6
531.0 3.331949270515416e-6
532.0 3.312989411010908e-6
533.0 3.2942174224665327e-6
534.0 3.275630487710239e-6
535.0 3.2572258474443964e-6
536.0 3.239000798840995e-6
537.0 3.22095269394877e-6
538.0 3.203078938423898e-6
539.0 3.1853769900015346e-6
540.0 3.1678443572089938e-6
541.0 3.1504785981270298e-6
542.0 3.1332773190337743e-6
543.0 3.1162381732673403e-6
544.0 3.0993588599815764e-6
545.0 3.0826371230699916e-6
546.0 3.0660707500169463e-6
547.0 3.04965757077709e-6
548.0 3.033395456838981e-6
549.0 3.0172823201236483e-6
550.0 3.001316112042407e-6
551.0 2.985494822493656e-6
552.0 2.9698164790670394e-6
553.0 2.9542791459312554e-6
554.0 2.9388809231719666e-6
555.0 2.923619945844114e-6
556.0 2.90849438312975e-6
557.0 2.8935024376075917e-6
558.0 2.878642344407832e-6
559.0 2.8639123704934907e-6
560.0 2.8493108139409487e-6
561.0 2.8348360032104807e-6
562.0 2.8204862964106295e-6
563.0 2.8062600807400283e-6
564.0 2.7921557716719045e-6
565.0 2.778171812476427e-6
566.0 2.7643066734886985e-6
567.0 2.750558851545501e-6
568.0 2.736926869422788e-6
569.0 2.7234092752243197e-6
570.0 2.7100046418372642e-6
571.0 2.6967115664092175e-6
572.0 2.683528669816987e-6
573.0 2.6704545961242285e-6
574.0 2.6574880121291997e-6
575.0 2.6446276068519623e-6
576.0 2.631872091050118e-6
577.0 2.6192201967813733e-6
578.0 2.6066706769502087e-6
579.0 2.594222304882096e-6
580.0 2.581873873844569e-6
581.0 2.569624196711744e-6
582.0 2.557472105462797e-6
583.0 2.5454164509022836e-6
584.0 2.5334561021726352e-6
585.0 2.521589946442864e-6
586.0 2.5098168884937537e-6
587.0 2.498135850444946e-6
588.0 2.486545771268294e-6
589.0 2.475045606593813e-6
590.0 2.4636343283053986e-6
591.0 2.45231092421426e-6
592.0 2.4410743977453327e-6
593.0 2.4299237676698296e-6
594.0 2.4188580677542814e-6
595.0 2.40787634650114e-6
596.0 2.3969776668599597e-6
597.0 2.3861611059090078e-6
598.0 2.3754257546370456e-6
599.0 2.364770717640428e-6
600.0 2.354195112895933e-6
601.0 2.343698071453343e-6
602.0 2.3332787372550006e-6
603.0 2.322936266810774e-6
604.0 2.312669829061046e-6
605.0 2.3024786050574134e-6
606.0 2.2923617877904806e-6
607.0 2.2823185819320315e-6
608.0 2.2723482036516837e-6
609.0 2.262449880378531e-6
610.0 2.2526228506298714e-6
611.0 2.2428663637491043e-6
612.0 2.2331796797951553e-6
613.0 2.223562069248011e-6
614.0 2.21401281290892e-6
615.0 2.2045312016615923e-6
616.0 2.195116536308172e-6
617.0 2.185768127414041e-6
618.0 2.17648529508709e-6
619.0 2.167267368846342e-6
620.0 2.158113687458205e-6
621.0 2.1490235987378796e-6
622.0 2.1399964594470642e-6
623.0 2.1310316350723477e-6
624.0 2.1221284997381025e-6
625.0 2.113286436000511e-6
626.0 2.1045048347699643e-6
627.0 2.0957830950806296e-6
628.0 2.0871206240396413e-6
629.0 2.0785168366266195e-6
630.0 2.069971155587996e-6
631.0 2.061483011311056e-6
632.0 2.053051841668171e-6
633.0 2.0446770919275473e-6
634.0 2.036358214604451e-6
635.0 2.0280946693421494e-6
636.0 2.019885922806791e-6
637.0 2.011731448558118e-6
638.0 2.003630726958748e-6
639.0 1.9955832450265457e-6
640.0 1.9875884963542872e-6
641.0 1.9796459809961345e-6
642.0 1.9717552053624326e-6
643.0 1.9639156821124024e-6
644.0 1.9561269300620937e-6
645.0 1.948388474065729e-6
646.0 1.9406998449605783e-6
647.0 1.9330605794243034e-6
648.0 1.925470219917259e-6
649.0 1.9179283145669245e-6
650.0 1.910434417092046e-6
651.0 1.9029880867154087e-6
652.0 1.8955888880821461e-6
653.0000000000001 1.8882363911498356e-6
654.0 1.8809301711343908e-6
655.0 1.8736698084246436e-6
656.0 1.866454888478877e-6
657.0 1.8592850017813272e-6
658.0 1.8521597437480624e-6
659.0 1.8450787146342578e-6
659.9999999999999 1.838041519490204e-6
661.0 1.8310477680765171e-6
662.0 1.824097074789233e-6
663.0 1.8171890586060684e-6
664.0000000000001 1.8103233429853518e-6
665.0 1.8034995558408034e-6
666.0 1.7967173294260198e-6
667.0 1.7899763003239107e-6
668.0 1.7832761093419089e-6
669.0 1.7766164014712698e-6
670.0 1.7699968258071263e-6
670.9999999999999 1.7634170355068514e-6
672.0 1.7568766877200052e-6
673.0 1.7503754435386443e-6
674.0 1.7439129679254503e-6
675.0000000000001 1.7374889296695754e-6
676.0 1.7311030013359108e-6
677.0 1.72475485919081e-6
678.0 1.718444183170663e-6
679.0 1.7121706568152814e-6
680.0 1.705933967227108e-6
681.0 1.699733805008118e-6
681.9999999999999 1.6935698642209885e-6
683.0 1.6874418423379127e-6
684.0 1.6813494401801077e-6
685.0 1.6752923619064248e-6
686.0000000000001 1.6692703149081247e-6
687.0 1.663283009828223e-6
688.0 1.6573301604671132e-6
688.9999999999999 1.651411483762801e-6
690.0 1.6455266997431117e-6
691.0 1.6396755314846606e-6
692.0 1.6338577050623886e-6
692.9999999999999 1.6280729495196708e-6
694.0 1.6223209968182076e-6
695.0 1.6166015818041642e-6
696.0 1.6109144421683942e-6
697.0000000000001 1.605259318408218e-6
698.0 1.5996359537884274e-6
699.0 1.594044094303776e-6
699.9999999999999 1.588483488641896e-6
701.0 1.5829538881421816e-6
702.0 1.5774550467809448e-6
703.0 1.571986721113471e-6
703.9999999999999 1.5665486702392958e-6
705.0 1.5611406557920901e-6
706.0 1.5557624418860308e-6
707.0 1.5504137950867192e-6
708.0000000000001 1.5450944843793233e-6
709.0 1.539804281147649e-6
710.0 1.534542959128403e-6
710.9999999999999 1.529310294380356e-6
712.0 1.5241060652685296e-6
713.0 1.5189300524245415e-6
714.0 1.5137820387157768e-6
715.0000000000001 1.5086618092186144e-6
716.0 1.5035691511984097e-6
717.0 1.4985038540702698e-6
718.0 1.49346570936911e-6
719.0000000000001 1.4884545107385828e-6
720.0 1.4834700538925133e-6
721.0 1.478512136590012e-6
721.9999999999999 1.4735805586064088e-6
723.0 1.468675121724845e-6
724.0 1.463795629691183e-6
725.0 1.4589418881899832e-6
726.0000000000001 1.4541137048397713e-6
727.0 1.4493108891517983e-6
728.0 1.4445332525104585e-6
729.0 1.4397806081509956e-6
730.0 1.4350527711363055e-6
731.0 1.4303495583359291e-6
732.0 1.4256707884041288e-6
732.9999999999999 1.4210162817565333e-6
734.0 1.416385860550615e-6
735.0 1.411779348650167e-6
736.0 1.4071965716367653e-6
737.0000000000001 1.402637356755342e-6
738.0 1.3981015329137434e-6
739.0 1.3935889306563277e-6
740.0 1.38909938213921e-6
741.0 1.3846327211343774e-6
742.0 1.3801887829689224e-6
743.0 1.37576740454827e-6
743.9999999999999 1.3713684243121765e-6
745.0 1.366991682225372e-6
746.0 1.3626370197600946e-6
747.0 1.3583042798704794e-6
748.0000000000001 1.353993306987845e-6
749.0 1.3497039469907453e-6
750.0 1.3454360472001116e-6
751.0 1.3411894563487735e-6
752.0 1.3369640245768117e-6
753.0 1.3327596034116553e-6
754.0 1.328576045746576e-6
754.9999999999999 1.3244132058320696e-6
756.0 1.3202709392599733e-6
757.0 1.3161491029357398e-6
758.0 1.31204755508646e-6
759.0000000000001 1.3079661552256938e-6
760.0 1.3039047641399525e-6
761.0 1.2998632438930552e-6
762.0 1.2958414577853862e-6
763.0 1.2918392703629994e-6
764.0 1.2878565473841392e-6
765.0 1.2838931558198503e-6
765.9999999999999 1.2799489638342202e-6
767.0 1.276023840775011e-6
768.0 1.2721176571499024e-6
769.0 1.2682302846319096e-6
770.0000000000001 1.2643615960231568e-6
771.0 1.260511465265358e-6
772.0 1.2566797674083492e-6
773.0 1.2528663786098069e-6
774.0 1.2490711761212423e-6
775.0 1.2452940382699843e-6
776.0 1.241534844449786e-6
776.9999999999999 1.2377934751160147e-6
778.0 1.2340698117670409e-6
779.0 1.230363736931432e-6
780.0 1.2266751341627695e-6
781.0000000000001 1.2230038880207245e-6
782.0 1.2193498840717556e-6
783.0 1.2157130088671682e-6
784.0 1.212093149937682e-6
785.0 1.208490195780621e-6
786.0 1.2049040358517819e-6
787.0 1.2013345605545642e-6
787.9999999999999 1.1977816612295953e-6
789.0 1.194245230142612e-6
790.0 1.1907251604789987e-6
791.0 1.1872213463290748e-6
792.0000000000001 1.1837336826853528e-6
793.0 1.1802620654237567e-6
794.0 1.176806391301181e-6
795.0 1.1733665579467217e-6
796.0 1.1699424638466683e-6
797.0 1.1665340083379156e-6
798.0 1.1631410916070308e-6
798.9999999999999 1.1597636146662014e-6
800.0 1.1564014793561784e-6
801.0 1.153054588334777e-6
802.0 1.14972284507028e-6
803.0000000000001 1.1464061538268817e-6
804.0 1.1431044196602083e-6
805.0 1.139817548412762e-6
806.0 1.1365454467027836e-6
807.0 1.1332880219110046e-6
808.0 1.1300451821812405e-6
809.0 1.1268168364115352e-6
809.9999999999999 1.1236028942377626e-6
811.0 1.1204032660375243e-6
812.0 1.1172178629165592e-6
813.0 1.1140465967012953e-6
814.0000000000001 1.1108893799329383e-6
815.0 1.1077461258615165e-6
816.0 1.1046167484363873e-6
816.9999999999999 1.101501162299009e-6
818.0 1.098399282778844e-6
819.0 1.095311025882954e-6
820.0 1.0922363082943964e-6
820.9999999999999 1.0891750473584081e-6
822.0 1.0861271610821872e-6
823.0 1.0830925681212947e-6
824.0 1.080071187785258e-6
825.0000000000001 1.0770629400167683e-6
826.0 1.0740677453976144e-6
827.0 1.0710855251320356e-6
827.9999999999999 1.0681162010471306e-6
829.0 1.065159695586731e-6
830.0 1.0622159318044783e-6
831.0 1.0592848333554727e-6
832.0000000000001 1.0563663244914546e-6
833.0 1.0534603300589404e-6
834.0 1.0505667754858643e-6
835.0 1.0476855867885726e-6
836.0000000000001 1.0448166905468334e-6
837.0 1.0419600139197254e-6
838.0 1.0391154846229493e-6
838.9999999999999 1.036283030934546e-6
840.0 1.033462581683256e-6
841.0 1.030654066248655e-6
842.0 1.0278574145492139e-6
843.0000000000001 1.02507255704323e-6
844.0 1.0222994247172486e-6
845.0 1.0195379490918754e-6
846.0 1.0167880622045903e-6
847.0000000000001 1.0140496966092537e-6
848.0 1.011322785377564e-6
849.0 1.00860726208356e-6
849.9999999999999 1.0059030608065071e-6
851.0 1.0032101161259733e-6
852.0 1.0005283631096027e-6
853.0 9.978577373182636e-7
854.0000000000001 9.951981747962493e-7
855.0 9.925496120667466e-7
856.0 9.899119861289196e-7
857.0 9.872852344530481e-7
858.0 9.84669294977366e-7
859.0 9.820641060994416e-7
860.0 9.794696066775387e-7
860.9999999999999 9.768857360246311e-7
862.0 9.743124339002042e-7
863.0 9.717496405110565e-7
864.0 9.691972965059327e-7
865.0000000000001 9.66655342973045e-7
866.0 9.641237214307154e-7
867.0 9.61602373828205e-7
868.0 9.590912425420484e-7
869.0 9.565902703678644e-7
870.0 9.540994005253885e-7
871.0 9.516185766399206e-7
871.9999999999999 9.491477427559635e-7
873.0 9.466868433187976e-7
874.0 9.442358231808484e-7
875.0 9.417946275924987e-7
876.0000000000001 9.393632022028669e-7
877.0 9.369414930502552e-7
878.0 9.345294465657847e-7
879.0 9.321270095627675e-7
880.0 9.297341292395824e-7
881.0 9.273507531716364e-7
882.0 9.249768293121664e-7
882.9999999999999 9.226123059869509e-7
884.0 9.202571318881322e-7
885.0 9.179112560772223e-7
886.0 9.155746279752588e-7
887.0000000000001 9.132471973635832e-7
888.0 9.10928914381617e-7
889.0 9.086197295203254e-7
890.0 9.063195936232294e-7
891.0 9.040284578787637e-7
892.0 9.017462738212709e-7
893.0 8.994729933241735e-7
893.9999999999999 8.972085686013933e-7
895.0 8.949529522005215e-7
896.0 8.927060970036525e-7
897.0 8.904679562228645e-7
898.0000000000001 8.882384833943831e-7
899.0 8.860176323818759e-7
900.0 8.838053573676018e-7
901.0 8.816016128529487e-7
902.0 8.794063536570046e-7
903.0 8.772195349103428e-7
904.0 8.750411120567678e-7
904.9999999999999 8.728710408444864e-7
906.0 8.707092773309545e-7
907.0 8.685557778729064e-7
908.0 8.664104991298967e-7
909.0000000000001 8.64273398057494e-7
910.0 8.621444319101094e-7
911.0 8.600235582297199e-7
912.0 8.579107348556376e-7
913.0 8.558059199080043e-7
914.0 8.5370907179801e-7
915.0 8.516201492172111e-7
915.9999999999999 8.495391111396342e-7
917.0 8.474659168188289e-7
918.0 8.454005257822525e-7
919.0 8.433428978326997e-7
920.0000000000001 8.412929930452011e-7
921.0 8.39250771765851e-7
922.0 8.372161946055045e-7
923.0 8.351892224414585e-7
924.0 8.331698164149728e-7
925.0 8.311579379275951e-7
926.0 8.291535486393774e-7
926.9999999999999 8.271566104684431e-7
928.0 8.251670855872845e-7
929.0 8.231849364209314e-7
930.0 8.212101256442406e-7
931.0000000000001 8.192426161838102e-7
932.0 8.172823712093968e-7
933.0 8.15329354136951e-7
934.0 8.133835286268263e-7
935.0 8.114448585768902e-7
936.0 8.095133081273779e-7
937.0 8.075888416552998e-7
937.9999999999999 8.056714237692532e-7
939.0 8.037610193159028e-7
940.0 8.018575933708505e-7
941.0 7.999611112409654e-7
942.0000000000001 7.980715384590252e-7
943.0 7.961888407858428e-7
944.0 7.943129842056929e-7
944.9999999999999 7.924439349264188e-7
946.0 7.905816593761776e-7
947.0 7.887261242019452e-7
948.0 7.868772962695425e-7
948.9999999999999 7.850351426602625e-7
950.0 7.83199630668884e-7
951.0 7.813707278026913e-7
952.0 7.795484017822416e-7
953.0000000000001 7.77732620534475e-7
954.0 7.759233521952195e-7
955.0 7.741205651077984e-7
955.9999999999999 7.723242278174717e-7
957.0 7.705343090752427e-7
958.0 7.687507778333866e-7
959.0 7.669736032411481e-7
959.9999999999999 7.65202754650439e-7
961.0 7.634382016072586e-7
962.0 7.616799138554361e-7
963.0 7.599278613305739e-7
964.0000000000001 7.581820141628904e-7
965.0 7.564423426721151e-7
966.0 7.547088173700249e-7
966.9999999999999 7.529814089546777e-7
968.0 7.512600883122159e-7
969.0 7.495448265143592e-7
970.0 7.478355948173438e-7
971.0000000000001 7.461323646598991e-7
972.0 7.444351076628055e-7
973.0 7.427437956254215e-7
974.0 7.410584005294257e-7
975.0000000000001 7.393788945312469e-7
976.0 7.37705249965599e-7
977.0 7.360374393408855e-7
977.9999999999999 7.343754353394249e-7
979.0 7.327192108174524e-7
980.0 7.310687388023589e-7
981.0 7.294239924904789e-7
982.0000000000001 7.277849452477623e-7
983.0 7.261515706079271e-7
984.0 7.245238422726145e-7
985.0 7.229017341061475e-7
986.0 7.212852201402153e-7
987.0 7.19674274565487e-7
988.0 7.180688717390475e-7
988.9999999999999 7.164689861758307e-7
990.0 7.148745925521565e-7
991.0 7.132856657011905e-7
992.0 7.11702180615244e-7
993.0000000000001 7.101241124414382e-7
994.0 7.085514364842452e-7
995.0 7.06984128200482e-7
996.0 7.054221632011247e-7
997.0 7.038655172490952e-7
998.0 7.023141662588975e-7
999.0 7.007680862942203e-7
999.9999999999999 6.992272535686641e-7
1001.0 6.976916444425808e-7
1002.0 6.961612354256966e-7
1003.0 6.946360031723871e-7
1004.0000000000001 6.931159244810117e-7
1005.0 6.916009762964026e-7
1006.0 6.90091135705232e-7
1007.0 6.885863799362841e-7
1008.0 6.870866863613766e-7
1009.0 6.855920324904499e-7
1010.0 6.841023959736824e-7
1010.9999999999999 6.826177546012264e-7
1012.0 6.811380862986852e-7
1013.0 6.796633691291791e-7
1014.0 6.781935812924504e-7
1015.0000000000001 6.767287011232745e-7
1016.0 6.752687070892074e-7
1017.0 6.738135777919836e-7
1018.0 6.723632919655594e-7
1019.0 6.709178284768962e-7
1020.0 6.694771663208207e-7
1021.0 6.680412846252321e-7
1021.9999999999999 6.666101626436483e-7
1023.0 6.651837797615643e-7
1024.0 6.637621154900249e-7
1025.0 6.623451494656887e-7
1026.0 6.609328614543281e-7
1027.0 6.595252313434813e-7
1028.0 6.58122239148076e-7
1029.0 6.567238650032259e-7
1030.0 6.553300891705388e-7
1031.0 6.539408920312094e-7
1032.0 6.525562540894014e-7
1033.0 6.511761559683452e-7
1034.0 6.498005784122493e-7
1035.0 6.484295022840475e-7
1036.0 6.47062908566104e-7
1037.0 6.457007783570671e-7
1038.0 6.443430928733666e-7
1039.0 6.429898334485752e-7
1040.0 6.416409815304752e-7
1041.0 6.402965186830937e-7
1042.0 6.389564265836337e-7
1043.0 6.376206870246303e-7
1044.0 6.36289281910094e-7
1045.0 6.349621932570413e-7
1046.0 6.336394031943844e-7
1047.0 6.32320893961426e-7
1048.0 6.310066479083543e-7
1049.0 6.296966474950027e-7
1050.0 6.283908752908987e-7
1051.0 6.270893139731951e-7
1052.0 6.257919463278719e-7
1053.0 6.244987552476568e-7
1054.0 6.232097237311505e-7
1055.0 6.219248348862522e-7
1056.0 6.206440719215961e-7
1057.0 6.193674181550747e-7
1058.0 6.180948570062787e-7
1059.0 6.168263719992557e-7
1060.0 6.155619467622134e-7
1061.0 6.143015650232318e-7
1062.0 6.130452106165897e-7
1063.0 6.117928674731068e-7
1064.0 6.105445196287337e-7
1065.0 6.093001512170969e-7
1066.0 6.080597464722971e-7
1067.0 6.068232897279344e-7
1068.0 6.055907654161869e-7
1069.0 6.043621580668521e-7
1070.0 6.031374523076596e-7
1071.0 6.019166328629031e-7
1072.0 6.006996845532446e-7
1073.0 5.99486592295508e-7
1074.0 5.982773411025055e-7
1075.0 5.970719160793547e-7
1076.0 5.958703024293995e-7
1077.0 5.946724854449439e-7
1078.0 5.934784505154805e-7
1079.0 5.922881831205659e-7
1080.0 5.911016688324914e-7
1081.0 5.899188933157939e-7
1082.0 5.887398423235756e-7
1083.0 5.875645017030664e-7
1084.0 5.863928573870322e-7
1085.0 5.852248954005707e-7
1086.0 5.840606018559491e-7
1087.0 5.82899962953898e-7
1088.0 5.817429649828842e-7
1089.0 5.805895943175697e-7
1090.0 5.794398374194745e-7
1091.0 5.78293680835629e-7
1092.0 5.771511111985702e-7
1093.0 5.760121152247271e-7
1094.0 5.748766797147171e-7
1095.0 5.737447915526152e-7
1096.0 5.726164377042112e-7
1097.0 5.714916052182752e-7
1098.0 5.703702812240132e-7
1099.0 5.692524529321508e-7
1100.0 5.681381076322807e-7
1101.0 5.670272326935968e-7
1102.0 5.659198155642685e-7
1103.0 5.648158437692491e-7
1104.0 5.637153049109319e-7
1105.0 5.62618186668263e-7
1106.0 5.615244767938545e-7
1107.0 5.604341631173657e-7
1108.0 5.593472335405549e-7
1109.0 5.582636760372619e-7
1110.0 5.571834786555593e-7
1111.0 5.561066295121259e-7
1112.0 5.55033116795337e-7
1113.0 5.539629287608483e-7
1114.0 5.528960537346526e-7
1115.0 5.518324801067065e-7
1116.0 5.507721963347078e-7
1117.0 5.497151909413308e-7
1118.0 5.486614525114115e-7
1119.0 5.476109696918805e-7
1120.0 5.465637311919914e-7
1121.0 5.455197257791296e-7
1122.0 5.444789422793937e-7
1123.0 5.434413695762976e-7
1124.0 5.424069966075979e-7
1125.0 5.413758123645687e-7
1126.0 5.403478058912367e-7
1127.0 5.39322966281824e-7
1128.0 5.383012826784427e-7
1129.0 5.372827442700413e-7
1130.0 5.362673402909086e-7
1131.0 5.352550600165996e-7
1132.0 5.342458927641103e-7
1133.0 5.332398278886604e-7
1134.0 5.322368547804607e-7
1135.0 5.312369628645407e-7
1136.0 5.302401415961398e-7
1137.0 5.292463804577192e-7
1138.0 5.282556689586417e-7
1139.0 5.272679966302609e-7
1140.0 5.262833530219529e-7
1141.0 5.253017277009414e-7
1142.0 5.24323110246101e-7
1143.0 5.23347490245586e-7
1144.0 5.223748572932447e-7
1145.0 5.214052009834603e-7
1146.0 5.204385109086174e-7
1147.0 5.194747766536075e-7
1148.0 5.185139877924303e-7
1149.0 5.175561338815232e-7
1150.0 5.166012044568899e-7
1151.0 5.156491890267622e-7
1152.0 5.147000770685575e-7
1153.0 5.137538580203008e-7
1154.0 5.128105212769591e-7
1155.0 5.118700561816951e-7
1156.0 5.109324520210423e-7
1157.0 5.099976980166965e-7
1158.0 5.090657833192692e-7
1159.0 5.081366969985397e-7
1160.0 5.072104280366103e-7
1161.0 5.062869653191877e-7
1162.0 5.053662976264133e-7
1163.0 5.044484136222416e-7
1164.0 5.035333018461518e-7
1165.0 5.026209507006896e-7
1166.0 5.017113484422649e-7
1167.0 5.008044831682549e-7
1168.0 4.999003428047045e-7
1169.0 4.989989150939047e-7
1170.0 4.981001875808083e-7
1171.0 4.972041475986024e-7
1172.0 4.963107822537982e-7
1173.0 4.954200784102561e-7
1174.0 4.945320226731409e-7
1175.0 4.93646601371616e-7
1176.0 4.92763800539125e-7
1177.0 4.918836058970248e-7
1178.0 4.910060028321647e-7
1179.0 4.901309763759997e-7
1180.0 4.892585111831603e-7
1181.0 4.883885915089829e-7
1182.0 4.875212011823735e-7
1183.0 4.86656323583341e-7
1184.0 4.857939416135526e-7
1185.0 4.849340376701515e-7
1186.0 4.840765936142184e-7
1187.0 4.83221590742086e-7
1188.0 4.823690097511132e-7
1189.0 4.815188307063621e-7
1190.0 4.806710330048934e-7
1191.0 4.798255953386202e-7
1192.0 4.78982495655241e-7
1193.0 4.781417111178934e-7
1194.0 4.773032180615762e-7
1195.0 4.764669919497094e-7
1196.0 4.756330073274247e-7
1197.0 4.7480123777184573e-7
1198.0 4.7397165584427937e-7
1199.0 4.7314423303372813e-7
1200.0 4.7231893970574007e-7
1201.0 4.7149574504272734e-7
1202.0 4.7067461698546315e-7
1203.0 4.698555221716982e-7
1204.0 4.690384258720069e-7
1205.0 4.682232919227808e-7
1206.0 4.674100826584388e-7
1207.0 4.6659875883950473e-7
1208.0 4.657892795804017e-7
1209.0 4.649816022731766e-7
1210.0 4.6417568250864373e-7
1211.0 4.633714739987915e-7
1212.0 4.6256892849273486e-7
1213.0 4.617679956932537e-7
1214.0 4.609686231718945e-7
1215.0 4.601707562806069e-7
1216.0 4.593743380635066e-7
1217.0 4.5857930916819375e-7
1218.0 4.577856077535168e-7
1219.0 4.5699316940025417e-7
1220.0 4.5620192701997587e-7
1221.0 4.554118107652368e-7
1222.0 4.546227479391183e-7
1223.0 4.5383466290955505e-7
1224.0 4.5304747702359606e-7
1225.0 4.5226110852520643e-7
1226.0 4.514754724783103e-7
1227.0 4.5069048069380264e-7
1228.0 4.499060416634117e-7
1229.0 4.4912206049968575e-7
1230.0 4.4833843888643814e-7
1231.0 4.4755507503801007e-7
1232.0 4.4677186366969316e-7
1233.0 4.459886959830364e-7
1234.0 4.452054596650617e-7
1235.0 4.4442203890526835e-7
1236.0 4.436383144303469e-7
1237.0 4.4285416356206045e-7
1238.0 4.4206946029819116e-7
1239.0 4.4128407541848415e-7
1240.0 4.404978766220476e-7
1241.0 4.397107286916285e-7
1242.0 4.389224936974158e-7
1243.0 4.381330312331643e-7
1244.0 4.3734219869473934e-7
1245.0 4.365498516000125e-7
1246.0 4.357558439530047e-7
1247.0 4.3496002865932427e-7
1248.0 4.3416225798605673e-7
1249.0 4.333623840808665e-7
1250.0 4.3256025953978164e-7
1251.0 4.317557380343981e-7
1252.0 4.309486749953907e-7
1253.0 4.3013892835305274e-7
1254.0 4.2932635933626744e-7
1255.0 4.2851083332877597e-7
1256.0 4.2769222077989277e-7
1257.0 4.2687039816830007e-7
1258.0 4.260452490160292e-7
1259.0 4.2521666494646113e-7
1260.0 4.2438454678029164e-7
1261.0 4.235488056653905e-7
1262.0 4.2270936422862126e-7
1263.0 4.21866157741984e-7
1264.0 4.2101913529026504e-7
1265.0 4.201682609306923e-7
1266.0 4.1931351482896505e-7
1267.0 4.18454894355867e-7
1268.0 4.1759241513247235e-7
1269.0 4.1672611200350167e-7
1270.0 4.158560399246257e-7
1271.0 4.1498227474418125e-7
1272.0 4.141049138637048e-7
1273.0 4.132240767603568e-7
1274.0 4.1233990535167106e-7
1275.0 4.1145256419316674e-7
1276.0 4.105622404908545e-7
1277.0 4.096691439189944e-7
1278.0 4.087735062320375e-7
1279.0 4.0787558066950943e-7
1280.0 4.0697564114182214e-7
1281.0 4.0607398120859994e-7
1282.0 4.0517091284016605e-7
1283.0 4.042667649812054e-7
1284.0 4.0336188191865194e-7
1285.0 4.0245662147651034e-7
1286.0 4.015513530464648e-7
1287.0 4.006464554840195e-7
1288.0 3.997423148907814e-7
1289.0 3.988393223068388e-7
1290.0 3.979378713467521e-7
1291.0 3.970383558037255e-7
1292.0 3.9614116725605276e-7
1293.0 3.952466927037743e-7
1294.0 3.943553122647489e-7
1295.0 3.934673969582329e-7
1296.0 3.9258330660671764e-7
1297.0 3.917033878688069e-7
1298.0 3.9082797243956e-7
1299.0 3.8995737542043395e-7
1300.0 3.8909189388462775e-7
1301.0 3.8823180564287076e-7
1302.0 3.8737736821727205e-7
1303.0 3.8652881802781223e-7
1304.0 3.8568636979114367e-7
1305.0 3.8485021612625926e-7
1306.0000000000002 3.840205273632261e-7
1307.0 3.831974515436251e-7
1308.0 3.8238111460254216e-7
1308.9999999999998 3.8157162071931123e-7
1310.0 3.807690528178171e-7
1311.0 3.7997347320726915e-7
1312.0 3.791849243398319e-7
1313.0 3.7840342967302474e-7
1314.0 3.7762899461796425e-7
1315.0 3.7686160755535674e-7
1316.0 3.761012409050059e-7
1317.0000000000002 3.7534785223365327e-7
1318.0 3.746013853855094e-7
1319.0 3.738617716227924e-7
1319.9999999999998 3.7312893076307233e-7
1321.0 3.724027723058978e-7
1322.0 3.7168319653606037e-7
1323.0 3.7097009559512383e-7
1324.0 3.7026335451864476e-7
1325.0 3.695628522272112e-7
1326.0 3.688684624710691e-7
1327.0 3.681800547258724e-7
1328.0000000000002 3.6749749503061023e-7
1329.0 3.6682064677371823e-7
1330.0 3.661493714238629e-7
1330.9999999999998 3.65483529201802e-7
1332.0 3.648229796988584e-7
1333.0 3.6416758244241746e-7
1334.0 3.635171974054241e-7
1335.0 3.628716854680158e-7
1336.0 3.622309088285636e-7
1337.0 3.6159473136836013e-7
1338.0 3.6096301897366714e-7
1339.0000000000002 3.603356398157009e-7
1340.0 3.597124645907315e-7
1341.0 3.590933667271175e-7
1341.9999999999998 3.584782225564527e-7
1343.0 3.5786691145378803e-7
1344.0 3.572593159537535e-7
1345.0 3.566553218357596e-7
1346.0 3.5605481818845045e-7
1347.0 3.554576974549058e-7
1348.0 3.5486385545497136e-7
1349.0 3.542731913936976e-7
1350.0000000000002 3.536856078541154e-7
1351.0 3.531010107755341e-7
1352.0 3.525193094224393e-7
1352.9999999999998 3.519404163411737e-7
1354.0 3.5136424730880756e-7
1355.0 3.507907212749803e-7
1356.0 3.5021976029651426e-7
1357.0 3.4965128946800384e-7
1358.0 3.490852368461878e-7
1359.0 3.485215333730523e-7
1360.0 3.4796011279508244e-7
1361.0000000000002 3.474009115808096e-7
1362.0 3.4684386883689915e-7
1363.0 3.4628892622361954e-7
1363.9999999999998 3.4573602786982466e-7
1365.0 3.451851202889069e-7
1366.0 3.4463615229363605e-7
1366.9999999999998 3.4408907491253505e-7
1368.0 3.4354384130882787e-7
1369.0 3.430004066978398e-7
1370.0 3.4245872826839986e-7
1371.0 3.4191876510474616e-7
1372.0000000000002 3.4138047810986334e-7
1373.0 3.4084382993204556e-7
1374.0 3.4030878489288966e-7
1374.9999999999998 3.397753089163442e-7
1376.0 3.392433694612021e-7
1377.0 3.3871293545591194e-7
1377.9999999999998 3.38183977234258e-7
1379.0 3.376564664737816e-7
1380.0 3.371303761368723e-7
1381.0 3.36605680413623e-7
1382.0 3.360823546669692e-7
1383.0000000000002 3.3556037537866127e-7
1384.0 3.350397201001512e-7
1385.0 3.345203674015152e-7
1385.9999999999998 3.3400229682705416e-7
1387.0 3.334854888482855e-7
1388.0 3.3296992482115883e-7
1388.9999999999998 3.324555869460129e-7
1390.0 3.3194245822607104e-7
1391.0 3.314305224314428e-7
1392.0 3.3091976406092257e-7
1393.0 3.304101683094262e-7
1394.0000000000002 3.299017210333899e-7
1395.0 3.293944087191348e-7
1396.0 3.288882184540513e-7
1396.9999999999998 3.283831378960368e-7
1398.0 3.2787915524690084e-7
1399.0 3.2737625922607727e-7
1399.9999999999998 3.268744390449955e-7
1401.0 3.263736843836855e-7
1402.0 3.258739853680262e-7
1403.0 3.253753325474166e-7
1404.0 3.2487771687465396e-7
1405.0000000000002 3.2438112968588854e-7
1406.0 3.2388556268218087e-7
1407.0 3.233910079108988e-7
1407.9999999999998 3.2289745774922907e-7
1409.0 3.224049048880403e-7
1410.0 3.2191334231568076e-7
1410.9999999999998 3.214227633040922e-7
1412.0 3.209331613940861e-7
1413.0 3.204445303826776e-7
1414.0 3.1995686430982186e-7
1415.0 3.1947015744653155e-7
1416.0000000000002 3.189844042836134e-7
1417.0 3.1849959952007233e-7
1418.0 3.180157380536438e-7
1419.0000000000002 3.175328149699639e-7
1420.0 3.1705082553414705e-7
1421.0 3.1656976518073066e-7
1421.9999999999998 3.1608962950601515e-7
1423.0 3.1561041425972304e-7
1424.0 3.15132115336845e-7
1425.0 3.146547287712578e-7
1426.0 3.141782507277795e-7
1427.0000000000002 3.137026774965223e-7
1428.0 3.132280054856507e-7
1429.0 3.127542312160639e-7
1430.0000000000002 3.1228135131561376e-7
1431.0 3.118093625132306e-7
1432.0 3.113382616346195e-7
1432.9999999999998 3.10868045596584e-7
1434.0 3.103987114031859e-7
1435.0 3.099302561405605e-7
1436.0 3.0946267697322824e-7
1437.0 3.0899597114009176e-7
1438.0000000000002 3.0853013595025544e-7
1439.0 3.0806516878023077e-7
1440.0 3.0760106706970116e-7
1441.0000000000002 3.071378283190522e-7
1442.0 3.0667545008551364e-7
1443.0 3.062139299809039e-7
1443.9999999999998 3.0575326566878416e-7
1445.0 3.052934548613131e-7
1446.0 3.0483449531742804e-7
1447.0 3.0437638484010685e-7
1448.0 3.039191212743934e-7
1449.0000000000002 3.034627025048511e-7
1450.0 3.030071264538937e-7
1451.0 3.0255239108003345e-7
1452.0000000000002 3.020984943755271e-7
1453.0 3.0164543436512643e-7
1454.0 3.0119320910444907e-7
1454.9999999999998 3.0074181667773976e-7
1456.0 3.0029125519780003e-7
1457.0 2.998415228033459e-7
1458.0 2.9939261765783247e-7
1459.0 2.9894453794926326e-7
1460.0 2.9849728188769134e-7
1461.0 2.9805084770522994e-7
1462.0 2.9760523365393796e-7
1463.0000000000002 2.9716043800570646e-7
1464.0 2.9671645905104066e-7
1465.0 2.9627329509807337e-7
1465.9999999999998 2.958309444722349e-7
1467.0 2.953894055145214e-7
1468.0 2.9494867658133384e-7
1469.0 2.945087560442513e-7
1470.0 2.9406964228840155e-7
1471.0 2.936313337125222e-7
1472.0 2.93193828728478e-7
1473.0 2.927571257600772e-7
1474.0000000000002 2.9232122324292746e-7
1475.0 2.9188611962424375e-7
1476.0 2.9145181336217243e-7
1476.9999999999998 2.910183029250195e-7
1478.0 2.905855867914182e-7
1479.0 2.9015366344993907e-7
1480.0 2.8972253139809177e-7
1481.0 2.8929218914283164e-7
1482.0 2.888626352000229e-7
1483.0 2.884338680936665e-7
1484.0 2.8800588635666424e-7
1485.0000000000002 2.875786885297987e-7
1486.0 2.871522731613252e-7
1487.0 2.8672663880789823e-7
1487.9999999999998 2.863017840332888e-7
1489.0 2.858777074089487e-7
1490.0 2.854544075133414e-7
1491.0 2.850318829322494e-7
1492.0 2.846101322584437e-7
1493.0 2.841891540918261e-7
1494.0 2.8376894703892974e-7
1495.0 2.8334950971337186e-7
1496.0000000000002 2.8293084073534163e-7
1497.0 2.8251293873208107e-7
1498.0 2.8209580233722365e-7
1498.9999999999998 2.8167943019145826e-7
1500.0 2.812638209415599e-7
1501.0 2.8084897324197604e-7
1502.0 2.804348857530329e-7
1503.0 2.800215571424464e-7
1504.0 2.7960898608420887e-7
1505.0 2.791971712594413e-7
1506.0 2.7878611135614517e-7
1507.0000000000002 2.783758050694134e-7
1508.0 2.779662511011521e-7
1509.0 2.775574481603914e-7
1509.9999999999998 2.771493949634788e-7
1511.0 2.7674209023426267e-7
1512.0 2.763355327035486e-7
1513.0 2.7592972110991026e-7
1514.0 2.7552465419974886e-7
1515.0 2.7512033072672586e-7
1516.0 2.74716749452815e-7
1517.0 2.743139091478914e-7
1518.0000000000002 2.7391180858994917e-7
1519.0 2.7351044656533726e-7
1520.0 2.731098218688726e-7
1520.9999999999998 2.727099333043028e-7
1522.0 2.723107796836512e-7
1523.0 2.7191235982840424e-7
1524.0 2.7151467256898155e-7
1525.0 2.711177167454492e-7
1526.0 2.707214912071401e-7
1527.0 2.7032599481349313e-7
1528.0 2.699312264333753e-7
1529.0000000000002 2.6953718494668205e-7
1530.0 2.6914386924302396e-7
1531.0 2.6875127822323463e-7
1531.9999999999998 2.6835941079856136e-7
1533.0 2.6796826589166967e-7
1534.0 2.675778424365317e-7
1535.0 2.6718813937906855e-7
1536.0 2.6679915567676735e-7
1537.0 2.664108902993806e-7
1538.0 2.6602334222934036e-7
1539.0 2.656365104615512e-7
1540.0000000000002 2.6525039400439845e-7
1541.0 2.648649918794637e-7
1542.0 2.644803031216656e-7
1542.9999999999998 2.6409632678047347e-7
1544.0 2.6371306191955947e-7
1545.0 2.6333050761682766e-7
1546.0 2.629486629658878e-7
1547.0 2.625675270751949e-7
1548.0 2.6218709906924214e-7
1549.0 2.6180737808867837e-7
1550.0 2.6142836329048796e-7
1551.0000000000002 2.610500538485482e-7
1552.0 2.6067244895436717e-7
1553.0 2.6029554781676016e-7
1553.9999999999998 2.5991934966299993e-7
1555.0 2.5954385373875054e-7
1556.0 2.591690593091374e-7
1557.0 2.587949656583831e-7
1558.0 2.5842157209081924e-7
1559.0 2.5804887793143916e-7
1560.0 2.5767688252594577e-7
1561.0 2.573055852421238e-7
1562.0000000000002 2.5693498546899324e-7
1563.0 2.565650826189572e-7
1564.0 2.56195876127032e-7
1564.9999999999998 2.55827365452298e-7
1566.0 2.554595500780402e-7
1567.0 2.550924295127216e-7
1568.0 2.5472600329008185e-7
1569.0 2.5436027097047316e-7
1570.0 2.539952321406307e-7
1571.0 2.536308864156404e-7
1572.0 2.5326723343840134e-7
1573.0000000000002 2.5290427288083224e-7
1574.0 2.5254200444503505e-7
1575.0 2.5218042786337246e-7
1575.9999999999998 2.518195428998999e-7
1577.0 2.5145934935048283e-7
1578.0 2.510998470444869e-7
1579.0 2.507410358451323e-7
1580.0 2.5038291565012117e-7
1581.0 2.5002548639348016e-7
1582.0 2.496687480457747e-7
1583.0 2.493127006151756e-7
1584.0000000000002 2.489573441489635e-7
1585.0 2.4860267873399403e-7
1586.0 2.4824870449807075e-7
1586.9999999999998 2.478954216113381e-7
1588.0 2.475428302868065e-7
1589.0 2.4719093078207607e-7
1590.0 2.468397234004554e-7
1591.0 2.4648920849238387e-7
1592.0 2.461393864561802e-7
1593.0 2.45790257740175e-7
1594.0 2.454418228436797e-7
1595.0000000000002 2.4509408231849685e-7
1596.0 2.447470367704875e-7
1597.0 2.4440068686124324e-7
1597.9999999999998 2.4405503330951676e-7
1599.0 2.437100768930004e-7
1600.0 2.433658184498923e-7
1601.0 2.430222588811648e-7
1602.0 2.4267939915167495e-7
1603.0 2.423372402926287e-7
1604.0 2.4199578340340783e-7
1605.0 2.4165502965378087e-7
1606.0000000000002 2.4131498028546804e-7
1607.0 2.4097563661498735e-7
1608.0 2.406370000355886e-7
1608.9999999999998 2.4029907201960285e-7
1610.0 2.399618541208104e-7
1611.0 2.3962534797724895e-7
1612.0 2.392895553135191e-7
1613.0 2.389544779434711e-7
1614.0 2.386201177730457e-7
1615.0 2.3828647680338815e-7
1616.0 2.3795355713326178e-7
1617.0000000000002 2.3762136096257898e-7
1618.0 2.3728989059542898e-7
1619.0 2.3695914844354693e-7
1619.9999999999998 2.3662913702916032e-7
1621.0 2.3629985898930913e-7
1622.0 2.3597131707846495e-7
1622.9999999999998 2.3564351417344106e-7
1624.0 2.3531645327644052e-7
1625.0 2.3499013751933412e-7
1626.0 2.3466457016755968e-7
1627.0 2.3433975462511635e-7
1628.0000000000002 2.3401569443814084e-7
1629.0 2.33692393299753e-7
1630.0 2.3336985505513717e-7
1630.9999999999998 2.33048083705886e-7
1632.0 2.3272708341537093e-7
1633.0 2.3240685851361975e-7
1633.9999999999998 2.320874135028269e-7
1635.0 2.3176875306300733e-7
1636.0 2.3145088205728036e-7
1637.0 2.311338055381829e-7
1638.0 2.308175287530575e-7
1639.0000000000002 2.3050205715089908e-7
1640.0 2.3018739638805682e-7
1641.0 2.298735523353246e-7
1641.9999999999998 2.2956053108424764e-7
1643.0 2.2924833895431602e-7
1644.0 2.289369824997149e-7
1644.9999999999998 2.2862646851671803e-7
1646.0 2.2831680405115824e-7
1647.0 2.280079964059115e-7
1648.0 2.2770005314851435e-7
1649.0 2.2739298211935972e-7
1650.0000000000002 2.270867914396193e-7
1651.0 2.2678148951927122e-7
1652.0 2.2647708506573612e-7
1652.9999999999998 2.2617358709232242e-7
1654.0 2.258710049269236e-7
1655.0 2.2556934822029378e-7
1655.9999999999998 2.2526862695558353e-7
1657.0 2.2496885145642537e-7
1658.0 2.2467003239690487e-7
1659.0 2.243721808096269e-7
1660.0 2.2407530809544137e-7
1661.0000000000002 2.237794260319454e-7
1662.0 2.2348454678293335e-7
1663.0 2.2319068290700467e-7
1664.0000000000002 2.2289784736679202e-7
1665.0 2.2260605353698525e-7
1666.0 2.2231531521383325e-7
1666.9999999999998 2.2202564662229826e-7
1668.0 2.217370624250701e-7
1669.0 2.2144957772962803e-7
1670.0 2.2116320809592415e-7
1671.0 2.208779695430899e-7
1672.0000000000002 2.20593878555625e-7
1673.0 2.2031095208934933e-7
1674.0 2.200292075766199e-7
1675.0000000000002 2.1974866293007763e-7
1676.0 2.1946933654681725e-7
1677.0 2.191912473104858e-7
1677.9999999999998 2.189144145925799e-7
1679.0 2.186388582533107e-7
1680.0 2.1836459864006673e-7
1681.0 2.1809165658546831e-7
1682.0 2.1782005340295502e-7
1683.0000000000002 2.175498108816642e-7
1684.0 2.172809512786331e-7
1685.0 2.1701349730974445e-7
1686.0000000000002 2.1674747213778435e-7
1687.0 2.164828993589126e-7
1688.0 2.162198029862131e-7
1688.9999999999998 2.1595820743080177e-7
1690.0 2.1569813747992418e-7
1691.0 2.1543961827214048e-7
1692.0 2.151826752692432e-7
1693.0 2.1492733422505313e-7
1694.0000000000002 2.146736211499484e-7
1695.0 2.144215622722706e-7
1696.0 2.1417118399513745e-7
1697.0000000000002 2.1392251284950012e-7
1698.0 2.1367557544263068e-7
1699.0 2.1343039840199245e-7
1699.9999999999998 2.1318700831394418e-7
1701.0 2.1294543165828071e-7
1702.0 2.127056947370298e-7
1703.0 2.1246782359825563e-7
1704.0 2.1223184395386268e-7
1705.0000000000002 2.1199778109300648e-7
1706.0 2.1176565978842655e-7
1707.0 2.1153550419857115e-7
1708.0000000000002 2.113073377626552e-7
1709.0 2.11081183090523e-7
1710.0 2.108570618472861e-7
1710.9999999999998 2.1063499463105306e-7
1712.0 2.104150008461483e-7
1713.0 2.101970985704853e-7
1714.0 2.099813044174224e-7
1715.0 2.09767633393283e-7
1716.0 2.0955609874948573e-7
1717.0 2.0934671183062013e-7
1718.0 2.0913948191872254e-7
1719.0000000000002 2.0893441607377436e-7
1720.0 2.087315189717613e-7
1721.0 2.0853079273958646e-7
1721.9999999999998 2.0833223678920122e-7
1723.0 2.0813584765044288e-7
1724.0 2.079416188036772e-7
1725.0 2.0774954051329746e-7
1726.0 2.0755959966284514e-7
1727.0 2.0737177959282047e-7
1728.0 2.0718605994234257e-7
1729.0 2.07002416495155e-7
1730.0000000000002 2.0682082103176501e-7
1731.0 2.066412411890379e-7
1732.0 2.0646364032731437e-7
1732.9999999999998 2.0628797740757647e-7
1734.0 2.0611420687938568e-7
1735.0 2.0594227858024616e-7
1736.0 2.057721376488088e-7
1737.0 2.0560372445235778e-7
1738.0 2.0543697452967217e-7
1739.0 2.0527181855098976e-7
1740.0 2.0510818229593413e-7
1741.0000000000002 2.04945986650278e-7
1742.0 2.0478514762245322e-7
1743.0 2.0462557638144934e-7
1743.9999999999998 2.0446717931613013e-7
1745.0 2.043098581165031e-7
1746.0 2.0415350987890395e-7
1747.0 2.0399802723336072e-7
1748.0 2.0384329849604553e-7
1749.0 2.0368920784444833e-7
1750.0 2.0353563551752853e-7
1751.0 2.0338245803919707e-7
1752.0000000000002 2.0322954846586884e-7
1753.0 2.0307677665672978e-7
1754.0 2.029240095676795e-7
1754.9999999999998 2.027711115661824e-7
1756.0 2.026179447685793e-7
1757.0 2.0246436939643058e-7
1758.0 2.023102441525473e-7
1759.0 2.021554266150568e-7
1760.0 2.0199977364706663e-7
1761.0 2.0184314182207933e-7
1762.0 2.0168538786181944e-7
1763.0000000000002 2.015263690863781e-7
1764.0 2.013659438732032e-7
1765.0 2.01203972124147e-7
1765.9999999999998 2.01040315738592e-7
1767.0 2.0087483908920628e-7
1768.0 2.007074095003448e-7
1769.0 2.0053789772465862e-7
1770.0 2.0036617841792525e-7
1771.0 2.0019213060778766e-7
1772.0 2.000156381554906e-7
1773.0 1.9983659020849998e-7
1774.0000000000002 1.9965488164037482e-7
1775.0 1.994704134772692e-7
1776.0 1.992830933077732e-7
1776.9999999999998 1.99092835674987e-7
1778.0 1.988995624472618e-7
1779.0 1.9870320316691427e-7
1780.0 1.9850369537476369e-7
1781.0 1.9830098490743258e-7
1782.0 1.9809502616728455e-7
1783.0 1.9788578236179269e-7
1784.0 1.9767322571224914e-7
1785.0000000000002 1.9745733762854874e-7
1786.0 1.9723810885013092e-7
1787.0 1.9701553955172665e-7
1787.9999999999998 1.9678963941146628e-7
1789.0 1.96560427642583e-7
1790.0 1.9632793298573086e-7
1791.0 1.960921936635233e-7
1792.0 1.9585325729475829e-7
1793.0 1.9561118076975213e-7
1794.0 1.9536603008638548e-7
1795.0 1.951178801461942e-7
1796.0000000000002 1.9486681451256296e-7
1797.0 1.9461292512990424e-7
1798.0 1.943563120066365e-7
1798.9999999999998 1.9409708286118965e-7
1800.0 1.9383535273376545e-7
1801.0 1.9357124356545997e-7
1802.0 1.9330488374538227e-7
1803.0 1.9303640762969224e-7
1804.0 1.9276595503314362e-7
1805.0 1.9249367069735786e-7
1806.0 1.9221970373722327e-7
1807.0000000000002 1.9194420706937583e-7
1808.0 1.9166733682558305e-7
1809.0 1.9138925175397887e-7
1809.9999999999998 1.911101126128998e-7
1811.0 1.9083008155913703e-7
1812.0 1.9054932153606804e-7
1813.0 1.9026799566412765e-7
1814.0 1.899862666380342e-7
1815.0 1.8970429613416534e-7
1816.0 1.8942224423207961e-7
1817.0 1.891402688538231e-7
1818.0000000000002 1.8885852522393085e-7
1819.0 1.8857716535396374e-7
1820.0 1.8829633755473465e-7
1820.9999999999998 1.8801618597880694e-7
1822.0 1.877368501955579e-7
1823.0 1.8745846480208874e-7
1824.0 1.8718115907098687e-7
1825.0 1.8690505663705293e-7
1826.0 1.866302752238862e-7
1827.0 1.8635692641186752e-7
1828.0 1.860851154474705e-7
1829.0000000000002 1.8581494109387237e-7
1830.0 1.855464955236265e-7
1831.0 1.8527986425159566e-7
1831.9999999999998 1.850151261077761e-7
1833.0 1.847523532490598e-7
1834.0 1.8449161120740007e-7
1835.0 1.8423295897322742e-7
1836.0 1.8397644911232077e-7
1837.0 1.8372212791255854e-7
1838.0 1.8347003555937183e-7
1839.0 1.8322020633638238e-7
1840.0000000000002 1.8297266884905476e-7
1841.0 1.8272744626807716e-7
1842.0 1.8248455659009293e-7
1842.9999999999998 1.8224401291238314e-7
1844.0 1.8200582371943105e-7
1845.0 1.8176999317789721e-7
1846.0 1.8153652143806035e-7
1847.0 1.813054049384033e-7
1848.0 1.8107663671192895e-7
1849.0 1.8085020669119436e-7
1850.0 1.806261020102357e-7
1851.0000000000002 1.8040430730169157e-7
1852.0 1.801848049875088e-7
1853.0 1.7996757556075795e-7
1853.9999999999998 1.7975259785925315e-7
1855.0 1.795398493270338e-7
1856.0 1.7932930626596774e-7
1857.0 1.791209440736844e-7
1858.0 1.789147374697491e-7
1859.0 1.787106607074823e-7
1860.0 1.7850868777329654e-7
1861.0 1.783087925712411e-7
1862.0000000000002 1.781109490946589e-7
1863.0 1.779151315836881e-7
1864.0 1.7772131466933013e-7
1864.9999999999998 1.7752947350451116e-7
1866.0 1.7733958388232438e-7
1867.0 1.7715162234156887e-7
1868.0 1.7696556626090395e-7
1869.0 1.767813939410337e-7
1870.0 1.76599084676293e-7
1871.0 1.7641861881634233e-7
1872.0 1.7623997781757406e-7
1873.0000000000002 1.76063144285674e-7
1874.0 1.7588810201024782e-7
1875.0 1.7571483599082266e-7
1875.9999999999998 1.7554333245606674e-7
1877.0 1.7537357887642925e-7
1878.0 1.7520556397029238e-7
1878.9999999999998 1.7503927770499953e-7
1880.0 1.7487471129265742e-7
1881.0 1.7471185718126587e-7
1882.0 1.745507090424524e-7
1883.0 1.7439126175450914e-7
1884.0000000000002 1.7423351138355057e-7
1885.0 1.74077455160815e-7
1886.0 1.7392309145811383e-7
1886.9999999999998 1.7377041976119858e-7
1888.0 1.7361944064116227e-7
1889.0 1.7347015572438338e-7
1889.9999999999998 1.7332256766153677e-7
1891.0 1.7317668009517172e-7
1892.0 1.7303249762715634e-7
1893.0 1.7289002578492234e-7
1894.0 1.7274927098774662e-7
1895.0000000000002 1.726102405126139e-7
1896.0 1.724729424600961e-7
1897.0 1.723373857201751e-7
1897.9999999999998 1.7220357993829924e-7
1899.0 1.7207153548143038e-7
1900.0 1.7194126340475387e-7
1900.9999999999998 1.718127754184837e-7
1902.0 1.7168608385500943e-7
1903.0 1.715612016370277e-7
1904.0 1.7143814224550537e-7
1905.0 1.7131691968851732e-7
1906.0000000000002 1.7119754847075894e-7
1907.0 1.7108004356333161e-7
1908.0 1.709644203743996e-7
1908.9999999999998 1.7085069472016523e-7
1910.0 1.7073888279650735e-7
1911.0 1.7062900115140747e-7
1911.9999999999998 1.7052106665752444e-7
1913.0 1.704150964858803e-7
1914.0 1.703111080796284e-7
1915.0 1.7020911912859603e-7
1916.0 1.7010914754423864e-7
1917.0000000000002 1.700112114353378e-7
1918.0 1.6991532908395147e-7
1919.0 1.6982151892195174e-7
1919.9999999999998 1.6972979950804283e-7
1921.0 1.696401895052072e-7
1922.0 1.695527076587389e-7
1922.9999999999998 1.6946737277437218e-7
1924.0 1.6938420369723284e-7
1925.0 1.6930321929092672e-7
1926.0 1.6922443841721696e-7
1927.0 1.691478799157739e-7
1928.0000000000002 1.6907356258466335e-7
1929.0 1.6900150516107747e-7
1930.0 1.6893172630225813e-7
1931.0000000000002 1.6886424456718439e-7
1932.0 1.687990783979838e-7
1933.0 1.6873624610244678e-7
1933.9999999999998 1.6867576583630524e-7
1935.0 1.686176555861719e-7
1936.0 1.6856193315272962e-7
1937.0 1.6850861613417148e-7
1938.0 1.6845772191038906e-7
1939.0000000000002 1.6840926762701532e-7
1940.0 1.683632701801144e-7
1941.0 1.6831974620131797e-7
1942.0000000000002 1.6827871204312044e-7
1943.0 1.6824018376478979e-7
1944.0 1.6820417711853066e-7
1944.9999999999998 1.6817070753600454e-7
1946.0 1.681397901155305e-7
1947.0 1.6811143960937829e-7
1948.0 1.6808567041174391e-7
1949.0 1.680624965471512e-7
1950.0000000000002 1.680419316591521e-7
1951.0 1.680239889997144e-7
1952.0 1.6800868141885452e-7
1953.0000000000002 1.6799602135501516e-7
1954.0 1.679860208256635e-7
1955.0 1.6797869141882567e-7
1955.9999999999998 1.6797404428460298e-7
1957.0 1.6797209012757327e-7
1958.0 1.679728391998065e-7
1959.0 1.6797630129408084e-7
1960.0 1.6798248573795793e-7
1961.0000000000002 1.6799140138824047e-7
1962.0 1.6800305662621378e-7
1963.0 1.680174593531916e-7
1964.0000000000002 1.68034616986714e-7
1965.0 1.6805453645760144e-7
1966.0 1.6807722420716033e-7
1966.9999999999998 1.681026861852845e-7
1968.0 1.6813092784894757e-7
1969.0 1.681619541614858e-7
1970.0 1.6819576959219519e-7
1971.0 1.6823237811676832e-7
1972.0 1.6827178321812866e-7
1973.0 1.6831398788780066e-7
1974.0 1.6835899462805265e-7
1975.0000000000002 1.6840680545430807e-7
1976.0 1.684574218982802e-7
1977.0 1.6851084501165998e-7
1977.9999999999998 1.6856707537014875e-7
1979.0 1.6862611307806439e-7
1980.0 1.6868795777363978e-7
1981.0 1.687526086343325e-7
1982.0 1.6882006438314886e-7
1983.0 1.6889032329497724e-7
1984.0 1.689633832035023e-7
1985.0 1.6903924150862342e-7
1986.0000000000002 1.6911789518404815e-7
1987.0 1.691993407854287e-7
1988.0 1.6928357445875727e-7
1988.9999999999998 1.6937059194913373e-7
1990.0 1.694603886097316e-7
1991.0 1.695529594112409e-7
1992.0 1.6964829895138763e-7
1993.0 1.697464014647244e-7
1994.0 1.698472608327617e-7
1995.0 1.6995087059414336e-7
1996.0 1.7005722395509266e-7
1997.0000000000002 1.7016631379991045e-7
1998.0 1.7027813270169966e-7
1999.0 1.703926729331599e-7
1999.9999999999998 1.7050992647738754e-7
