0.0 1.0827157925598939e-5
1.0 1.082736953765953e-5
2.0 1.0828004427944445e-5
3.0 1.0829062759527744e-5
4.0 1.0830544803292863e-5
5.0 1.0832450939364441e-5
6.0 1.0834781657283892e-5
7.0 1.08375375551295e-5
8.0 1.0840719341324074e-5
9.0 1.0844327834120202e-5
10.0 1.0848363963153763e-5
10.999999999999998 1.0852828768556814e-5
12.0 1.085772340305463e-5
13.000000000000002 1.086304913257664e-5
14.0 1.0868807335982194e-5
14.999999999999998 1.0874999507238644e-5
16.0 1.0881627255713963e-5
17.0 1.088869230794195e-5
18.0 1.0896196507594809e-5
19.0 1.090414181789835e-5
20.0 1.0912530322871393e-5
21.0 1.0921364227933197e-5
21.999999999999996 1.0930645861970575e-5
23.0 1.0940377679017001e-5
24.0 1.095056225991056e-5
25.0 1.0961202313898292e-5
26.000000000000004 1.097230068064378e-5
27.0 1.09838603321053e-5
28.0 1.0995884374631567e-5
29.0 1.1008376051558132e-5
29.999999999999996 1.102133874488684e-5
31.0 1.1034775978320306e-5
32.0 1.1048691419447917e-5
33.0 1.1063088882240586e-5
34.0 1.107797233012969e-5
35.0 1.1093345879324192e-5
36.0 1.110921379990608e-5
37.0 1.1125580522342241e-5
38.0 1.1142450637382112e-5
39.0 1.1159828901727787e-5
40.0 1.1177720240689063e-5
41.0 1.119612975201319e-5
42.0 1.1215062710400902e-5
43.0 1.1234524570628375e-5
43.99999999999999 1.125452097266007e-5
45.0 1.1275057745258072e-5
46.0 1.1296140911592893e-5
47.0 1.1317776693265449e-5
48.0 1.1339971515308296e-5
49.0 1.1362732012144084e-5
50.0 1.1386065032253726e-5
51.0 1.1409977643901112e-5
52.00000000000001 1.1434477142098224e-5
53.0 1.1459571052726017e-5
54.0 1.1485267140630708e-5
55.0 1.151157341626495e-5
56.0 1.1538498140922777e-5
57.0 1.156604983633575e-5
58.0 1.1594237289875851e-5
59.0 1.1623069564512036e-5
59.99999999999999 1.1652556005543287e-5
61.0 1.1682706249552405e-5
62.0 1.1713530233066263e-5
63.0 1.1745038202376462e-5
64.0 1.1777240722929877e-5
65.0 1.1810148688881103e-5
66.0 1.1843773333881041e-5
67.0 1.1878126242660254e-5
68.0 1.1913219361525473e-5
69.0 1.1949065010290945e-5
70.0 1.1985675895863004e-5
71.0 1.2023065123774e-5
72.0 1.206124621218831e-5
73.0 1.2100233106969169e-5
74.0 1.2140040194518079e-5
75.0 1.2180682318941873e-5
76.0 1.2222174798183236e-5
77.0 1.2264533439238524e-5
78.0 1.230777455704817e-5
79.0 1.2351914993857582e-5
80.0 1.2396972135970215e-5
81.0 1.2442963936100045e-5
82.0 1.2489908933613054e-5
83.00000000000001 1.2537826276896842e-5
84.0 1.258673574677674e-5
85.0 1.2636657780191978e-5
86.0 1.268761349601364e-5
87.0 1.2739624722775426e-5
87.99999999999999 1.2792714024337203e-5
89.0 1.284690473133825e-5
90.0 1.2902220972412165e-5
91.0 1.2958687703756556e-5
92.0 1.301633074654876e-5
92.99999999999999 1.3075176821291471e-5
94.0 1.313525358439829e-5
95.0 1.3196589670045877e-5
96.0 1.325921472999632e-5
97.0 1.3323159477706575e-5
98.0 1.3388455735590068e-5
99.00000000000001 1.3455136482847031e-5
100.0 1.3523235906172778e-5
101.0 1.3592789455468945e-5
102.0 1.3663833898489553e-5
103.0 1.373640738310239e-5
104.00000000000001 1.3810549500939405e-5
105.0 1.3886301352230007e-5
106.0 1.3963705618716965e-5
107.0 1.4042806639470434e-5
108.0 1.4123650487378568e-5
108.99999999999999 1.4206285055650243e-5
110.0 1.4290760146519208e-5
111.0 1.43771275642388e-5
112.0 1.4465441216822665e-5
113.0 1.4555757221751002e-5
114.0 1.4648134017109494e-5
115.00000000000001 1.474263248420743e-5
116.0 1.4839316072340724e-5
117.0 1.4938250935129287e-5
118.0 1.5039506073926929e-5
119.0 1.5143153492253886e-5
119.99999999999999 1.5249268358822004e-5
121.0 1.535792918091487e-5
122.0 1.546921799064755e-5
123.0 1.5583220545175994e-5
124.0 1.5700026536144344e-5
124.99999999999999 1.581972981944272e-5
126.0 1.5942428655256758e-5
127.0 1.606822596941823e-5
128.0 1.6197229634142204e-5
129.0 1.6329552762555694e-5
130.0 1.6465314033497634e-5
131.0 1.6604638035634152e-5
132.0 1.6747655636813633e-5
133.0 1.6894504385710713e-5
134.0 1.7045328941246922e-5
135.0 1.720028153484815e-5
136.0 1.735952247488905e-5
137.0 1.7523220684691168e-5
138.0 1.7691554289658725e-5
139.0 1.7864711248951483e-5
140.0 1.804289004584712e-5
141.0 1.8226300430867878e-5
142.0 1.8415164230784187e-5
143.0 1.860971623226621e-5
144.0 1.8810205135296432e-5
145.0 1.901689460654956e-5
146.0 1.923006441223916e-5
147.0 1.9450011670542234e-5
148.0 1.967705221362494e-5
149.0 1.991152208515276e-5
150.0 2.015377917930555e-5
151.0 2.0404205049038214e-5
152.0 2.066320688709776e-5
153.0 2.0931219720409303e-5
154.0 2.1208708823440316e-5
155.0 2.14961723954063e-5
156.0 2.1794144520118927e-5
157.0 2.2103198456143935e-5
158.0 2.2423950294935474e-5
159.0 2.275706303171006e-5
160.0 2.3103251117964936e-5
161.0 2.346328554313953e-5
162.0 2.3837999540968497e-5
163.0 2.4228295000175366e-5
164.0 2.463514966963918e-5
164.99999999999997 2.5059625312498266e-5
166.00000000000003 2.550287691265346e-5
167.0 2.596616313881439e-5
168.0 2.6450858224599313e-5
169.0 2.6958465547723773e-5
170.0 2.749063314817256e-5
171.0 2.8049171538103148e-5
172.0 2.863607422372275e-5
173.0 2.9253541392050696e-5
174.0 2.990400739642939e-5
174.99999999999997 3.0590172715093756e-5
175.99999999999997 3.131504130991866e-5
177.00000000000003 3.208196444873545e-5
178.0 3.289469231220194e-5
179.0 3.375743511540723e-5
180.0 3.467493576505809e-5
181.0 3.56525567564347e-5
182.0 3.669638457815742e-5
183.0 3.781335598636973e-5
184.0 3.9011411576301384e-5
185.0 4.029968381801851e-5
185.99999999999997 4.1688728956303494e-5
187.00000000000003 4.319081507335974e-5
188.0 4.482028291903482e-5
189.0 4.6594001723872775e-5
190.0 4.85319505368108e-5
191.0 5.065796715763933e-5
192.0 5.300072361297606e-5
193.0 5.5595012243674924e-5
194.0 5.848346347556093e-5
195.0 6.171887371097089e-5
196.0 6.536741029791074e-5
196.99999999999997 6.95131026223762e-5
198.00000000000003 7.42642593946795e-5
199.0 7.976284102230638e-5
200.0 8.619848822952212e-5
201.0 9.383011014264772e-5
202.0 0.00010302016667906935
203.0 0.0001142910916431806
204.0 0.00012842200824662102
205.0 0.0001466222697443802
206.0 0.00017085871969010788
206.99999999999997 0.00020450310652477522
208.00000000000003 0.000253641721406684
209.00000000000003 0.0003294183339559965
210.0 0.0004477100888964491
211.0 0.0005841420667877948
212.0 0.0005672406165809631
213.0 0.0004229528909528974
214.0 0.00030936738623465847
215.0 0.00023731525304735495
216.0 0.0001903876592914295
217.0 0.00015807228885014312
217.99999999999997 0.0001346770820756089
219.00000000000003 0.00011703792686708743
220.0 0.0001032990536180098
221.0 9.231334955705101e-5
222.0 8.333832162166114e-5
223.0 7.587409244884296e-5
224.0 6.957266519430828e-5
225.0 6.418474454013223e-5
226.0 5.9527290815168606e-5
227.0 5.5463012622199605e-5
228.0 5.188699672787884e-5
228.99999999999997 4.871774927657452e-5
230.00000000000003 4.5891045503729804e-5
231.0 4.335561521634997e-5
232.0 4.107005670378033e-5
233.0 3.900059039794043e-5
234.0 3.7119397479323606e-5
235.0 3.540337297544023e-5
236.0 3.383317727216214e-5
237.0 3.23925053917825e-5
238.0 3.106751736127795e-5
238.99999999999997 2.9846389131075563e-5
239.99999999999997 2.8718954769966307e-5
241.00000000000003 2.7676418589040658e-5
242.0 2.6711121490690293e-5
243.0 2.581634991552028e-5
244.0 2.498617877479552e-5
245.0 2.4215341924724324e-5
246.0 2.349912537904369e-5
247.0 2.283327954586871e-5
248.0 2.2213947619366753e-5
249.0 2.163760776782446e-5
249.99999999999997 2.1101027068284222e-5
251.00000000000003 2.0601225364241057e-5
252.0 2.0135447330126916e-5
253.0 1.9701141099297478e-5
254.0 1.929594198601876e-5
255.0 1.891765989730665e-5
256.0 1.856426927447349e-5
257.0 1.823390059161793e-5
258.0 1.792483266999532e-5
259.0 1.763548528022138e-5
260.0 1.7364411721522857e-5
261.0 1.7110291212229878e-5
262.0 1.6871921062488522e-5
263.0 1.6648208682020937e-5
264.0 1.64381635230495e-5
265.0 1.6240889078750285e-5
266.0 1.6055575067782874e-5
267.0 1.588148990501525e-5
268.0 1.5717973552729886e-5
269.0 1.5564430820350855e-5
270.0 1.5420325145314686e-5
271.0 1.528517288471473e-5
272.0 1.5158538119745916e-5
273.0 1.5040027957379772e-5
274.0 1.4929288316151454e-5
275.0 1.4826000164167559e-5
276.0 1.472987617863356e-5
277.0 1.4640657793465716e-5
278.0 1.4558112600570126e-5
279.0 1.4482032070065202e-5
280.0 1.4412229560180706e-5
281.0 1.4348538582041411e-5
282.0 1.429081129701801e-5
283.0 1.4238917218546882e-5
284.0 1.4192742098006263e-5
285.0 1.4152186971681352e-5
286.0 1.4117167357143444e-5
287.0 1.4087612578502593e-5
288.0 1.4063465211420904e-5
289.0 1.4044680635792915e-5
290.0 1.4031226686659778e-5
291.0 1.4023083397388936e-5
292.0 1.4020242828087443e-5
293.0 1.4022708975037033e-5
294.0 1.403049775842935e-5
295.0 1.4043637086000427e-5
296.0 1.40621669915111e-5
297.0 1.4086139848494434e-5
298.0 1.411562066052893e-5
299.0 1.4150687429886942e-5
300.0 1.4191431608002071e-5
301.0 1.4237958631937213e-5
302.0 1.4290388552485627e-5
303.0 1.4348856760220997e-5
304.0 1.4413514817588463e-5
305.0 1.4484531406402423e-5
306.0 1.4562093401666374e-5
307.0 1.4646407084478563e-5
308.0 1.4737699508936345e-5
309.0 1.4836220040309958e-5
310.0 1.494224208404558e-5
311.0 1.5056065029239075e-5
312.0 1.517801643257063e-5
313.0 1.530845447410452e-5
314.0 1.544777072084032e-5
315.0 1.559639323928441e-5
316.0 1.575479010636109e-5
317.0 1.5923473374566694e-5
318.0 1.61030035589693e-5
319.0 1.6293994722715884e-5
320.0 1.649712025398101e-5
321.0 1.6713119442264582e-5
322.0 1.694280498198698e-5
323.0 1.7187071556776997e-5
324.0 1.7446905685490765e-5
325.0 1.7723397048033103e-5
326.0 1.801775155215311e-5
327.0 1.8331306455164625e-5
328.0 1.8665547925536233e-5
329.0 1.9022131500386194e-5
329.99999999999994 1.940290601584441e-5
331.0 1.9809941693586197e-5
332.00000000000006 2.0245563244826444e-5
333.0 2.0712389048430334e-5
334.0 2.121337771952922e-5
335.0 2.175188371549523e-5
336.0 2.2331724048196467e-5
337.0 2.2957258715829132e-5
338.0 2.3633488175718168e-5
339.0 2.4366172092717864e-5
340.0 2.5161974813637707e-5
340.99999999999994 2.6028644578051472e-5
342.0 2.697523555930995e-5
343.00000000000006 2.8012384572234845e-5
344.0 2.915265786666416e-5
345.0 3.041098814293026e-5
346.0 3.180522799113197e-5
347.0 3.3356853641980484e-5
348.0 3.509186208174537e-5
349.0 3.704191450462512e-5
349.99999999999994 3.924578699505656e-5
351.0 4.175118777620539e-5
351.99999999999994 4.4616971271167614e-5
353.0 4.791567926397617e-5
354.00000000000006 5.173606915582828e-5
355.0 5.618462286515655e-5
356.0 6.13834737254499e-5
357.0 6.745873335310953e-5
358.0 7.450611239622489e-5
359.0 8.25085329130001e-5
360.0 9.116895955605997e-5
360.99999999999994 9.964872167838833e-5
362.0 0.00010636720121969835
363.00000000000006 0.00010933495804267137
364.0 0.00010733451446872354
365.0 0.00010095916102574687
366.0 9.211863819819172e-5
367.0 8.269087066103683e-5
368.0 7.381453031392736e-5
369.0 6.595382397130817e-5
370.0 5.918705595145485e-5
371.0 5.342552922218071e-5
371.99999999999994 4.8529114284202404e-5
373.0 4.435637888037253e-5
374.00000000000006 4.0782446811699974e-5
375.0 3.770295180782365e-5
376.0 3.50327110987142e-5
377.0 3.270281516932238e-5
378.0 3.065758978321668e-5
379.0 2.885192845511953e-5
380.0 2.7249106615407085e-5
381.0 2.581904610447327e-5
382.0 2.453695652260511e-5
382.99999999999994 2.338227673905936e-5
384.0 2.2337849824932782e-5
385.00000000000006 2.138927752047632e-5
386.0 2.052441227291658e-5
387.0 1.9732954796805404e-5
388.0 1.9006132852786756e-5
389.0 1.8336442965005803e-5
390.0 1.7717441225086954e-5
391.0 1.7143572713977346e-5
392.0 1.6610031549859393e-5
393.0 1.611264542276605e-5
393.99999999999994 1.5647779860054126e-5
395.0 1.5212258499304513e-5
396.00000000000006 1.480329643278945e-5
397.0 1.4418444281421534e-5
398.0 1.4055541118860923e-5
399.0 1.3712674727814445e-5
400.0 1.3388147949019234e-5
401.0 1.3080450113755308e-5
402.0 1.2788232725235466e-5
403.0 1.2510288707023942e-5
404.0 1.2245534644760376e-5
404.99999999999994 1.1992995557989666e-5
406.0 1.1751791798715054e-5
407.00000000000006 1.1521127761716686e-5
408.0 1.1300282121745856e-5
409.0 1.108859937851815e-5
410.0 1.0885482508362551e-5
411.0 1.0690386565991981e-5
412.0 1.0502813100820523e-5
413.0 1.0322305266328851e-5
413.99999999999994 1.0148443533571558e-5
415.0 9.980841918297287e-6
416.00000000000006 9.819144657788103e-6
417.0 9.663023273264733e-6
418.00000000000006 9.51217396946783e-6
419.0 9.366315325550162e-6
420.0 9.22518624223187e-6
421.0 9.088544111956205e-6
422.0 8.956163183791248e-6
423.0 8.827833100033714e-6
424.0 8.703357584316354e-6
424.99999999999994 8.582553262497929e-6
426.0 8.4652486004167e-6
427.00000000000006 8.35128294726087e-6
428.0 8.24050567006816e-6
429.0 8.132775370469749e-6
430.0 8.02795917564719e-6
431.0 7.925932092218324e-6
432.0 7.826576421459866e-6
433.0 7.729781223626539e-6
434.0 7.635441832176093e-6
435.0 7.543459406651515e-6
435.99999999999994 7.453740526860747e-6
437.0 7.366196818605936e-6
438.00000000000006 7.280744611562114e-6
439.0 7.197304624548611e-6
440.0 7.115801676037843e-6
441.0 7.036164417820532e-6
442.0 6.95832508921351e-6
443.0 6.8822192898151345e-6
444.0 6.807785770618639e-6
445.0 6.7349662394291144e-6
446.0 6.663705181179892e-6
446.99999999999994 6.5939496920957545e-6
448.0 6.5256493243504815e-6
449.00000000000006 6.458755942747241e-6
450.0 6.393223591564838e-6
451.0 6.329008369736927e-6
452.0 6.266068315485289e-6
453.0 6.2043632983588175e-6
454.0 6.143854918315522e-6
455.0 6.084506411785091e-6
456.0 6.026282563870149e-6
457.0 5.96914962579776e-6
457.99999999999994 5.913075238395512e-6
459.0 5.858028359198436e-6
460.00000000000006 5.803979195660621e-6
461.0 5.750899140879398e-6
462.0 5.6987607148391386e-6
463.0 5.647537507435759e-6
464.0 5.597204126727473e-6
465.0 5.547736148749061e-6
466.0 5.499110071202886e-6
467.0 5.451303269474223e-6
468.0 5.404293955056918e-6
468.99999999999994 5.358061136547255e-6
470.0 5.312584582955888e-6
471.00000000000006 5.267844788503745e-6
472.0 5.223822940038651e-6
473.0 5.180500885753054e-6
474.0 5.137861105927018e-6
475.0 5.0958866847783125e-6
476.0 5.054561284287649e-6
477.0 5.013869119315797e-6
477.99999999999994 4.973794933514259e-6
479.0 4.934323977353909e-6
479.99999999999994 4.895441986458974e-6
481.0 4.857135161354349e-6
482.00000000000006 4.8193901485306045e-6
483.0 4.782194021959722e-6
484.0 4.745534265611989e-6
485.0 4.7093987573291695e-6
486.0 4.673775752712683e-6
487.0 4.63865387045219e-6
488.0 4.604022077798534e-6
488.99999999999994 4.569869677381368e-6
490.0 4.536186293856563e-6
491.00000000000006 4.502961861914451e-6
492.0 4.4701866142471514e-6
493.0 4.437851070499296e-6
494.0 4.40594602651685e-6
495.0 4.37446254412516e-6
496.0 4.343391941284882e-6
497.0 4.312725782785667e-6
498.0 4.282455871394586e-6
499.0 4.252574239201853e-6
499.99999999999994 4.223073139489383e-6
501.0 4.193945038972199e-6
502.00000000000006 4.1651826102521394e-6
503.0 4.136778724626925e-6
504.0 4.108726445303921e-6
505.0 4.081019020800367e-6
506.0 4.05364987851307e-6
507.0 4.026612618952656e-6
508.0 3.9999010095616025e-6
509.0 3.973508979520659e-6
510.0 3.947430614166463e-6
510.99999999999994 3.921660149926306e-6
512.0 3.896191969461755e-6
513.0 3.871020596888241e-6
514.0 3.846140693166371e-6
515.0 3.821547051877844e-6
516.0 3.797234594847357e-6
517.0 3.773198368312451e-6
518.0 3.7494335389050043e-6
519.0 3.725935389845417e-6
520.0 3.7026993175768647e-6
521.0 3.6797208280919842e-6
522.0 3.656995533708115e-6
523.0 3.6345191497665576e-6
524.0 3.6122874917006366e-6
525.0 3.590296471871273e-6
526.0 3.5685420967665212e-6
527.0 3.547020464301139e-6
528.0 3.525727761033382e-6
529.0 3.5046602596843717e-6
530.0 3.483814316533537e-6
531.0 3.463186369173048e-6
532.0 3.4427729341003393e-6
533.0 3.4225706044243154e-6
534.0 3.4025760478833976e-6
535.0 3.382786004577673e-6
536.0 3.3631972850994417e-6
537.0 3.3438067684383244e-6
538.0 3.3246114002948896e-6
539.0 3.3056081910765446e-6
540.0 3.2867942142116964e-6
541.0 3.26816660452608e-6
542.0 3.2497225564594252e-6
543.0 3.2314593225892405e-6
544.0 3.213374212001034e-6
545.0 3.1954645889006887e-6
546.0 3.177727871107203e-6
547.0 3.160161528605892e-6
548.0 3.142763082340593e-6
549.0 3.125530102777204e-6
550.0 3.1084602087052867e-6
551.0 3.0915510659284057e-6
552.0 3.074800386251069e-6
553.0 3.0582059260475163e-6
554.0 3.041765485412508e-6
555.0 3.025476906947573e-6
556.0 3.009338074683143e-6
557.0 2.993346913153343e-6
558.0 2.977501386309906e-6
559.0 2.9617994966096833e-6
560.0 2.9462392841109296e-6
561.0 2.9308188255284384e-6
562.0 2.9155362333176457e-6
563.0 2.9003896549659083e-6
564.0 2.8853772719547334e-6
565.0 2.8704972991652404e-6
566.0 2.8557479839458196e-6
567.0 2.8411276054253853e-6
568.0 2.8266344737786556e-6
569.0 2.81226692947185e-6
570.0 2.798023342592551e-6
571.0 2.78390211217304e-6
572.0 2.769901665542305e-6
573.0 2.756020457643653e-6
574.0 2.742256970468432e-6
575.0 2.728609712423155e-6
576.0 2.715077217725548e-6
577.0 2.7016580458569797e-6
578.0 2.688350781009683e-6
579.0 2.6751540315474882e-6
580.0 2.662066429424501e-6
581.0 2.6490866297618115e-6
582.0 2.6362133102330214e-6
583.0 2.6234451707183783e-6
584.0 2.6107809327060006e-6
585.0 2.598219338905532e-6
586.0 2.5857591527423773e-6
587.0 2.573399158017839e-6
588.0 2.5611381583190105e-6
589.0 2.5489749767751016e-6
590.0 2.5369084555669294e-6
591.0 2.5249374555288376e-6
592.0 2.513060855757093e-6
593.0 2.501277553298402e-6
594.0 2.489586462707447e-6
595.0 2.4779865157441885e-6
596.0 2.466476661012051e-6
597.0 2.4550558635804625e-6
598.0 2.443723104712042e-6
599.0 2.4324773815034213e-6
600.0 2.42131770660339e-6
601.0 2.410243107845496e-6
602.0 2.399252628027348e-6
603.0 2.3883453245221307e-6
604.0 2.377520269108657e-6
605.0 2.366776547589869e-6
606.0 2.3561132595849844e-6
607.0 2.34552951821694e-6
608.0 2.3350244498984603e-6
609.0 2.3245971940404576e-6
610.0 2.314246902845512e-6
611.0 2.303972741000167e-6
612.0 2.293773885536531e-6
613.0 2.2836495254847803e-6
614.0 2.2735988617494354e-6
615.0 2.263621106828359e-6
616.0 2.253715484615557e-6
617.0 2.243881230213751e-6
618.0 2.2341175896774913e-6
619.0 2.2244238198492563e-6
620.0 2.2147991881730776e-6
621.0 2.205242972449761e-6
622.0 2.1957544607257672e-6
623.0 2.1863329510185813e-6
624.0 2.176977751225407e-6
625.0 2.167688178869828e-6
626.0 2.1584635610172134e-6
627.0 2.149303233995899e-6
628.0 2.1402065433418455e-6
629.0 2.1311728435610584e-6
630.0 2.1222014980028946e-6
631.0 2.113291878714866e-6
632.0 2.104443366257324e-6
633.0 2.0956553495980495e-6
634.0 2.0869272259376297e-6
635.0 2.0782584005718323e-6
636.0 2.069648286764224e-6
637.0 2.061096305597892e-6
638.0 2.0526018858693205e-6
639.0 2.0441644639105496e-6
640.0 2.035783483500229e-6
641.0 2.027458395730498e-6
642.0 2.0191886588809886e-6
643.0 2.0109737382966743e-6
644.0 2.0028131062770467e-6
645.0 1.9947062419414083e-6
646.0 1.9866526311611114e-6
647.0 1.978651766397106e-6
648.0 1.9707031466290276e-6
649.0 1.9628062772239863e-6
650.0 1.954960669844144e-6
651.0 1.947165842351756e-6
652.0 1.9394213187078663e-6
653.0000000000001 1.931726628848834e-6
654.0 1.924081308620694e-6
655.0 1.916484899684725e-6
656.0 1.9089369493908906e-6
657.0 1.9014370107343872e-6
658.0 1.8939846422430084e-6
659.0 1.8865794078687087e-6
659.9999999999999 1.8792208769408775e-6
661.0 1.8719086240634857e-6
662.0 1.864642229035334e-6
663.0 1.8574212767806246e-6
664.0000000000001 1.8502453572380004e-6
665.0 1.843114065327338e-6
666.0 1.836027000821089e-6
667.0 1.828983768328253e-6
668.0 1.8219839771764544e-6
669.0 1.8150272413637338e-6
670.0 1.8081131794680083e-6
670.9999999999999 1.8012414145966793e-6
672.0 1.7944115743094501e-6
673.0 1.7876232905598496e-6
674.0 1.7808761996124058e-6
675.0000000000001 1.774169941993196e-6
676.0 1.7675041624304156e-6
677.0 1.7608785097700396e-6
678.0 1.7542926369411428e-6
679.0 1.7477462008771353e-6
680.0 1.7412388624721098e-6
681.0 1.7347702865060894e-6
681.9999999999999 1.728340141601772e-6
683.0 1.7219481001672017e-6
684.0 1.715593838323939e-6
685.0 1.7092770359007131e-6
686.0000000000001 1.702997376301972e-6
687.0 1.6967545465423767e-6
688.0 1.690548237131145e-6
688.9999999999999 1.6843781420528667e-6
690.0 1.6782439587126314e-6
691.0 1.672145387889237e-6
692.0 1.6660821336783797e-6
692.9999999999999 1.6600539034575504e-6
694.0 1.6540604078305148e-6
695.0 1.6481013605878165e-6
696.0 1.642176478662355e-6
697.0000000000001 1.6362854820859156e-6
698.0 1.6304280939467053e-6
699.0 1.6246040403425356e-6
699.9999999999999 1.6188130503425268e-6
701.0 1.613054855939532e-6
702.0 1.6073291920347015e-6
703.0 1.6016357963694886e-6
703.9999999999999 1.5959744094869904e-6
705.0 1.5903447747235222e-6
706.0 1.5847466381434379e-6
707.0 1.579179748509864e-6
708.0000000000001 1.5736438572474889e-6
709.0 1.5681387184192996e-6
710.0 1.5626640886747639e-6
710.9999999999999 1.5572197272136905e-6
712.0 1.5518053957727423e-6
713.0 1.5464208585753488e-6
714.0 1.541065882302309e-6
715.0000000000001 1.535740236055202e-6
716.0 1.5304436913425808e-6
717.0 1.5251760220273861e-6
718.0 1.5199370042980908e-6
719.0000000000001 1.5147264166556558e-6
720.0 1.5095440398700586e-6
721.0 1.5043896569515777e-6
721.9999999999999 1.4992630531177656e-6
723.0 1.4941640157871467e-6
724.0 1.4890923345258527e-6
725.0 1.4840478010196634e-6
726.0000000000001 1.4790302090733305e-6
727.0 1.47403935455942e-6
728.0 1.4690750354004935e-6
729.0 1.464137051540028e-6
730.0 1.4592252049205292e-6
731.0 1.4543392994573916e-6
732.0 1.4494791410156156e-6
732.9999999999999 1.4446445373840178e-6
734.0 1.4398352982520553e-6
735.0 1.4350512351703522e-6
736.0 1.4302921615655499e-6
737.0000000000001 1.4255578926771428e-6
738.0 1.4208482455588e-6
739.0 1.4161630390479314e-6
740.0 1.4115020937376673e-6
741.0 1.406865231983399e-6
742.0 1.402252277832723e-6
743.0 1.3976630570532867e-6
743.9999999999999 1.393097397082442e-6
745.0 1.3885551270176188e-6
746.0 1.3840360775975003e-6
747.0 1.3795400811710984e-6
748.0000000000001 1.375066971695923e-6
749.0 1.3706165847016585e-6
750.0 1.3661887572872872e-6
751.0 1.3617833280861618e-6
752.0 1.3574001372585597e-6
753.0 1.353039026474951e-6
754.0 1.348699838886929e-6
754.9999999999999 1.3443824191205561e-6
756.0 1.3400866132588513e-6
757.0 1.3358122688081474e-6
758.0 1.3315592347108184e-6
759.0000000000001 1.3273273613049484e-6
760.0 1.3231165003065004e-6
761.0 1.3189265048199908e-6
762.0 1.3147572292875711e-6
763.0 1.3106085295030333e-6
764.0 1.306480262573087e-6
765.0 1.3023722869177332e-6
765.9999999999999 1.2982844622502757e-6
767.0 1.2942166495647181e-6
768.0 1.290168711111006e-6
769.0 1.2861405104017893e-6
770.0000000000001 1.2821319121687354e-6
771.0 1.2781427823792133e-6
772.0 1.2741729881972683e-6
773.0 1.2702223979861187e-6
774.0 1.2662908812913765e-6
775.0 1.2623783088213095e-6
776.0 1.2584845524365032e-6
776.9999999999999 1.2546094851454565e-6
778.0 1.250752981083432e-6
779.0 1.246914915497714e-6
780.0 1.2430951647428543e-6
781.0000000000001 1.2392936062593543e-6
782.0 1.2355101185749843e-6
783.0 1.231744581280147e-6
784.0 1.2279968750222381e-6
785.0 1.2242668814912422e-6
786.0 1.2205544834103442e-6
787.0 1.2168595645261625e-6
787.9999999999999 1.2131820095946376e-6
789.0 1.2095217043693678e-6
790.0 1.2058785355949141e-6
791.0 1.2022523909912397e-6
792.0000000000001 1.198643159250451e-6
793.0 1.1950507300157828e-6
794.0 1.1914749938796572e-6
795.0 1.1879158423739457e-6
796.0 1.1843731679526501e-6
797.0 1.1808468639853645e-6
798.0 1.1773368247573448e-6
798.9999999999999 1.1738429454410246e-6
800.0 1.1703651221004896e-6
801.0 1.1669032516791318e-6
802.0 1.1634572319914302e-6
803.0000000000001 1.1600269617085858e-6
804.0 1.1566123403509623e-6
805.0 1.1532132682871087e-6
806.0 1.1498296467176486e-6
807.0 1.1464613776628066e-6
808.0 1.1431083639628089e-6
809.0 1.1397705092687485e-6
809.9999999999999 1.1364477180225973e-6
811.0 1.1331398954645508e-6
812.0 1.1298469476157685e-6
813.0 1.1265687812710436e-6
814.0000000000001 1.1233053039925468e-6
815.0 1.1200564241029776e-6
816.0 1.1168220506761254e-6
816.9999999999999 1.1136020935272862e-6
818.0 1.1103964632105093e-6
819.0 1.1072050710062403e-6
820.0 1.1040278289202165e-6
820.9999999999999 1.1008646496678619e-6
822.0 1.0977154466744642e-6
823.0 1.094580134059797e-6
824.0 1.0914586266452887e-6
825.0000000000001 1.0883508399302094e-6
826.0 1.0852566900995768e-6
827.0 1.0821760940035977e-6
827.9999999999999 1.0791089691609752e-6
829.0 1.0760552337502928e-6
830.0 1.0730148066041669e-6
831.0 1.0699876071976951e-6
832.0000000000001 1.0669735556453688e-6
833.0 1.063972572699005e-6
834.0 1.060984579731753e-6
835.0 1.0580094987470899e-6
836.0000000000001 1.0550472523503518e-6
837.0 1.0520977637683024e-6
838.0 1.04916095682143e-6
838.9999999999999 1.046236755933018e-6
840.0 1.043325086114326e-6
841.0 1.0404258729664661e-6
842.0 1.0375390426662723e-6
843.0000000000001 1.034664521967637e-6
844.0 1.0318022381889719e-6
845.0 1.0289521192203978e-6
846.0 1.0261140935034618e-6
847.0000000000001 1.0232880900314819e-6
848.0 1.0204740383522292e-6
849.0 1.017671868548642e-6
849.9999999999999 1.0148815112442246e-6
851.0 1.0121028975968618e-6
852.0 1.009335959285101e-6
853.0 1.0065806285148714e-6
854.0000000000001 1.0038368380079185e-6
855.0 1.001104520997341e-6
856.0 9.983836112243352e-7
857.0 9.956740429327717e-7
858.0 9.929757508668255e-7
859.0 9.902886702597643e-7
860.0 9.876127368372187e-7
860.9999999999999 9.84947886809923e-7
862.0 9.822940568645347e-7
863.0 9.79651184165162e-7
864.0 9.770192063475875e-7
865.0000000000001 9.743980615165442e-7
866.0 9.717876882346376e-7
867.0 9.691880255245972e-7
868.0 9.665990128651764e-7
869.0 9.64020590180773e-7
870.0 9.61452697849656e-7
871.0 9.588952766807878e-7
871.9999999999999 9.563482679312887e-7
873.0 9.538116132846359e-7
874.0 9.512852548590087e-7
875.0 9.487691351957777e-7
876.0000000000001 9.46263197262515e-7
877.0 9.437673844402724e-7
878.0 9.412816405298141e-7
879.0 9.388059097380215e-7
880.0 9.363401366828028e-7
881.0 9.33884266383455e-7
882.0 9.314382442617813e-7
882.9999999999999 9.290020161370598e-7
884.0 9.265755282178057e-7
885.0 9.241587271066839e-7
886.0 9.217515597890731e-7
887.0000000000001 9.193539736337269e-7
888.0 9.169659163915193e-7
889.0 9.145873361869943e-7
890.0 9.122181815208876e-7
891.0 9.098584012604511e-7
892.0 9.07507944641931e-7
893.0 9.051667612619447e-7
893.9999999999999 9.028348010802975e-7
895.0 9.005120144114016e-7
896.0 8.981983519265185e-7
897.0 8.958937646481849e-7
898.0000000000001 8.935982039433212e-7
899.0 8.913116215284137e-7
900.0 8.890339694583874e-7
901.0 8.867652001279902e-7
902.0 8.845052662706048e-7
903.0 8.822541209508797e-7
904.0 8.800117175672693e-7
904.9999999999999 8.777780098420133e-7
906.0 8.755529518265325e-7
907.0 8.73336497890883e-7
908.0 8.711286027276692e-7
909.0000000000001 8.689292213444827e-7
910.0 8.667383090673034e-7
911.0 8.645558215276421e-7
912.0 8.623817146745823e-7
913.0 8.602159447552009e-7
914.0 8.580584683271178e-7
915.0 8.559092422458952e-7
915.9999999999999 8.537682236684453e-7
917.0 8.516353700493126e-7
918.0 8.495106391340929e-7
919.0 8.473939889619337e-7
920.0000000000001 8.452853778620943e-7
921.0 8.431847644523055e-7
922.0 8.410921076322699e-7
923.0 8.39007366585671e-7
924.0 8.369305007771234e-7
925.0 8.348614699487481e-7
926.0 8.328002341175011e-7
926.9999999999999 8.30746753576147e-7
928.0 8.287009888879639e-7
929.0 8.266629008852483e-7
930.0 8.24632450666665e-7
931.0000000000001 8.2260959959949e-7
932.0 8.205943093096108e-7
933.0 8.185865416854843e-7
934.0 8.165862588766254e-7
935.0 8.145934232851371e-7
936.0 8.126079975719341e-7
937.0 8.10629944650312e-7
937.9999999999999 8.086592276805053e-7
939.0 8.066958100770363e-7
940.0 8.047396554982061e-7
941.0 8.027907278494971e-7
942.0000000000001 8.008489912770593e-7
943.0 7.989144101708812e-7
944.0 7.969869491590393e-7
944.9999999999999 7.950665731087187e-7
946.0 7.931532471221944e-7
947.0 7.912469365352689e-7
948.0 7.893476069178704e-7
948.9999999999999 7.874552240698619e-7
950.0 7.855697540193938e-7
951.0 7.836911630216489e-7
952.0 7.818194175599891e-7
953.0000000000001 7.799544843384064e-7
954.0 7.780963302838916e-7
955.0 7.762449225461874e-7
955.9999999999999 7.744002284902878e-7
957.0 7.725622157019865e-7
958.0 7.707308519824285e-7
959.0 7.68906105343415e-7
959.9999999999999 7.670879440141471e-7
961.0 7.652763364314616e-7
962.0 7.634712512445782e-7
963.0 7.616726573079768e-7
964.0000000000001 7.598805236847336e-7
965.0 7.580948196415243e-7
966.0 7.563155146510363e-7
966.9999999999999 7.545425783856753e-7
968.0 7.527759807199615e-7
969.0 7.510156917276176e-7
970.0 7.492616816806225e-7
971.0000000000001 7.47513921047177e-7
972.0 7.457723804912197e-7
973.0 7.440370308683806e-7
974.0 7.423078432308847e-7
975.0000000000001 7.405847888189642e-7
976.0 7.388678390648213e-7
977.0 7.371569655874751e-7
977.9999999999999 7.354521401936063e-7
979.0 7.337533348774462e-7
980.0 7.320605218177921e-7
981.0 7.303736733754884e-7
982.0000000000001 7.28692762094775e-7
983.0 7.270177607008709e-7
984.0 7.253486421007854e-7
985.0 7.236853793769688e-7
986.0 7.220279457932471e-7
987.0 7.203763147848342e-7
988.0 7.18730459968127e-7
988.9999999999999 7.170903551296267e-7
990.0 7.154559742313089e-7
991.0 7.138272914047254e-7
992.0 7.122042809545348e-7
993.0000000000001 7.105869173532181e-7
994.0 7.089751752442379e-7
995.0 7.073690294366374e-7
996.0 7.057684549069802e-7
997.0 7.041734267973571e-7
998.0 7.025839204147242e-7
999.0 7.009999112287921e-7
999.9999999999999 6.99421374872289e-7
1001.0 6.978482871384107e-7
1002.0 6.962806239831688e-7
1003.0 6.947183615207419e-7
1004.0000000000001 6.931614760223934e-7
1005.0 6.91609943919963e-7
1006.0 6.900637418001603e-7
1007.0 6.885228464053485e-7
1008.0 6.869872346350048e-7
1009.0 6.854568835396952e-7
1010.0 6.839317703240595e-7
1010.9999999999999 6.82411872346471e-7
1012.0 6.808971671140535e-7
1013.0 6.793876322850245e-7
1014.0 6.778832456684623e-7
1015.0000000000001 6.763839852216978e-7
1016.0 6.748898290485427e-7
1017.0 6.734007554008682e-7
1018.0 6.719167426763216e-7
1019.0 6.704377694197085e-7
1020.0 6.689638143169694e-7
1021.0 6.674948562013498e-7
1021.9999999999999 6.660308740448716e-7
1023.0 6.645718469660984e-7
1024.0 6.631177542227907e-7
1025.0 6.616685752115999e-7
1026.0 6.602242894728987e-7
1027.0 6.587848766821494e-7
1028.0 6.573503166565957e-7
1029.0 6.559205893467136e-7
1030.0 6.544956748442334e-7
1031.0 6.530755533737951e-7
1032.0 6.516602052970967e-7
1033.0 6.502496111087109e-7
1034.0 6.488437514378402e-7
1035.0 6.474426070465284e-7
1036.0 6.460461588298235e-7
1037.0 6.446543878130014e-7
1038.0 6.432672751527062e-7
1039.0 6.41884802136614e-7
1040.0 6.405069501799353e-7
1041.0 6.391337008281967e-7
1042.0 6.377650357532601e-7
1043.0 6.364009367560391e-7
1044.0 6.350413857622883e-7
1045.0 6.336863648240115e-7
1046.0 6.323358561184686e-7
1047.0 6.309898419462368e-7
1048.0 6.296483047321183e-7
1049.0 6.283112270231703e-7
1050.0 6.269785914891773e-7
1051.0 6.256503809198711e-7
1052.0 6.243265782264646e-7
1053.0 6.230071664392524e-7
1054.0 6.216921287060076e-7
1055.0 6.203814482964742e-7
1056.0 6.190751085918611e-7
1057.0 6.177730930948041e-7
1058.0 6.164753854202122e-7
1059.0 6.151819692985475e-7
1060.0 6.138928285748514e-7
1061.0 6.126079472040476e-7
1062.0 6.113273092574933e-7
1063.0 6.10050898911959e-7
1064.0 6.087787004587541e-7
1065.0 6.075106982951078e-7
1066.0 6.06246876926974e-7
1067.0 6.049872209671062e-7
1068.0 6.037317151340898e-7
1069.0 6.024803442500954e-7
1070.0 6.012330932413474e-7
1071.0 5.999899471352789e-7
1072.0 5.987508910602926e-7
1073.0 5.975159102441296e-7
1074.0 5.962849900136138e-7
1075.0 5.950581157890738e-7
1076.0 5.938352730906382e-7
1077.0 5.926164475263961e-7
1078.0 5.914016248008984e-7
1079.0 5.901907907060036e-7
1080.0 5.889839311228019e-7
1081.0 5.877810320196809e-7
1082.0 5.865820794468354e-7
1083.0 5.853870595413409e-7
1084.0 5.841959585157762e-7
1085.0 5.830087626642296e-7
1086.0 5.818254583549359e-7
1087.0 5.806460320298764e-7
1088.0 5.794704702018771e-7
1089.0 5.782987594509155e-7
1090.0 5.77130886422714e-7
1091.0 5.759668378246491e-7
1092.0 5.748066004235984e-7
1093.0 5.736501610411828e-7
1094.0 5.724975065513117e-7
1095.0 5.71348623876722e-7
1096.0 5.702034999832312e-7
1097.0 5.690621218783796e-7
1098.0 5.679244766045491e-7
1099.0 5.667905512367278e-7
1100.0 5.656603328751237e-7
1101.0 5.645338086420646e-7
1102.0 5.634109656764979e-7
1103.0 5.62291791126745e-7
1104.0 5.611762721462925e-7
1105.0 5.600643958871474e-7
1106.0 5.589561494909631e-7
1107.0 5.578515200867685e-7
1108.0 5.567504947788069e-7
1109.0 5.556530606398307e-7
1110.0 5.545592047061598e-7
1111.0 5.534689139636092e-7
1112.0 5.523821753430151e-7
1113.0 5.512989757063922e-7
1114.0 5.502193018414491e-7
1115.0 5.491431404445203e-7
1116.0 5.480704781146768e-7
1117.0 5.470013013398184e-7
1118.0 5.459355964818193e-7
1119.0 5.448733497644094e-7
1120.0 5.438145472604686e-7
1121.0 5.427591748737308e-7
1122.0 5.417072183250378e-7
1123.0 5.406586631353616e-7
1124.0 5.396134946062811e-7
1125.0 5.385716978021086e-7
1126.0 5.375332575306972e-7
1127.0 5.364981583216e-7
1128.0 5.35466384403118e-7
1129.0 5.344379196798802e-7
1130.0 5.334127477084066e-7
1131.0 5.323908516685613e-7
1132.0 5.313722143385893e-7
1133.0 5.303568180647209e-7
1134.0 5.293446447293891e-7
1135.0 5.283356757211401e-7
1136.0 5.273298918980348e-7
1137.0 5.263272735510403e-7
1138.0 5.25327800368758e-7
1139.0 5.243314513945966e-7
1140.0 5.233382049836113e-7
1141.0 5.223480387608838e-7
1142.0 5.213609295714395e-7
1143.0 5.203768534316731e-7
1144.0 5.193957854772644e-7
1145.0 5.184176999066423e-7
1146.0 5.174425699247519e-7
1147.0 5.16470367680965e-7
1148.0 5.155010642058839e-7
1149.0 5.145346293421877e-7
1150.0 5.13571031676198e-7
1151.0 5.126102384610009e-7
1152.0 5.116522155418222e-7
1153.0 5.106969272709841e-7
1154.0 5.097443364251634e-7
1155.0 5.087944041132896e-7
1156.0 5.078470896851269e-7
1157.0 5.069023506322354e-7
1158.0 5.059601424872553e-7
1159.0 5.050204187153041e-7
1160.0 5.04083130604829e-7
1161.0 5.031482271523022e-7
1162.0 5.022156549423817e-7
1163.0 5.012853580227904e-7
1164.0 5.003572777777679e-7
1165.0 4.994313527932581e-7
1166.0 4.985075187222652e-7
1167.0 4.975857081425147e-7
1168.0 4.966658504122343e-7
1169.0 4.957478715225329e-7
1170.0 4.948316939464768e-7
1171.0 4.939172364855964e-7
1172.0 4.930044141144495e-7
1173.0 4.920931378234092e-7
1174.0 4.911833144620286e-7
1175.0 4.902748465821808e-7
1176.0 4.893676322805823e-7
1177.0 4.884615650491513e-7
1178.0 4.875565336232475e-7
1179.0 4.866524218383892e-7
1180.0 4.857491084948354e-7
1181.0 4.848464672314498e-7
1182.0 4.839443664068421e-7
1183.0 4.830426690012482e-7
1184.0 4.821412325281315e-7
1185.0 4.812399089707452e-7
1186.0 4.803385447365775e-7
1187.0 4.794369806433753e-7
1188.0 4.785350519298629e-7
1189.0 4.776325883043676e-7
1190.0 4.767294140302009e-7
1191.0 4.7582534805535287e-7
1192.0 4.7492020418959484e-7
1193.0 4.7401379133614633e-7
1194.0 4.7310591377984267e-7
1195.0 4.7219637154286614e-7
1196.0 4.712849608081305e-7
1197.0 4.7037147441780053e-7
1198.0 4.6945570245749276e-7
1199.0 4.685374329193709e-7
1200.0 4.6761645246612164e-7
1201.0 4.6669254728389647e-7
1202.0 4.657655040398786e-7
1203.0 4.6483511094327264e-7
1204.0 4.6390115891173354e-7
1205.0 4.629634428449162e-7
1206.0 4.620217630070941e-7
1207.0 4.610759265126192e-7
1208.0 4.6012574891601733e-7
1209.0 4.5917105589531395e-7
1210.0 4.582116850225056e-7
1211.0 4.5724748761546704e-7
1212.0 4.56278330647753e-7
1213.0 4.553040987087832e-7
1214.0 4.5432469599310134e-7
1215.0 4.533400482929517e-7
1216.0 4.523501049742944e-7
1217.0 4.5135484090739517e-7
1218.0 4.5035425831776964e-7
1219.0 4.4934838853251756e-7
1220.0 4.483372935830739e-7
1221.0 4.4732106763160305e-7
1222.0 4.462998381839565e-7
1223.0 4.45273767060449e-7
1224.0 4.442430510841541e-7
1225.0 4.432079224595281e-7
1226.0 4.4216864881532577e-7
1227.0 4.411255328850667e-7
1228.0 4.4007891181032987e-7
1229.0 4.390291560511308e-7
1230.0 4.3797666790413476e-7
1231.0 4.369218796257382e-7
1232.0 4.358652511720275e-7
1233.0 4.348072675768783e-7
1234.0 4.3374843599104784e-7
1235.0 4.326892824184189e-7
1236.0 4.316303481881721e-7
1237.0 4.305721862154555e-7
1238.0 4.2951535709897436e-7
1239.0 4.284604251120248e-7
1240.0 4.27407954152427e-7
1241.0 4.2635850369949657e-7
1242.0 4.253126248552053e-7
1243.0 4.2427085650971135e-7
1244.0 4.232337216991373e-7
1245.0 4.222017241978258e-7
1246.0 4.2117534538948493e-7
1247.0 4.201550414621619e-7
1248.0 4.191412409401816e-7
1249.0 4.1813434259653775e-7
1250.0 4.1713471373814107e-7
1251.0 4.161426888850741e-7
1252.0 4.1515856883566864e-7
1253.0 4.141826201079107e-7
1254.0 4.132150747457285e-7
1255.0 4.122561304678808e-7
1256.0 4.113059511333709e-7
1257.0 4.103646674956688e-7
1258.0 4.0943237821654914e-7
1259.0 4.08509151102509e-7
1260.0 4.0759502453147376e-7
1261.0 4.0669000903887953e-7
1262.0 4.0579408902580723e-7
1263.0 4.049072245596573e-7
1264.0 4.0402935323539997e-7
1265.0 4.031603920732559e-7
1266.0 4.02300239424778e-7
1267.0 4.01448776863326e-7
1268.0 4.0060587104393813e-7
1269.0 3.9977137551079496e-7
1270.0 3.9894513244113214e-7
1271.0 3.9812697431172164e-7
1272.0 3.9731672548052697e-7
1273.0 3.9651420367757855e-7
1274.0 3.9571922139494063e-7
1275.0 3.9493158718126663e-7
1276.0 3.9415110683298094e-7
1277.0 3.9337758448590184e-7
1278.0 3.926108236050435e-7
1279.0 3.918506278827296e-7
1280.0 3.910968020369225e-7
1281.0 3.903491525280905e-7
1282.0 3.896074881829966e-7
1283.0 3.888716207453609e-7
1284.0 3.8814136534628513e-7
1285.0 3.874165409108281e-7
1286.0 3.8669697049392313e-7
1287.0 3.8598248156107353e-7
1288.0 3.852729062152604e-7
1289.0 3.8456808137148883e-7
1290.0 3.838678488902776e-7
1291.0 3.8317205566833086e-7
1292.0 3.8248055369582223e-7
1293.0 3.8179320008148483e-7
1294.0 3.811098570488209e-7
1295.0 3.8043039190752043e-7
1296.0 3.797546770076902e-7
1297.0 3.7908258966802624e-7
1298.0 3.784140120975481e-7
1299.0 3.777488312964828e-7
1300.0 3.77086938950535e-7
1301.0 3.764282313151381e-7
1302.0 3.757726090916319e-7
1303.0 3.7511997729888993e-7
1304.0 3.7447024514081444e-7
1305.0 3.738233258701925e-7
1306.0000000000002 3.7317913665107897e-7
1307.0 3.725375984206083e-7
1308.0 3.71898635750134e-7
1308.9999999999998 3.7126217670918433e-7
1310.0 3.7062815272690906e-7
1311.0 3.6999649845956234e-7
1312.0 3.69367151657242e-7
1313.0 3.687400530350592e-7
1314.0 3.6811514614717056e-7
1315.0 3.674923772634801e-7
1316.0 3.668716952491798e-7
1317.0000000000002 3.662530514497683e-7
1318.0 3.6563639957847485e-7
1319.0 3.650216956079084e-7
1319.9999999999998 3.644088976643731e-7
1321.0 3.637979659276542e-7
1322.0 3.631888625342345e-7
1323.0 3.625815514826683e-7
1324.0 3.619759985456011e-7
1325.0 3.6137217118260516e-7
1326.0 3.6077003845749557e-7
1327.0 3.601695709616404e-7
1328.0000000000002 3.595707407360534e-7
1329.0 3.58973521199845e-7
1330.0 3.583778870831278e-7
1330.9999999999998 3.577838143591852e-7
1332.0 3.5719128018203735e-7
1333.0 3.566002628281458e-7
1334.0 3.560107416377796e-7
1335.0 3.5542269696161737e-7
1336.0 3.548361101090072e-7
1337.0 3.5425096329806236e-7
1338.0 3.5366723960956007e-7
1339.0000000000002 3.5308492294280135e-7
1340.0 3.5250399797170043e-7
1341.0 3.5192445010664927e-7
1341.9999999999998 3.5134626545515277e-7
1343.0 3.507694307843693e-7
1344.0 3.5019393348960327e-7
1345.0 3.4961976155908517e-7
1346.0 3.4904690354297476e-7
1347.0 3.4847534852595946e-7
1348.0 3.4790508609689635e-7
1349.0 3.4733610632336906e-7
1350.0000000000002 3.467683997267863e-7
1351.0 3.462019572572547e-7
1352.0 3.456367702725136e-7
1352.9999999999998 3.450728305153362e-7
1354.0 3.445101300932243e-7
1355.0 3.4394866145956426e-7
1356.0 3.433884173949414e-7
1357.0 3.4282939099057053e-7
1358.0 3.4227157563036245e-7
1359.0 3.417149649765444e-7
1360.0 3.411595529546552e-7
1361.0000000000002 3.4060533373954133e-7
1362.0 3.4005230174180405e-7
1363.0 3.3950045159549543e-7
1363.9999999999998 3.3894977814595965e-7
1365.0 3.3840027643948633e-7
1366.0 3.3785194171151405e-7
1366.9999999999998 3.373047693765581e-7
1368.0 3.367587550199027e-7
1369.0 3.362138943870018e-7
1370.0 3.356701833760977e-7
1371.0 3.351276180295411e-7
1372.0000000000002 3.345861945257837e-7
1373.0 3.340459091726973e-7
1374.0 3.3350675840086376e-7
1374.9999999999998 3.329687387561378e-7
1376.0 3.32431846893956e-7
1377.0 3.318960795741151e-7
1377.9999999999998 3.3136143365450086e-7
1379.0 3.3082790608575783e-7
1380.0 3.302954939068225e-7
1381.0 3.297641942401161e-7
1382.0 3.292340042875353e-7
1383.0000000000002 3.287049213248307e-7
1384.0 3.2817694269976016e-7
1385.0 3.276500658259535e-7
1385.9999999999998 3.2712428818205726e-7
1387.0 3.265996073063661e-7
1388.0 3.260760207938031e-7
1388.9999999999998 3.2555352629457686e-7
1390.0 3.2503212150925353e-7
1391.0 3.245118041880473e-7
1392.0 3.2399257212613754e-7
1393.0 3.234744231638059e-7
1394.0000000000002 3.2295735518237796e-7
1395.0 3.224413661020922e-7
1396.0 3.219264538819277e-7
1396.9999999999998 3.214126165155716e-7
1398.0 3.2089985203083207e-7
1399.0 3.2038815848800365e-7
1399.9999999999998 3.1987753397753423e-7
1401.0 3.1936797661931645e-7
1402.0 3.1885948456127915e-7
1403.0 3.1835205597733693e-7
1404.0 3.1784568906698314e-7
1405.0000000000002 3.173403820537117e-7
1406.0 3.1683613318434907e-7
1407.0 3.1633294072728165e-7
1407.9999999999998 3.1583080297221244e-7
1409.0 3.1532971822924427e-7
1410.0 3.148296848273686e-7
1410.9999999999998 3.1433070111458496e-7
1412.0 3.138327654563802e-7
1413.0 3.1333587623585044e-7
1414.0 3.128400318523321e-7
1415.0 3.1234523072117605e-7
1416.0000000000002 3.118514712733481e-7
1417.0 3.1135875195425014e-7
1418.0 3.108670712242697e-7
1419.0000000000002 3.1037642755734404e-7
1420.0 3.098868194415437e-7
1421.0 3.0939824537775943e-7
1421.9999999999998 3.089107038799027e-7
1423.0 3.0842419347469407e-7
1424.0 3.079387127006671e-7
1425.0 3.074542601089755e-7
1426.0 3.069708342621878e-7
1427.0000000000002 3.0648843373497247e-7
1428.0 3.060070571130286e-7
1429.0 3.0552670299348125e-7
1430.0000000000002 3.050473699847575e-7
1431.0 3.045690567058465e-7
1432.0 3.040917617872166e-7
1432.9999999999998 3.0361548386965284e-7
1434.0 3.031402216052444e-7
1435.0 3.0266597365630484e-7
1436.0 3.0219273869604913e-7
1437.0 3.01720515408281e-7
1438.0000000000002 3.012493024872182e-7
1439.0 3.007790986380639e-7
1440.0 3.00309902576266e-7
1441.0000000000002 2.9984171302837395e-7
1442.0 2.993745287311775e-7
1443.0 2.9890834843236967e-7
1443.9999999999998 2.984431708906238e-7
1445.0 2.9797899487514785e-7
1446.0 2.975158191662115e-7
1447.0 2.970536425550467e-7
1448.0 2.9659246384422696e-7
1449.0000000000002 2.9613228184713846e-7
1450.0 2.956730953886745e-7
1451.0 2.9521490330529726e-7
1452.0000000000002 2.947577044446475e-7
1453.0 2.9430149766629386e-7
1454.0 2.9384628184170385e-7
1454.9999999999998 2.933920558536712e-7
1456.0 2.929388185979969e-7
1457.0 2.924865689822496e-7
1458.0 2.9203530592604103e-7
1459.0 2.9158502836233396e-7
1460.0 2.911357352361926e-7
1461.0 2.906874255061453e-7
1462.0 2.902400981431669e-7
1463.0000000000002 2.8979375213189887e-7
1464.0 2.8934838647041844e-7
1465.0 2.8890400017039445e-7
1465.9999999999998 2.884605922577913e-7
1467.0 2.8801816177203083e-7
1468.0 2.8757670776683783e-7
1469.0 2.8713622931096003e-7
1470.0 2.866967254873073e-7
1471.0 2.862581953938913e-7
1472.0 2.8582063814420856e-7
1473.0 2.85384052866727e-7
1474.0000000000002 2.849484387054532e-7
1475.0 2.845137948205841e-7
1476.0 2.8408012038843284e-7
1476.9999999999998 2.8364741460131093e-7
1478.0 2.8321567666828803e-7
1479.0 2.827849058155997e-7
1480.0 2.8235510128594595e-7
1481.0 2.8192626233982737e-7
1482.0 2.81498388255441e-7
1483.0 2.8107147832842673e-7
1484.0 2.806455318732616e-7
1485.0000000000002 2.802205482225849e-7
1486.0 2.797965267273677e-7
1487.0 2.793734667582838e-7
1487.9999999999998 2.789513677049607e-7
1489.0 2.785302289768342e-7
1490.0 2.7811005000310773e-7
1491.0 2.7769083023324507e-7
1492.0 2.7727256913730245e-7
1493.0 2.768552662063498e-7
1494.0 2.7643892095235213e-7
1495.0 2.7602353290902804e-7
1496.0000000000002 2.756091016317497e-7
1497.0 2.7519562669841714e-7
1498.0 2.747831077090754e-7
1498.9999999999998 2.743715442870005e-7
1500.0 2.7396093607810306e-7
1501.0 2.735512827528545e-7
1502.0 2.731425840047992e-7
1503.0 2.727348395525122e-7
1504.0 2.723280491386981e-7
1505.0 2.7192221253148394e-7
1506.0 2.7151732952449364e-7
1507.0000000000002 2.711133999374182e-7
1508.0 2.7071042361601765e-7
1509.0 2.703084004327027e-7
1509.9999999999998 2.699073302872997e-7
1511.0 2.695072131074451e-7
1512.0 2.6910804884821627e-7
1513.0 2.687098374935304e-7
1514.0 2.6831257905649083e-7
1515.0 2.6791627357902824e-7
1516.0 2.6752092113346095e-7
1517.0 2.6712652182234635e-7
1518.0000000000002 2.6673307577906897e-7
1519.0 2.663405831684162e-7
1520.0 2.6594904418714377e-7
1520.9999999999998 2.6555845906466575e-7
1522.0 2.651688280628884e-7
1523.0 2.647801514776789e-7
1524.0 2.643924296387428e-7
1525.0 2.6400566291086147e-7
1526.0 2.63619851693695e-7
1527.0 2.63234996423151e-7
1528.0 2.628510975710561e-7
1529.0000000000002 2.6246815564731287e-7
1530.0 2.620861711987846e-7
1531.0 2.6170514481145597e-7
1531.9999999999998 2.6132507710992747e-7
1533.0 2.6094596875895947e-7
1534.0 2.605678204637551e-7
1535.0 2.601906329712303e-7
1536.0 2.598144070698699e-7
1537.0 2.5943914359116517e-7
1538.0 2.5906484341048936e-7
1539.0 2.586915074472542e-7
1540.0000000000002 2.5831913666672244e-7
1541.0 2.5794773208009484e-7
1542.0 2.5757729474526023e-7
1542.9999999999998 2.5720782576866833e-7
1544.0 2.568393263055503e-7
1545.0 2.564717975604693e-7
1546.0 2.56105240789652e-7
1547.0 2.5573965730061317e-7
1548.0 2.553750484540577e-7
1549.0 2.550114156648007e-7
1550.0 2.546487604025746e-7
1551.0000000000002 2.542870841933305e-7
1552.0 2.5392638862085675e-7
1553.0 2.535666753270861e-7
1553.9999999999998 2.5320794601421987e-7
1555.0 2.5285020244543444e-7
1556.0 2.524934464468429e-7
1557.0 2.521376799080194e-7
1558.0 2.5178290478395403e-7
1559.0 2.5142912309662165e-7
1560.0 2.510763369359369e-7
1561.0 2.507245484622673e-7
1562.0000000000002 2.503737599065247e-7
1563.0 2.5002397357356134e-7
1564.0 2.4967519184241113e-7
1564.9999999999998 2.493274171690588e-7
1566.0 2.4898065208764756e-7
1567.0 2.486348992129228e-7
1568.0 2.48290161241405e-7
1569.0 2.4794644095427706e-7
1570.0 2.47603741218469e-7
1571.0 2.4726206499014205e-7
1572.0 2.469214153155734e-7
1573.0000000000002 2.4658179533402445e-7
1574.0 2.4624320828044954e-7
1575.0 2.459056574873157e-7
1575.9999999999998 2.4556914638773195e-7
1577.0 2.452336785173337e-7
1578.0 2.448992575179472e-7
1579.0 2.4456588713983406e-7
1580.0 2.4423357124422315e-7
1581.0 2.439023138074241e-7
1582.0 2.435721189230248e-7
1583.0 2.4324299080528486e-7
1584.0000000000002 2.429149337929567e-7
1585.0 2.4258795235208405e-7
1586.0 2.422620510799102e-7
1586.9999999999998 2.419372347088954e-7
1588.0 2.4161350810976956e-7
1589.0 2.4129087629615524e-7
1590.0 2.4096934442852304e-7
1591.0 2.4064891781853883e-7
1592.0 2.4032960193293455e-7
1593.0 2.400114023987749e-7
1594.0 2.3969432500778917e-7
1595.0000000000002 2.39378375721258e-7
1596.0 2.3906356067508364e-7
1597.0 2.387498861851796e-7
1597.9999999999998 2.384373587527017e-7
1599.0 2.3812598506960914e-7
1600.0 2.3781577202444837e-7
1601.0 2.3750672670871257e-7
1602.0 2.3719885642226105e-7
1603.0 2.368921686803018e-7
1604.0 2.3658667121986887e-7
1605.0 2.362823720067078e-7
1606.0000000000002 2.3597927924178447e-7
1607.0 2.3567740136928757e-7
1608.0 2.3537674708368038e-7
1608.9999999999998 2.3507732533753445e-7
1610.0 2.347791453493888e-7
1611.0 2.3448221661233863e-7
1612.0 2.3418654890213403e-7
1613.0 2.33892152286081e-7
1614.0 2.335990371318697e-7
1615.0 2.3330721411731183e-7
1616.0 2.3301669423910025e-7
1617.0000000000002 2.3272748882315746e-7
1618.0 2.3243960953457726e-7
1619.0 2.3215306838802824e-7
1619.9999999999998 2.318678777578291e-7
1621.0 2.315840503896362e-7
1622.0 2.3130159941049116e-7
1622.9999999999998 2.31020538341424e-7
1624.0 2.3074088110820865e-7
1625.0 2.3046264205350526e-7
1626.0 2.301858359487503e-7
1627.0 2.299104780072618e-7
1628.0000000000002 2.2963658389588976e-7
1629.0 2.2936416974816545e-7
1630.0 2.2909325217758148e-7
1630.9999999999998 2.2882384829026325e-7
1632.0 2.2855597569862239e-7
1633.0 2.282896525344673e-7
1633.9999999999998 2.2802489746274538e-7
1635.0 2.2776172969528204e-7
1636.0 2.275001690041561e-7
1637.0 2.2724023573570759e-7
1638.0 2.2698195082365298e-7
1639.0000000000002 2.2672533580324898e-7
1640.0 2.2647041282411348e-7
1641.0 2.2621720466400132e-7
1641.9999999999998 2.2596573474145475e-7
1643.0 2.2571602712870967e-7
1644.0 2.2546810656385464e-7
1644.9999999999998 2.2522199846273044e-7
1646.0 2.249777289303756e-7
1647.0 2.2473532477165124e-7
1648.0 2.2449481350103956e-7
1649.0 2.2425622335214768e-7
1650.0000000000002 2.240195832857189e-7
1651.0 2.237849229966178e-7
1652.0 2.2355227292003686e-7
1652.9999999999998 2.2332166423611678e-7
1654.0 2.230931288731394e-7
1655.0 2.2286669950867534e-7
1655.9999999999998 2.2264240956988447e-7
1657.0 2.2242029323064433e-7
1658.0 2.2220038540804275e-7
1659.0 2.2198272175476052e-7
1660.0 2.217673386504724e-7
1661.0000000000002 2.2155427318931616e-7
1662.0 2.2134356316535306e-7
1663.0 2.2113524705404536e-7
1664.0000000000002 2.209293639910154e-7
1665.0 2.2072595374594648e-7
1666.0 2.205250566945188e-7
1666.9999999999998 2.203267137835334e-7
1668.0 2.2013096649419815e-7
1669.0 2.1993785679868828e-7
1670.0 2.1974742711290375e-7
1671.0 2.1955972024335344e-7
1672.0000000000002 2.1937477932852844e-7
1673.0 2.1919264777477269e-7
1674.0 2.1901336918592343e-7
1675.0000000000002 2.188369872860925e-7
1676.0 2.1866354583685597e-7
1677.0 2.184930885466633e-7
1677.9999999999998 2.1832565897323598e-7
1679.0 2.1816130041963335e-7
1680.0 2.18000055821418e-7
1681.0 2.1784196762736807e-7
1682.0 2.176870776714189e-7
1683.0000000000002 2.1753542703756656e-7
1684.0 2.1738705591598162e-7
1685.0 2.1724200345185067e-7
1686.0000000000002 2.1710030758536232e-7
1687.0 2.1696200488440134e-7
1688.0 2.1682713036904758e-7
1688.9999999999998 2.1669571732834213e-7
1690.0 2.165677971295517e-7
1691.0 2.1644339902018762e-7
1692.0 2.1632254992302978e-7
1693.0 2.16205274225018e-7
1694.0000000000002 2.1609159355934748e-7
1695.0 2.1598152658277302e-7
1696.0 2.15875088747513e-7
1697.0000000000002 2.1577229206923796e-7
1698.0 2.1567314489154206e-7
1699.0 2.1557765164784347e-7
1699.9999999999998 2.1548581262112818e-7
1701.0 2.1539762370364971e-7
1702.0 2.153130761565156e-7
1703.0 2.1523215637079962e-7
1704.0 2.1515484563087312e-7
1705.0000000000002 2.1508111988227058e-7
1706.0 2.1501094950366812e-7
1707.0 2.149442990862653e-7
1708.0000000000002 2.1488112721981655e-7
1709.0 2.148213862882072e-7
1710.0 2.1476502227584812e-7
1710.9999999999998 2.1471197458493764e-7
1712.0 2.1466217586660906e-7
1713.0 2.1461555186647178e-7
1714.0 2.145720212855863e-7
1715.0 2.1453149565932687e-7
1716.0 2.1449387925395165e-7
1717.0 2.1445906898300845e-7
1718.0 2.1442695434458948e-7
1719.0000000000002 2.1439741738011478e-7
1720.0 2.143703326560391e-7
1721.0 2.143455672686721e-7
1721.9999999999998 2.1432298087397014e-7
1723.0 2.1430242574187446e-7
1724.0 2.1428374683639058e-7
1725.0 2.1426678192146694e-7
1726.0 2.1425136169346708e-7
1727.0 2.142373099397598e-7
1728.0 2.1422444372444985e-7
1729.0 2.1421257360001863e-7
1730.0000000000002 2.1420150384569283e-7
1731.0 2.1419103273217462e-7
1732.0 2.1418095281156653e-7
1732.9999999999998 2.1417105123313745e-7
1734.0 2.1416111008359417e-7
1735.0 2.14150906751151e-7
1736.0 2.1414021431333048e-7
1737.0 2.1412880194714633e-7
1738.0 2.1411643536052112e-7
1739.0 2.1410287724476375e-7
1740.0 2.1408788774640656e-7
1741.0000000000002 2.1407122495771602e-7
1742.0 2.1405264542433413e-7
1743.0 2.140319046696344e-7
1743.9999999999998 2.1400875773384959e-7
1745.0 2.1398295972718303e-7
1746.0 2.1395426639584097e-7
1747.0 2.1392243469889947e-7
1748.0 2.1388722339631134e-7
1749.0 2.1384839364494501e-7
1750.0 2.1380570960286226e-7
1751.0 2.1375893903983974e-7
1752.0000000000002 2.1370785395313422e-7
1753.0 2.1365223118676354e-7
1754.0 2.1359185305397153e-7
1754.9999999999998 2.135265079601986e-7
1756.0 2.1345599102689575e-7
1757.0 2.1338010471319761e-7
1758.0 2.1329865943532376e-7
1759.0 2.1321147418213142e-7
1760.0 2.1311837712476166e-7
1761.0 2.1301920621998784e-7
1762.0 2.129138098049573e-7
1763.0000000000002 2.1280204718272366e-7
1764.0 2.126837891961527e-7
1765.0 2.1255891878933466e-7
1765.9999999999998 2.1242733155484542e-7
1767.0 2.1228893626466363e-7
1768.0 2.1214365538396177e-7
1769.0 2.1199142556501819e-7
1770.0 2.1183219812038248e-7
1771.0 2.1166593947250944e-7
1772.0 2.1149263157847394e-7
1773.0 2.1131227232778792e-7
1774.0000000000002 2.1112487591045976e-7
1775.0 2.1093047315411128e-7
1776.0 2.1072911182682254e-7
1776.9999999999998 2.1052085690450063e-7
1778.0 2.1030579079901172e-7
1779.0 2.1008401354551514e-7
1780.0 2.0985564294631952e-7
1781.0 2.096208146677869e-7
1782.0 2.0937968228880612e-7
1783.0 2.0913241729683978e-7
1784.0 2.0887920902997387e-7
1785.0000000000002 2.0862026456092645e-7
1786.0 2.0835580852133606e-7
1787.0 2.080860828632489e-7
1787.9999999999998 2.0781134655451628e-7
1789.0 2.0753187520714456e-7
1790.0 2.0724796063431906e-7
1791.0 2.0695991033592886e-7
1792.0 2.066680469090276e-7
1793.0 2.0637270738290258e-7
1794.0 2.0607424247737461e-7
1795.0 2.0577301578287573e-7
1796.0000000000002 2.054694028635763e-7
1797.0 2.0516379028246802e-7
1798.0 2.048565745510973e-7
1798.9999999999998 2.0454816100442182e-7
1800.0 2.042389626042629e-7
1801.0 2.0392939867512635e-7
1802.0 2.0361989357586215e-7
1803.0 2.0331087531385997e-7
1804.0 2.0300277410692892e-7
1805.0 2.0269602090155074e-7
1806.0 2.0239104585489408e-7
1807.0000000000002 2.0208827679045046e-7
1808.0 2.0178813763754532e-7
1809.0 2.0149104686543463e-7
1809.9999999999998 2.0119741592456994e-7
1811.0 2.009076477062772e-7
1812.0 2.006221350349833e-7
1813.0 2.0034125920495941e-7
1814.0 2.0006538857535998e-7
1815.0 1.9979487723613524e-7
1816.0 1.9953006375772288e-7
1817.0 1.992712700364347e-7
1818.0000000000002 1.990188002463758e-7
1819.0 1.9877293990816315e-7
1820.0 1.9853395508344362e-7
1820.9999999999998 1.9830209170224557e-7
1822.0 1.980775750286791e-7
1823.0 1.978606092696547e-7
1824.0 1.9765137732812184e-7
1825.0 1.9745004070131893e-7
1826.0 1.9725673952222978e-7
1827.0 1.9707159274123806e-7
1828.0 1.9689469844229727e-7
1829.0000000000002 1.9672613428657914e-7
1830.0 1.9656595807606112e-7
1831.0 1.9641420842640945e-7
1831.9999999999998 1.962709055388238e-7
1833.0 1.9613605205947143e-7
1834.0 1.9600963401359005e-7
1835.0 1.958916218019845e-7
1836.0 1.957819712474841e-7
1837.0 1.9568062467756778e-7
1838.0 1.9558751203181296e-7
1839.0 1.9550255198143366e-7
1840.0000000000002 1.954256530500024e-7
1841.0 1.9535671472456672e-7
1842.0 1.9529562854767502e-7
1842.9999999999998 1.9524227918147152e-7
1844.0 1.9519654543643697e-7
1845.0 1.9515830125813479e-7
1846.0 1.9512741666651167e-7
1847.0 1.9510375864318732e-7
1848.0 1.9508719196374147e-7
1849.0 1.9507757997227696e-7
1850.0 1.950747852966563e-7
1851.0000000000002 1.9507867050422007e-7
1852.0 1.950890986978109e-7
1853.0 1.951059340524584e-7
1853.9999999999998 1.951290422952265e-7
1855.0 1.951582911283922e-7
1856.0 1.9519355060008073e-7
1857.0 1.9523469342321256e-7
1858.0 1.9528159524699452e-7
1859.0 1.9533413488269696e-7
1860.0 1.9539219448818863e-7
1861.0 1.9545565971312814e-7
1862.0000000000002 1.95524419809057e-7
1863.0 1.9559836770692585e-7
1864.0 1.9567740006533425e-7
1864.9999999999998 1.9576141729270248e-7
1866.0 1.958503235460584e-7
1867.0 1.9594402670906408e-7
1868.0 1.9604243835243633e-7
1869.0 1.9614547367840778e-7
1870.0 1.962530514520361e-7
1871.0 1.9636509392165247e-7
1872.0 1.9648152672953547e-7
1873.0000000000002 1.96602278815326e-7
1874.0 1.9672728231374368e-7
1875.0 1.9685647244737225e-7
1875.9999999999998 1.9698978741652397e-7
1877.0 1.971271682871014e-7
1878.0 1.9726855887709478e-7
1878.9999999999998 1.9741390564319417e-7
1880.0 1.9756315756785594e-7
1881.0 1.977162660474563e-7
1882.0 1.9787318478261132e-7
1883.0 1.9803386967014995e-7
1884.0000000000002 1.981982786983947e-7
1885.0 1.9836637184480092e-7
1886.0 1.9853811097708242e-7
1886.9999999999998 1.9871345975768983e-7
1888.0 1.9889238355172938e-7
1889.0 1.990748493384214e-7
1889.9999999999998 1.9926082562637263e-7
1891.0 1.9945028237232952e-7
1892.0 1.9964319090381236e-7
1893.0 1.9983952384512486e-7
1894.0 2.000392550470591e-7
1895.0000000000002 2.002423595200692e-7
1896.0 2.0044881337081271e-7
1897.0 2.0065859374202347e-7
1897.9999999999998 2.008716787555691e-7
1899.0 2.0108804745848117e-7
1900.0 2.0130767977207836e-7
1900.9999999999998 2.0153055644386846e-7
1902.0 2.0175665900198664e-7
1903.0 2.0198596971254065e-7
1904.0 2.0221847153903735e-7
1905.0 2.0245414810434078e-7
1906.0000000000002 2.0269298365483132e-7
1907.0 2.0293496302651299e-7
1908.0 2.0318007161323485e-7
1908.9999999999998 2.0342829533666132e-7
1910.0 2.0367962061794471e-7
1911.0 2.039340343512314e-7
1911.9999999999998 2.041915238783696e-7
1913.0 2.044520769654775e-7
1914.0 2.0471568178045266e-7
1915.0 2.0498232687201083e-7
1916.0 2.052520011497125e-7
1917.0000000000002 2.0552469386528977e-7
1918.0 2.0580039459478548e-7
1919.0 2.0607909322180605e-7
1919.9999999999998 2.0636077992150114e-7
1921.0 2.0664544514554412e-7
1922.0 2.069330796076991e-7
1922.9999999999998 2.0722367427018076e-7
1924.0 2.0751722033069455e-7
1925.0 2.0781370920999759e-7
1926.0 2.081131325400813e-7
1927.0 2.084154821527864e-7
1928.0000000000002 2.0872075006899973e-7
1929.0 2.0902892848821575e-7
1930.0 2.093400097784857e-7
1931.0000000000002 2.0965398646676395e-7
1932.0 2.0997085122955054e-7
1933.0 2.1029059688393632e-7
1933.9999999999998 2.106132163787425e-7
1935.0 2.1093870278611864e-7
1936.0 2.1126704929321523e-7
1937.0 2.1159824919409248e-7
1938.0 2.1193229588194953e-7
1939.0000000000002 2.122691828412551e-7
1940.0 2.1260890364027336e-7
1941.0 2.1295145192359205e-7
1942.0000000000002 2.1329682140480916e-7
1943.0 2.1364500585930844e-7
1944.0 2.1399599911708883e-7
1944.9999999999998 2.1434979505570465e-7
1946.0 2.1470638759332632e-7
1947.0 2.150657706816469e-7
1948.0 2.1542793829909874e-7
1949.0 2.1579288444389668e-7
1950.0000000000002 2.1616060312715787e-7
1951.0 2.165310883661207e-7
1952.0 2.169043341772077e-7
1953.0000000000002 2.1728033456919605e-7
1954.0 2.176590835363447e-7
1955.0 2.1804057505153876e-7
1955.9999999999998 2.1842480305933818e-7
1957.0 2.1881176146903393e-7
1958.0 2.1920144414767877e-7
1959.0 2.1959384491309052e-7
1960.0 2.1998895752671688e-7
1961.0000000000002 2.203867756865668e-7
1962.0 2.2078729302001833e-7
1963.0 2.211905030765669e-7
1964.0000000000002 2.2159639932052572e-7
1965.0 2.2200497512366628e-7
1966.0 2.224162237577446e-7
1966.9999999999998 2.2283013838699568e-7
1968.0 2.2324671206052625e-7
1969.0 2.2366593770461727e-7
1970.0 2.2408780811495754e-7
1971.0 2.2451231594879392e-7
1972.0 2.2493945371694394e-7
1973.0 2.2536921377575723e-7
1974.0 2.2580158831900578e-7
1975.0000000000002 2.2623656936956078e-7
1976.0 2.2667414877110527e-7
1977.0 2.2711431817963331e-7
1977.9999999999998 2.275570690549002e-7
1979.0 2.2800239265175868e-7
1980.0 2.2845028001136392e-7
1981.0 2.2890072195226963e-7
1982.0 2.2935370906138366e-7
1983.0 2.2980923168490878e-7
1984.0 2.3026727991903116e-7
1985.0 2.3072784360053518e-7
1986.0000000000002 2.311909122973604e-7
1987.0 2.316564752989355e-7
1988.0 2.321245216064605e-7
1988.9999999999998 2.3259503992300196e-7
1990.0 2.3306801864356157e-7
1991.0 2.3354344584485577e-7
1992.0 2.3402130927510197e-7
1993.0 2.3450159634364517e-7
1994.0 2.3498429411043506e-7
1995.0 2.3546938927533098e-7
1996.0 2.359568681673319e-7
1997.0000000000002 2.3644671673373983e-7
1998.0 2.3693892052893425e-7
1999.0 2.3743346470333907e-7
1999.9999999999998 2.3793033399207927e-7
