0.0 1.0499213268932073e-5
1.0 1.0499387155007774e-5
2.0 1.0499908853108516e-5
3.0 1.0500778483490282e-5
4.0 1.0501996245925524e-5
5.0 1.0503562420669125e-5
6.0 1.050547736867075e-5
7.0 1.0507741530906788e-5
8.0 1.0510355429545236e-5
9.0 1.0513319667769314e-5
10.0 1.0516634930693895e-5
10.999999999999998 1.0520301984808993e-5
12.0 1.0524321679416041e-5
13.000000000000002 1.052869494701563e-5
14.0 1.0533422803189353e-5
14.999999999999998 1.0538506348007924e-5
16.0 1.054394676625755e-5
17.0 1.0549745328699168e-5
18.0 1.0555903391940014e-5
19.0 1.0562422400106444e-5
20.0 1.0569303885880466e-5
21.0 1.0576549470526396e-5
21.999999999999996 1.0584160865737122e-5
23.0 1.0592139874423668e-5
24.0 1.0600488392019528e-5
25.0 1.0609208407608143e-5
26.000000000000004 1.0618302005064876e-5
27.0 1.0627771364567576e-5
28.0 1.063761876395716e-5
29.0 1.0647846580362399e-5
29.999999999999996 1.0658457291543186e-5
31.0 1.0669453477815885e-5
32.0 1.0680837823501031e-5
33.0 1.0692613118768121e-5
34.0 1.070478226152747e-5
35.0 1.0717348259831854e-5
36.0 1.0730314232386148e-5
37.0 1.074368341329004e-5
38.0 1.0757459151649187e-5
39.0 1.0771644915540094e-5
40.0 1.078624429373299e-5
41.0 1.0801260998262545e-5
42.0 1.0816698867581757e-5
43.0 1.0832561868444919e-5
43.99999999999999 1.0848854099516354e-5
45.0 1.0865579793671509e-5
46.0 1.0882743321765483e-5
47.0 1.0900349195370537e-5
48.0 1.0918402070035538e-5
49.0 1.0936906749278645e-5
50.0 1.0955868187764028e-5
51.0 1.0975291494923626e-5
52.00000000000001 1.0995181939849636e-5
53.0 1.101554495372789e-5
54.0 1.1036386135375042e-5
55.0 1.1057711255682676e-5
56.0 1.1079526260826106e-5
57.0 1.1101837278869916e-5
58.0 1.1124650622969636e-5
59.0 1.1147972798128193e-5
59.99999999999999 1.1171810505459153e-5
61.0 1.1196170648056125e-5
62.0 1.1221060336736709e-5
63.0 1.1246486896456645e-5
64.0 1.1272457872461368e-5
65.0 1.1298981036379458e-5
66.0 1.1326064393356891e-5
67.0 1.1353716189654956e-5
68.0 1.1381944919266132e-5
69.0 1.1410759331759445e-5
70.0 1.1440168441125206e-5
71.0 1.1470181533076582e-5
72.0 1.1500808174166717e-5
73.0 1.1532058221496691e-5
74.0 1.1563941830903551e-5
75.0 1.159646946796688e-5
76.0 1.1629651918476186e-5
77.0 1.1663500297885691e-5
78.0 1.169802606361037e-5
79.0 1.1733241027313118e-5
80.0 1.1769157365321032e-5
81.0 1.1805787633084255e-5
82.0 1.1843144777861976e-5
83.00000000000001 1.1881242152800885e-5
84.0 1.1920093531748415e-5
85.0 1.1959713124245392e-5
86.0 1.2000115591441353e-5
87.0 1.204131606385444e-5
87.99999999999999 1.2083330157019067e-5
89.0 1.2126173991327079e-5
90.0 1.216986421152631e-5
91.0 1.2214418004731521e-5
92.0 1.2259853123956484e-5
92.99999999999999 1.2306187909234241e-5
94.0 1.2353441309984846e-5
95.0 1.2401632910918592e-5
96.0 1.2450782956479015e-5
97.0 1.2500912377798953e-5
98.0 1.2552042821428457e-5
99.00000000000001 1.2604196678608221e-5
100.0 1.2657397115927823e-5
101.0 1.2711668109210663e-5
102.0 1.2767034476272723e-5
103.0 1.2823521914602903e-5
104.00000000000001 1.288115703956341e-5
105.0 1.2939967423084703e-5
106.0 1.2999981637249892e-5
107.0 1.306122929952634e-5
108.0 1.3123741117894203e-5
108.99999999999999 1.3187548942249093e-5
110.0 1.3252685816662623e-5
111.0 1.3319186033844331e-5
112.0 1.3387085194992504e-5
113.0 1.3456420271403322e-5
114.0 1.3527229669026669e-5
115.00000000000001 1.3599553299789552e-5
116.0 1.3673432653566405e-5
117.0 1.3748910876630517e-5
118.0 1.3826032853915363e-5
119.0 1.3904845297376631e-5
119.99999999999999 1.3985396838799708e-5
121.0 1.4067738127818574e-5
122.0 1.4151921937579871e-5
123.0 1.4238003277049159e-5
124.0 1.4326039508323245e-5
124.99999999999999 1.4416090475067077e-5
126.0 1.4508218635387285e-5
127.0 1.4602489206768875e-5
128.0 1.4698970320399236e-5
129.0 1.4797733182463071e-5
130.0 1.489885225128281e-5
131.0 1.5002405424248123e-5
132.0 1.5108474236896513e-5
133.0 1.5217144078835936e-5
134.0 1.5328504423400313e-5
135.0 1.5442649072852793e-5
136.0 1.5559676425666806e-5
137.0 1.5679689758867817e-5
138.0 1.5802797535138247e-5
139.0 1.5929113730713126e-5
140.0 1.605875819231961e-5
141.0 1.6191857018334105e-5
142.0 1.6328542971257186e-5
143.0 1.6468955925425065e-5
144.0 1.6613243346747956e-5
145.0 1.676156081921871e-5
146.0 1.6914072606843705e-5
147.0 1.707095227031165e-5
148.0 1.72323833329592e-5
149.0 1.7398560007057428e-5
150.0 1.756968798187104e-5
151.0 1.7745985287290077e-5
152.0 1.7927683229997087e-5
153.0 1.8115027423196413e-5
154.0 1.830827890730294e-5
155.0 1.8507715382600225e-5
156.0 1.871363255814319e-5
157.0 1.8926345636211412e-5
158.0 1.914619094617031e-5
159.0 1.9373527742784632e-5
160.0 1.960874019420902e-5
161.0 1.9852239576422258e-5
162.0 2.010446670702876e-5
163.0 2.0365894646689697e-5
164.0 2.063703169368465e-5
164.99999999999997 2.0918424729842705e-5
166.00000000000003 2.1210662943012357e-5
167.0 2.151438199884623e-5
168.0 2.18302687013055e-5
169.0 2.2159066239285157e-5
170.0 2.2501580080523025e-5
171.0 2.2858684617689393e-5
172.0 2.3231330691064093e-5
173.0 2.3620554102761424e-5
174.0 2.4027485302901027e-5
174.99999999999997 2.4453360413979366e-5
175.99999999999997 2.4899533837056693e-5
177.00000000000003 2.536749269952489e-5
178.0 2.5858873450155616e-5
179.0 2.6375481018663693e-5
180.0 2.691931096884188e-5
181.0 2.7492575243145422e-5
182.0 2.8097732152460663e-5
183.0 2.8737521495966015e-5
184.0 2.9415005815874223e-5
185.0 3.0133619086555147e-5
185.99999999999997 3.089722446202095e-5
187.00000000000003 3.17101830591684e-5
188.0 3.257743635733262e-5
189.0 3.350460539902509e-5
190.0 3.4498110963668844e-5
191.0 3.556532002739313e-5
192.0 3.671472541590597e-5
193.0 3.795616780943001e-5
194.0 3.930111208169271e-5
195.0 4.0762994168176955e-5
196.0 4.235766020941819e-5
196.99999999999997 4.4103927933103546e-5
198.00000000000003 4.60243115954343e-5
199.0 4.814596870247274e-5
200.0 5.050195154936537e-5
201.0 5.313288382409811e-5
202.0 5.608923985403727e-5
203.0 5.943449343785673e-5
204.0 6.324954647461571e-5
205.0 6.763908255448387e-5
206.0 7.274088652511234e-5
206.99999999999997 7.87398591352924e-5
208.00000000000003 8.588969032077148e-5
209.00000000000003 9.454745297475016e-5
210.0 0.00010523082318696038
211.0 0.00011871657991908588
212.0 0.00013621771341321717
213.0 0.00015971620859878927
214.0 0.00019260896933757257
215.0 0.0002409274549305558
216.0 0.0003148790192908355
217.0 0.0004228905477816437
217.99999999999997 0.0005129889024555542
219.00000000000003 0.000458474377853394
220.0 0.0003429673573185989
221.0 0.0002576847184729908
222.0 0.00020223749869934765
223.0 0.00016512018210617765
224.0 0.00013902607968081551
225.0 0.00011985345048376454
226.0 0.00010524552718494418
227.0 9.378300076299837e-5
228.0 8.456999777353835e-5
228.99999999999997 7.701683843607974e-5
230.00000000000003 7.072105543988576e-5
231.0 6.539926170846108e-5
232.0 6.084648773811506e-5
233.0 5.6910995537409416e-5
234.0 5.34781559631883e-5
235.0 5.045982205930996e-5
236.0 4.778714102172908e-5
237.0 4.540557835831976e-5
238.0 4.327140148374982e-5
238.99999999999997 4.134914802682048e-5
239.99999999999997 3.960977223319753e-5
241.00000000000003 3.802926704787037e-5
242.0 3.658762553767914e-5
243.0 3.5268048134539244e-5
244.0 3.4056330500293576e-5
245.0 3.294038581571967e-5
246.0 3.190986835389174e-5
247.0 3.0955874162923855e-5
248.0 3.0070701100564508e-5
249.0 2.9247654972541846e-5
249.99999999999997 2.8480891783760564e-5
251.00000000000003 2.776528853713151e-5
252.0 2.7096336759776477e-5
253.0 2.6470054231190545e-5
254.0 2.588291143924497e-5
255.0 2.5331769963488938e-5
256.0 2.4813830622533754e-5
257.0 2.432658963737217e-5
258.0 2.3867801416418237e-5
259.0 2.343544682799064e-5
260.0 2.302770605752968e-5
261.0 2.264293529650352e-5
262.0 2.2279646656298084e-5
263.0 2.1936490806969632e-5
264.0 2.1612241922976232e-5
265.0 2.1305784591155862e-5
266.0 2.1016102399241972e-5
267.0 2.0742267958634145e-5
268.0 2.048343416335792e-5
269.0 2.0238826519083082e-5
270.0 2.0007736391476704e-5
271.0 1.9789515059782988e-5
272.0 1.9583568471227616e-5
273.0 1.938935260537193e-5
274.0 1.9206369378883097e-5
275.0 1.9034163023918744e-5
276.0 1.8872316886373724e-5
277.0 1.8720450597783323e-5
278.0 1.8578217580675737e-5
279.0 1.8445302852883627e-5
280.0 1.8321421102313606e-5
281.0 1.8206315005295006e-5
282.0 1.8099753769201536e-5
283.0 1.800153187960345e-5
284.0 1.791146803686879e-5
285.0 1.7829404268712675e-5
286.0 1.7755205208405358e-5
287.0 1.7688757528625356e-5
288.0 1.762996952378932e-5
289.0 1.7578770834450127e-5
290.0 1.7535112308860163e-5
291.0 1.749896599755944e-5
292.0 1.747032527773309e-5
293.0 1.7449205105305395e-5
294.0 1.7435642392181934e-5
295.0 1.7429696507466325e-5
296.0 1.7431449901462578e-5
297.0 1.7441008851435624e-5
298.0 1.7458504327248123e-5
299.0 1.7484092977074215e-5
300.0 1.751795823087923e-5
301.0 1.7560311522350367e-5
302.0 1.7611393625347223e-5
303.0 1.767147610896348e-5
304.0 1.774086290565851e-5
305.0 1.7819892000355947e-5
306.0 1.790893723975658e-5
307.0 1.8008410268802907e-5
308.0 1.811876260908849e-5
309.0 1.824048789096564e-5
310.0 1.8374124265836405e-5
311.0 1.8520257032742962e-5
312.0 1.8679521520677153e-5
313.0 1.8852606287269133e-5
314.0 1.9040256707968773e-5
315.0 1.9243279044227166e-5
316.0 1.9462545107314916e-5
317.0 1.9698997646955397e-5
318.0 1.9953656628407863e-5
319.0 2.0227626577000525e-5
320.0 2.052210520652828e-5
321.0 2.0838393574274966e-5
322.0 2.1177908040082014e-5
323.0 2.154219434977857e-5
324.0 2.1932944207655607e-5
325.0 2.2352014762617383e-5
326.0 2.2801451502513834e-5
327.0 2.328351514020906e-5
328.0 2.3800713200398688e-5
329.0 2.435583713688737e-5
329.99999999999994 2.4952006042484033e-5
331.0 2.5592718206079774e-5
332.00000000000006 2.6281912115974128e-5
333.0 2.7024038891412505e-5
334.0 2.782414863711782e-5
335.0 2.8687993872163518e-5
336.0 2.962215403489548e-5
337.0 3.063418616813014e-5
338.0 3.1732808329744266e-5
339.0 3.292812414378477e-5
340.0 3.4231899427867544e-5
340.99999999999994 3.5657905049326316e-5
342.0 3.7222344524400474e-5
343.00000000000006 3.894439061442223e-5
344.0 4.084686267116925e-5
345.0 4.2957086356606296e-5
346.0 4.530798987364156e-5
347.0 4.7939506317110135e-5
348.0 5.0900368961432794e-5
349.0 5.425040183822439e-5
349.99999999999994 5.806341118350519e-5
351.0 6.243074733820575e-5
351.99999999999994 6.746546730654146e-5
353.0 7.330663341517848e-5
354.00000000000006 8.012228645609378e-5
355.0 8.810726010983133e-5
356.0 9.746665562199896e-5
357.0 0.00010836465424194698
358.0 0.00012079879573813652
359.0 0.00013434052063079796
360.0 0.00014772317213690536
360.99999999999994 0.00015851964121766857
362.0 0.00016365512531804884
363.00000000000006 0.00016124479525506444
364.0 0.00015218550088090684
365.0 0.0001393636417924
366.0 0.00012559668586372823
367.0 0.0001125854572451195
368.0 0.00010102588048278521
369.0 9.104227716337927e-5
370.0 8.251152699314168e-5
371.0 7.523337203026796e-5
371.99999999999994 6.900432114559851e-5
373.0 6.364417259642472e-5
374.00000000000006 5.900209973959047e-5
375.0 5.495492911921107e-5
376.0 5.1403031646148086e-5
377.0 4.8265973180980476e-5
378.0 4.547866835062297e-5
379.0 4.29882128185383e-5
380.0 4.075135752478535e-5
381.0 3.8732524289416584e-5
382.0 3.690225545918289e-5
382.99999999999994 3.523600328039446e-5
384.0 3.371318226128812e-5
385.00000000000006 3.231642431624245e-5
386.0 3.103099028420145e-5
387.0 2.9844302378246493e-5
388.0 2.8745570458179873e-5
389.0 2.772549155188816e-5
390.0 2.6776006792689914e-5
391.0 2.589010365883867e-5
392.0 2.50616541538078e-5
393.0 2.428528165886072e-5
393.99999999999994 2.355625079897133e-5
395.0 2.2870375873092243e-5
396.00000000000006 2.2223944351684393e-5
397.0 2.1613652656530333e-5
398.0 2.103655200919283e-5
399.0 2.0490002575615145e-5
400.0 1.997163447058193e-5
401.0 1.947931446965534e-5
402.0 1.901111748054556e-5
403.0 1.856530201235338e-5
404.0 1.8140288999130852e-5
404.99999999999994 1.7734643472548936e-5
406.0 1.7347058631069755e-5
407.00000000000006 1.6976341970460028e-5
408.0 1.6621403154609132e-5
409.0 1.6281243395722375e-5
410.0 1.5954946115695886e-5
411.0 1.5641668721572642e-5
412.0 1.534063534620728e-5
413.0 1.5051130413704963e-5
413.99999999999994 1.47724929379772e-5
415.0 1.4504111445490727e-5
416.00000000000006 1.4245419455672183e-5
417.0 1.3995891441295556e-5
418.00000000000006 1.3755039215561428e-5
419.0 1.3522408690403128e-5
420.0 1.3297576966698839e-5
421.0 1.3080149715436322e-5
422.0 1.2869758816001314e-5
423.0 1.2666060223552149e-5
424.0 1.2468732041341402e-5
424.99999999999994 1.2277472773597907e-5
426.0 1.2091999739203318e-5
427.00000000000006 1.1912047632768739e-5
428.0 1.173736721333262e-5
429.0 1.1567724109326166e-5
430.0 1.140289773022503e-5
431.0 1.124268026823353e-5
432.0 1.1086875789780468e-5
433.0 1.0935299398511967e-5
434.0 1.0787776472184501e-5
435.0 1.0644141956919645e-5
435.99999999999994 1.050423972351201e-5
437.0 1.0367921971116049e-5
438.00000000000006 1.0235048679899744e-5
439.0 1.010548710543938e-5
440.0 9.979111311917163e-6
441.0 9.855801741122832e-6
442.0 9.735444813278317e-6
443.0 9.617932557011164e-6
444.0 9.503162267938222e-6
445.0 9.391036189900662e-6
446.0 9.281461219810458e-6
446.99999999999994 9.174348634439022e-6
448.0 9.069613834029986e-6
449.00000000000006 8.967176105220371e-6
450.0 8.866958400178565e-6
451.0 8.768887129337717e-6
452.0 8.672891969387073e-6
453.0 8.578905683240018e-6
454.0 8.486863951620056e-6
455.0 8.396705215917938e-6
456.0 8.308370531173151e-6
457.0 8.22180342766961e-6
457.99999999999994 8.136949782421571e-6
459.0 8.053757696777635e-6
460.00000000000006 7.972177383892494e-6
461.0 7.892161060630702e-6
462.0 7.813662848382988e-6
463.0 7.736638677080893e-6
464.0 7.661046197688126e-6
465.0 7.586844697535982e-6
466.0 7.513995021922509e-6
467.0 7.442459499760722e-6
468.0 7.372201873182045e-6
468.99999999999994 7.303187231531903e-6
470.0 7.2353819490922544e-6
471.00000000000006 7.168753625559379e-6
472.0 7.103271030698034e-6
473.0 7.038904051288091e-6
474.0 6.975623641501329e-6
475.0 6.913401775178799e-6
476.0 6.852211401315731e-6
477.0 6.792026401831336e-6
477.99999999999994 6.732821550739361e-6
479.0 6.674572476729047e-6
479.99999999999994 6.617255626446769e-6
481.0 6.560848230066263e-6
482.00000000000006 6.505328269108139e-6
483.0 6.450674445047092e-6
484.0 6.396866149672044e-6
485.0 6.3438834375824015e-6
486.0 6.291706998919722e-6
487.0 6.240318134372412e-6
488.0 6.189698730581251e-6
488.99999999999994 6.139831237673108e-6
490.0 6.090698646633104e-6
491.00000000000006 6.0422844689309525e-6
492.0 5.9945727161125096e-6
493.0 5.9475478810075375e-6
494.0 5.901194919524572e-6
495.0 5.855499233275198e-6
496.0 5.810446652891404e-6
497.0 5.766023422247133e-6
498.0 5.722216183416304e-6
499.0 5.679011962038442e-6
499.99999999999994 5.636398153521969e-6
501.0 5.594362509881362e-6
502.00000000000006 5.552893126975685e-6
503.0 5.5119784323240685e-6
504.0 5.471607173610086e-6
505.0 5.431768407503547e-6
506.0 5.392451488803835e-6
507.0 5.353646060646848e-6
508.0 5.315342044105979e-6
509.0 5.277529629348437e-6
510.0 5.240199266241717e-6
510.99999999999994 5.203341655795905e-6
512.0 5.166947741924398e-6
513.0 5.131008703414093e-6
514.0 5.095515946132424e-6
515.0 5.060461095879611e-6
516.0 5.025835991049645e-6
517.0 4.99163267612231e-6
518.0 4.957843394906015e-6
519.0 4.924460584165992e-6
520.0 4.891476867886171e-6
521.0 4.858885051133253e-6
522.0 4.826678114615451e-6
523.0 4.794849209142279e-6
524.0 4.763391650653149e-6
525.0 4.732298914948517e-6
526.0 4.701564632965048e-6
527.0 4.671182586220838e-6
528.0 4.641146702167572e-6
529.0 4.611451050011586e-6
530.0 4.5820898363680796e-6
531.0 4.553057401458696e-6
532.0 4.524348215095238e-6
533.0 4.495956872852413e-6
534.0 4.4678780927176035e-6
535.0 4.440106711318203e-6
536.0 4.412637680769137e-6
537.0 4.385466065208075e-6
538.0 4.3585870379164985e-6
539.0 4.33199587803337e-6
540.0 4.305687967705003e-6
541.0 4.2796587893573016e-6
542.0 4.253903922767428e-6
543.0 4.22841904255731e-6
544.0 4.203199915506209e-6
545.0 4.178242398204327e-6
546.0 4.153542434570391e-6
547.0 4.1290960534416565e-6
548.0 4.104899366541836e-6
549.0 4.080948566104331e-6
550.0 4.057239922881188e-6
551.0 4.033769783974888e-6
552.0 4.010534571104682e-6
553.0 3.987530778315377e-6
554.0 3.964754970491362e-6
555.0 3.942203781368201e-6
556.0 3.919873911767677e-6
557.0 3.8977621280179326e-6
558.0 3.875865260199622e-6
559.0 3.854180200617705e-6
560.0 3.8327039022788455e-6
561.0 3.8114333773663467e-6
562.0 3.7903656957191677e-6
563.0 3.7694979836200244e-6
564.0 3.748827422150696e-6
565.0 3.7283512461352425e-6
566.0 3.708066742666092e-6
567.0 3.6879712499178613e-6
568.0 3.6680621559700587e-6
569.0 3.6483368975571073e-6
570.0 3.628792958945933e-6
571.0 3.6094278708483414e-6
572.0 3.5902392093292427e-6
573.0 3.571224594705176e-6
574.0 3.5523816905987917e-6
575.0 3.533708202900533e-6
576.0 3.5152018787877314e-6
577.0 3.4968605058119367e-6
578.0 3.4786819109941855e-6
579.0 3.460663959939991e-6
580.0 3.4428045558986405e-6
581.0 3.425101639045974e-6
582.0 3.407553185510107e-6
583.0 3.3901572067657734e-6
584.0 3.372911748685821e-6
585.0 3.3558148908937554e-6
586.0 3.3388647459498173e-6
587.0 3.322059458767332e-6
588.0 3.305397205692953e-6
589.0 3.2888761940692303e-6
590.0 3.272494661448285e-6
591.0 3.2562508749459214e-6
592.0 3.2401431306127615e-6
593.0 3.2241697528941724e-6
594.0 3.208329093946738e-6
595.0 3.1926195331207142e-6
596.0 3.1770394763794037e-6
597.0 3.161587355689814e-6
598.0 3.1462616285755623e-6
599.0 3.1310607775296987e-6
600.0 3.1159833095564657e-6
601.0 3.1010277555898293e-6
602.0 3.0861926701127173e-6
603.0 3.0714766305503146e-6
604.0 3.056878236973344e-6
605.0 3.042396111493982e-6
606.0 3.0280288979259236e-6
607.0 3.013775261280187e-6
608.0 2.9996338874125214e-6
609.0 2.985603482559345e-6
610.0 2.9716827730002003e-6
611.0 2.957870504564786e-6
612.0 2.9441654424000832e-6
613.0 2.9305663704244035e-6
614.0 2.9170720911162045e-6
615.0 2.903681425066646e-6
616.0 2.8903932106599704e-6
617.0 2.8772063037661395e-6
618.0 2.8641195773415965e-6
619.0 2.851131921159315e-6
620.0 2.838242241493022e-6
621.0 2.825449460755673e-6
622.0 2.8127525172881623e-6
623.0 2.8001503649483286e-6
624.0 2.7876419729371293e-6
625.0 2.7752263254168976e-6
626.0 2.7629024213512396e-6
627.0 2.7506692740833852e-6
628.0 2.738525911226958e-6
629.0 2.7264713742970957e-6
630.0 2.7145047185104385e-6
631.0 2.702625012535988e-6
632.0 2.6908313382217876e-6
633.0 2.6791227904079016e-6
634.0 2.6674984766588682e-6
635.0 2.6559575170383914e-6
636.0 2.644499043910719e-6
637.0 2.633122201699321e-6
638.0 2.6218261467182397e-6
639.0 2.610610046895762e-6
640.0 2.5994730816271554e-6
641.0 2.588414441559882e-6
642.0 2.5774333283993645e-6
643.0 2.566528954713646e-6
644.0 2.5557005437541963e-6
645.0 2.5449473292487685e-6
646.0 2.5342685552827116e-6
647.0 2.523663476051712e-6
648.0 2.5131313557465334e-6
649.0 2.502671468340595e-6
650.0 2.492283097452484e-6
651.0 2.481965536185747e-6
652.0 2.4717180869738606e-6
653.0000000000001 2.4615400613859836e-6
654.0 2.4514307800234334e-6
655.0 2.441389572363256e-6
656.0 2.4314157765696582e-6
657.0 2.4215087394164675e-6
658.0 2.411667816107792e-6
659.0 2.4018923701250884e-6
659.9999999999999 2.392181773128959e-6
661.0 2.382535404814858e-6
662.0 2.372952652775783e-6
663.0 2.363432912401652e-6
664.0000000000001 2.3539755867022187e-6
665.0 2.3445800862524577e-6
666.0 2.3352458289968294e-6
667.0 2.3259722402136094e-6
668.0 2.3167587523394576e-6
669.0 2.3076048048874163e-6
670.0 2.298509844310389e-6
670.9999999999999 2.2894733239200664e-6
672.0 2.2804947037621666e-6
673.0 2.271573450530913e-6
674.0 2.2627090374335615e-6
675.0000000000001 2.253900944120981e-6
676.0 2.245148656584217e-6
677.0 2.2364516670336948e-6
678.0 2.227809473835519e-6
679.0 2.2192215813961265e-6
680.0 2.210687500086538e-6
681.0 2.2022067461350564e-6
681.9999999999999 2.193778841551775e-6
683.0 2.1854033140426733e-6
684.0 2.1770796969001384e-6
685.0 2.1688075289822326e-6
686.0000000000001 2.16058635452873e-6
687.0 2.1524157231911164e-6
688.0 2.144295189869105e-6
688.9999999999999 2.1362243146769355e-6
690.0 2.1282026628549492e-6
691.0 2.1202298046981277e-6
692.0 2.1123053154704883e-6
692.9999999999999 2.104428775349038e-6
694.0 2.09659976933763e-6
695.0 2.0888178872056892e-6
696.0 2.081082723420135e-6
697.0000000000001 2.0733938770766913e-6
698.0 2.0657509518346843e-6
699.0 2.0581535558464504e-6
699.9999999999999 2.0506013016976e-6
701.0 2.0430938063314187e-6
702.0 2.035630691025016e-6
703.0 2.0282115812868163e-6
703.9999999999999 2.0208361067999393e-6
705.0 2.013503901398503e-6
706.0 2.0062146029773936e-6
707.0 1.9989678534442544e-6
708.0000000000001 1.9917632986609824e-6
709.0 1.984600588406244e-6
710.0 1.977479376300332e-6
710.9999999999999 1.9703993197485797e-6
712.0 1.9633600799171265e-6
713.0 1.956361321659072e-6
714.0 1.9494027134678696e-6
715.0000000000001 1.9424839274243413e-6
716.0 1.935604639169572e-6
717.0 1.928764527830251e-6
718.0 1.9219632759723488e-6
719.0000000000001 1.915200569579043e-6
720.0 1.9084760979863597e-6
721.0 1.9017895538390084e-6
721.9999999999999 1.8951406330418273e-6
723.0 1.8885290347439756e-6
724.0 1.8819544612635007e-6
725.0 1.8754166180445126e-6
726.0000000000001 1.868915213650578e-6
727.0 1.8624499596929708e-6
728.0 1.856020570798646e-6
729.0 1.8496267645699705e-6
730.0 1.8432682615496828e-6
731.0 1.836944785180364e-6
732.0 1.8306560617682623e-6
732.9999999999999 1.8244018204465125e-6
734.0 1.818181793137723e-6
735.0 1.811995714498236e-6
736.0 1.8058433219332542e-6
737.0000000000001 1.7997243555079261e-6
738.0 1.7936385579450885e-6
739.0 1.787585674579998e-6
740.0 1.7815654533219476e-6
741.0 1.7755776446546737e-6
742.0 1.7696220015412848e-6
743.0 1.763698279459307e-6
743.9999999999999 1.757806236326437e-6
745.0 1.7519456324864108e-6
746.0 1.7461162306786893e-6
747.0 1.74031779599586e-6
748.0000000000001 1.7345500958752559e-6
749.0 1.728812900050035e-6
750.0 1.7231059805374568e-6
751.0 1.7174291115946194e-6
752.0 1.7117820697024327e-6
753.0 1.7061646335388775e-6
754.0 1.7005765839393262e-6
754.9999999999999 1.69501770388447e-6
756.0 1.6894877784723437e-6
757.0 1.683986594873658e-6
758.0 1.6785139423416978e-6
759.0000000000001 1.6730696121587037e-6
760.0 1.6676533976096972e-6
761.0 1.6622650939908903e-6
762.0 1.6569044985429996e-6
763.0 1.6515714104645479e-6
764.0 1.646265630858378e-6
765.0 1.640986962730239e-6
765.9999999999999 1.6357352109582555e-6
767.0 1.630510182276492e-6
768.0 1.6253116852355127e-6
769.0 1.6201395302124587e-6
770.0000000000001 1.6149935293495935e-6
771.0 1.6098734965728654e-6
772.0 1.6047792475398616e-6
773.0 1.5997105996388372e-6
774.0 1.5946673719658586e-6
775.0 1.5896493852952476e-6
776.0 1.5846564620650071e-6
776.9999999999999 1.579688426367311e-6
778.0 1.5747451039192912e-6
779.0 1.569826322041634e-6
780.0 1.5649319096496767e-6
781.0000000000001 1.5600616972226657e-6
782.0 1.5552155168061542e-6
783.0 1.5503932019734495e-6
784.0 1.5455945878199362e-6
785.0 1.5408195109397182e-6
786.0 1.5360678094126628e-6
787.0 1.5313393227887687e-6
787.9999999999999 1.5266338920686982e-6
789.0 1.5219513596854632e-6
790.0 1.5172915694957104e-6
791.0 1.5126543667546568e-6
792.0000000000001 1.5080395981124102e-6
793.0 1.5034471115836415e-6
794.0 1.4988767565436255e-6
795.0 1.49432838371412e-6
796.0 1.4898018451379204e-6
797.0 1.4852969941697315e-6
798.0 1.4808136854740838e-6
798.9999999999999 1.4763517749864234e-6
800.0 1.4719111199176709e-6
801.0 1.467491578736696e-6
802.0 1.4630930111575483e-6
803.0000000000001 1.4587152781195755e-6
804.0 1.4543582417757937e-6
805.0 1.4500217654895556e-6
806.0 1.4457057138135979e-6
807.0 1.4414099524713154e-6
808.0 1.4371343483561528e-6
809.0 1.4328787695177644e-6
809.9999999999999 1.4286430851357763e-6
811.0 1.424427165526509e-6
812.0 1.420230882120632e-6
813.0 1.4160541074510738e-6
814.0000000000001 1.4118967151449905e-6
815.0 1.407758579912369e-6
816.0 1.4036395775320594e-6
816.9999999999999 1.3995395848404226e-6
818.0 1.3954584797242232e-6
819.0 1.3913961411043661e-6
820.0 1.3873524489329351e-6
820.9999999999999 1.3833272841727249e-6
822.0 1.3793205287946956e-6
823.0 1.3753320657585427e-6
824.0 1.371361779019822e-6
825.0000000000001 1.3674095534981785e-6
826.0 1.3634752750871423e-6
827.0 1.3595588306257515e-6
827.9999999999999 1.3556601079015813e-6
829.0 1.351778995639609e-6
830.0 1.3479153834929173e-6
831.0 1.3440691620269417e-6
832.0000000000001 1.340240222714265e-6
833.0 1.336428457930728e-6
834.0 1.3326337609354147e-6
835.0 1.3288560258791528e-6
836.0000000000001 1.325095147768561e-6
837.0 1.3213510224891585e-6
838.0 1.317623546769387e-6
838.9999999999999 1.3139126181918609e-6
840.0 1.310218135172507e-6
841.0 1.3065399969622272e-6
842.0 1.3028781036287078e-6
843.0000000000001 1.2992323560567788e-6
844.0 1.295602655931088e-6
845.0 1.2919889057447134e-6
846.0 1.288391008773399e-6
847.0000000000001 1.2848088690740134e-6
848.0 1.2812423914871986e-6
849.0 1.2776914816129012e-6
849.9999999999999 1.2741560458154053e-6
851.0 1.2706359912153642e-6
852.0 1.2671312256717602e-6
853.0 1.2636416577888624e-6
854.0000000000001 1.2601671969017208e-6
855.0 1.256707753069041e-6
856.0 1.2532632370693734e-6
857.0 1.2498335603918767e-6
858.0 1.2464186352341438e-6
859.0 1.2430183744870555e-6
860.0 1.2396326917373338e-6
860.9999999999999 1.236261501259053e-6
862.0 1.2329047180002127e-6
863.0 1.2295622575849447e-6
864.0 1.226234036305039e-6
865.0000000000001 1.2229199711159087e-6
866.0 1.219619979622585e-6
867.0 1.2163339800809274e-6
868.0 1.2130618913934064e-6
869.0 1.2098036330940382e-6
870.0 1.2065591253588384e-6
871.0 1.203328288976275e-6
871.9999999999999 1.2001110453684245e-6
873.0 1.1969073165627388e-6
874.0 1.1937170252027625e-6
875.0 1.1905400945329284e-6
876.0000000000001 1.1873764484017886e-6
877.0 1.184226011244866e-6
878.0 1.181088708093463e-6
879.0 1.1779644645563122e-6
880.0 1.1748532068249938e-6
881.0 1.171754861661945e-6
882.0 1.1686693564016253e-6
882.9999999999999 1.165596618943253e-6
884.0 1.1625365777403423e-6
885.0 1.1594891618064883e-6
886.0 1.1564543007007384e-6
887.0000000000001 1.1534319245278934e-6
888.0 1.150421963936418e-6
889.0 1.1474243501082604e-6
890.0 1.1444390147607077e-6
891.0 1.1414658901345285e-6
892.0 1.138504908997006e-6
893.0 1.1355560046297671e-6
893.9999999999999 1.1326191108330705e-6
895.0 1.1296941619141892e-6
896.0 1.1267810926903992e-6
897.0 1.1238798384811601e-6
898.0000000000001 1.1209903350993558e-6
899.0 1.1181125188579527e-6
900.0 1.1152463265551116e-6
901.0 1.1123916954759973e-6
902.0 1.109548563391094e-6
903.0 1.1067168685463573e-6
904.0 1.1038965496666492e-6
904.9999999999999 1.1010875459421367e-6
906.0 1.0982897970358831e-6
907.0 1.095503243068745e-6
908.0 1.0927278246256711e-6
909.0000000000001 1.0899634827447317e-6
910.0 1.0872101589216245e-6
911.0 1.084467795092989e-6
912.0 1.0817363336515154e-6
913.0 1.0790157174201632e-6
914.0 1.0763058896685075e-6
915.0 1.0736067940960707e-6
915.9999999999999 1.0709183748363063e-6
917.0 1.0682405764508223e-6
918.0 1.0655733439218018e-6
919.0 1.0629166226535852e-6
920.0000000000001 1.0602703584685217e-6
921.0 1.0576344976034791e-6
922.0 1.0550089867020197e-6
923.0 1.0523937728149657e-6
924.0 1.0497888033970599e-6
925.0 1.0471940263008016e-6
926.0 1.0446093897731928e-6
926.9999999999999 1.042034842454764e-6
928.0 1.0394703333727364e-6
929.0 1.0369158119376905e-6
930.0 1.034371227938713e-6
931.0000000000001 1.0318365315452606e-6
932.0 1.0293116732928277e-6
933.0 1.0267966040859345e-6
934.0 1.024291275195614e-6
935.0 1.021795638244791e-6
936.0 1.0193096452160003e-6
937.0 1.0168332484400824e-6
937.9999999999999 1.0143664005864808e-6
939.0 1.0119090546702536e-6
940.0 1.009461164036016e-6
941.0 1.0070226823583008e-6
942.0000000000001 1.0045935636305175e-6
943.0 1.0021737621645993e-6
944.0 9.997632325801796e-7
944.9999999999999 9.973619298004921e-7
946.0 9.94969809043369e-7
947.0 9.925868258132603e-7
948.0 9.902129358963028e-7
948.9999999999999 9.878480953494324e-7
950.0 9.854922604900069e-7
951.0 9.831453878883243e-7
952.0 9.80807434360691e-7
953.0000000000001 9.78478356950004e-7
954.0 9.761581129213442e-7
955.0 9.738466597497083e-7
955.9999999999999 9.715439551000899e-7
957.0 9.692499568227683e-7
958.0 9.669646229328397e-7
959.0 9.646879115902097e-7
959.9999999999999 9.624197810933548e-7
961.0 9.601601898500433e-7
962.0 9.579090963656007e-7
963.0 9.556664592137795e-7
964.0000000000001 9.5343223702118e-7
965.0 9.51206388437224e-7
966.0 9.489888721127813e-7
966.9999999999999 9.467796466658889e-7
968.0 9.445786706556207e-7
969.0 9.423859025475463e-7
970.0 9.402013006785749e-7
971.0000000000001 9.380248232181108e-7
972.0 9.358564281279761e-7
973.0 9.336960731146318e-7
974.0 9.315437155898218e-7
975.0000000000001 9.293993126094505e-7
976.0 9.272628208256516e-7
977.0 9.251341964217735e-7
977.9999999999999 9.230133950515784e-7
979.0 9.20900371771346e-7
980.0 9.187950809636198e-7
981.0 9.166974762559057e-7
982.0000000000001 9.146075104379426e-7
983.0 9.125251353681852e-7
984.0 9.104503018769049e-7
985.0 9.083829596533623e-7
986.0 9.063230571408506e-7
987.0 9.042705414027909e-7
988.0 9.022253580052229e-7
988.9999999999999 9.001874508642857e-7
990.0 8.981567621034443e-7
991.0 8.961332318877007e-7
992.0 8.941167982577088e-7
993.0000000000001 8.921073969420327e-7
994.0 8.901049611689723e-7
995.0 8.881094214543238e-7
996.0 8.861207053874993e-7
997.0 8.841387373989855e-7
998.0 8.821634385179859e-7
999.0 8.801947261139186e-7
999.9999999999999 8.782325136312051e-7
1001.0 8.762767103056362e-7
1002.0 8.743272208782535e-7
1003.0 8.723839452886751e-7
1004.0000000000001 8.704467783643442e-7
1005.0 8.685156095093752e-7
1006.0 8.665903223766265e-7
1007.0 8.646707945462498e-7
1008.0 8.627568972077636e-7
1009.0 8.608484948385849e-7
1010.0 8.589454449062427e-7
1010.9999999999999 8.57047597584926e-7
1012.0 8.551547954912749e-7
1013.0 8.532668734647131e-7
1014.0 8.513836583889599e-7
1015.0000000000001 8.495049690674021e-7
1016.0 8.476306161684678e-7
1017.0 8.457604022596773e-7
1018.0 8.438941219382563e-7
1019.0 8.420315620844203e-7
1020.0 8.401725022440562e-7
1021.0 8.383167151863776e-7
1021.9999999999999 8.364639676232296e-7
1023.0 8.34614021154554e-7
1024.0 8.327666334193888e-7
1025.0 8.309215595053379e-7
1026.0 8.290785536345506e-7
1027.0 8.272373711175403e-7
1028.0 8.253977706291731e-7
1029.0 8.235595167736995e-7
1030.0 8.217223829824915e-7
1031.0 8.198861546927503e-7
1032.0 8.180506328275996e-7
1033.0 8.162156375189794e-7
1034.0 8.143810120462409e-7
1035.0 8.125466269169567e-7
1036.0 8.107123840199654e-7
1037.0 8.088782207492677e-7
1038.0 8.070441139979565e-7
1039.0 8.052100838890146e-7
1040.0 8.033761971060611e-7
1041.0 8.015425696914026e-7
1042.0 7.997093691502614e-7
1043.0 7.978768157379313e-7
1044.0 7.960451827846066e-7
1045.0 7.942147959672606e-7
1046.0 7.92386031440844e-7
1047.0 7.905593127872721e-7
1048.0 7.887351067907192e-7
1049.0 7.869139180780995e-7
1050.0 7.850962827290343e-7
1051.0 7.832827609936584e-7
1052.0 7.814739293135783e-7
1053.0 7.796703718615067e-7
1054.0 7.778726718535413e-7
1055.0 7.760814029028201e-7
1056.0 7.742971206493295e-7
1057.0 7.725203549620042e-7
1058.0 7.707516028791779e-7
1059.0 7.689913225167602e-7
1060.0 7.672399280574107e-7
1061.0 7.654977859124216e-7
1062.0 7.637652121120888e-7
1063.0 7.620424708724016e-7
1064.0 7.603297743340316e-7
1065.0 7.586272833248433e-7
1066.0 7.569351090634155e-7
1067.0 7.552533156373128e-7
1068.0 7.535819231102256e-7
1069.0 7.519209110987813e-7
1070.0 7.502702226732161e-7
1071.0 7.486297684354723e-7
1072.0 7.469994306564561e-7
1073.0 7.453790673625002e-7
1074.0 7.437685162855133e-7
1075.0 7.421675986014472e-7
1076.0 7.405761224280088e-7
1077.0 7.389938860097088e-7
1078.0 7.37420680620517e-7
1079.0 7.358562931278149e-7
1080.0 7.343005082575291e-7
1081.0 7.327531105521797e-7
1082.0 7.312138860366029e-7
1083.0 7.296826236317021e-7
1084.0 7.281591163015506e-7
1085.0 7.266431620025758e-7
1086.0 7.251345644181779e-7
1087.0 7.236331335275864e-7
1088.0 7.221386860206932e-7
1089.0 7.206510455797845e-7
1090.0 7.191700430524753e-7
1091.0 7.176955165269614e-7
1092.0 7.162273113302777e-7
1093.0 7.147652799584183e-7
1094.0 7.133092819564517e-7
1095.0 7.118591837558311e-7
1096.0 7.104148584749539e-7
1097.0 7.089761857014603e-7
1098.0 7.075430512489059e-7
1099.0 7.061153469071809e-7
1100.0 7.04692970178639e-7
1101.0 7.032758240167697e-7
1102.0 7.018638165608952e-7
1103.0 7.004568608715138e-7
1104.0 6.99054874674364e-7
1105.0 6.976577801074056e-7
1106.0 6.962655034724132e-7
1107.0 6.948779750047831e-7
1108.0 6.934951286388487e-7
1109.0 6.921169017905821e-7
1110.0 6.907432351534691e-7
1111.0 6.89374072492366e-7
1112.0 6.880093604601865e-7
1113.0 6.866490484135069e-7
1114.0 6.852930882489337e-7
1115.0 6.839414342344895e-7
1116.0 6.825940428658276e-7
1117.0 6.812508727212729e-7
1118.0 6.799118843250558e-7
1119.0 6.785770400232381e-7
1120.0 6.772463038677456e-7
1121.0 6.759196415009043e-7
1122.0 6.745970200547222e-7
1123.0 6.732784080536192e-7
1124.0 6.719637753206116e-7
1125.0 6.706530928938157e-7
1126.0 6.693463329477886e-7
1127.0 6.680434687179584e-7
1128.0 6.667444744302554e-7
1129.0 6.654493252376338e-7
1130.0 6.641579971601301e-7
1131.0 6.628704670250438e-7
1132.0 6.615867124182928e-7
1133.0 6.60306711633332e-7
1134.0 6.590304436240602e-7
1135.0 6.57757887965857e-7
1136.0 6.564890248123908e-7
1137.0 6.552238348582007e-7
1138.0 6.539622993080115e-7
1139.0 6.527043998414113e-7
1140.0 6.514501185815502e-7
1141.0 6.501994380721091e-7
1142.0 6.489523412468282e-7
1143.0 6.477088114072021e-7
1144.0 6.464688322000403e-7
1145.0 6.452323875946207e-7
1146.0 6.439994618656905e-7
1147.0 6.427700395733382e-7
1148.0 6.41544105547709e-7
1149.0 6.40321644870484e-7
1150.0 6.391026428633433e-7
1151.0 6.37887085070923e-7
1152.0 6.36674957252193e-7
1153.0 6.354662453640585e-7
1154.0 6.342609355541223e-7
1155.0 6.330590141468375e-7
1156.0 6.318604676366707e-7
1157.0 6.306652826776429e-7
1158.0 6.294734460768752e-7
1159.0 6.282849447834483e-7
1160.0 6.270997658837417e-7
1161.0 6.259178965944503e-7
1162.0 6.24739324256093e-7
1163.0 6.235640363256051e-7
1164.0 6.223920203735844e-7
1165.0 6.212232640761182e-7
1166.0 6.200577552133556e-7
1167.0 6.188954816625834e-7
1168.0 6.177364313948193e-7
1169.0 6.16580592470984e-7
1170.0 6.154279530385965e-7
1171.0 6.142785013282475e-7
1172.0 6.131322256502805e-7
1173.0 6.119891143916992e-7
1174.0 6.108491560140542e-7
1175.0 6.097123390511647e-7
1176.0 6.085786521041124e-7
1177.0 6.074480838438112e-7
1178.0 6.063206230050415e-7
1179.0 6.051962583848059e-7
1180.0 6.040749788419278e-7
1181.0 6.029567732966361e-7
1182.0 6.018416307243039e-7
1183.0 6.007295401595204e-7
1184.0 5.996204906902429e-7
1185.0 5.985144714599182e-7
1186.0 5.974114716627588e-7
1187.0 5.963114805468975e-7
1188.0 5.952144874097805e-7
1189.0 5.941204815988522e-7
1190.0 5.930294525099733e-7
1191.0 5.919413895870696e-7
1192.0 5.908562823210035e-7
1193.0 5.897741202495148e-7
1194.0 5.886948929548624e-7
1195.0 5.876185900651381e-7
1196.0 5.865452012529299e-7
1197.0 5.854747162328803e-7
1198.0 5.844071247658624e-7
1199.0 5.83342416651749e-7
1200.0 5.822805817357897e-7
1201.0 5.812216099032826e-7
1202.0 5.801654910808186e-7
1203.0 5.791122152366848e-7
1204.0 5.78061772379753e-7
1205.0 5.770141525583038e-7
1206.0 5.759693458610756e-7
1207.0 5.749273424153694e-7
1208.0 5.738881323890382e-7
1209.0 5.728517059887162e-7
1210.0 5.71818053457825e-7
1211.0 5.707871650806088e-7
1212.0 5.697590311783495e-7
1213.0 5.687336421098309e-7
1214.0 5.67710988272733e-7
1215.0 5.666910601012353e-7
1216.0 5.656738480666271e-7
1217.0 5.646593426786229e-7
1218.0 5.636475344822337e-7
1219.0 5.626384140598473e-7
1220.0 5.616319720304322e-7
1221.0 5.606281990499923e-7
1222.0 5.596270858091977e-7
1223.0 5.586286230358903e-7
1224.0 5.576328014938823e-7
1225.0 5.566396119819927e-7
1226.0 5.556490453350328e-7
1227.0 5.54661092423287e-7
1228.0 5.536757441527478e-7
1229.0 5.52692991463652e-7
1230.0 5.517128253321599e-7
1231.0 5.507352367694312e-7
1232.0 5.49760216820537e-7
1233.0 5.487877565657554e-7
1234.0 5.478178471199744e-7
1235.0 5.468504796330521e-7
1236.0 5.458856452882959e-7
1237.0 5.449233353032521e-7
1238.0 5.439635409303846e-7
1239.0 5.430062534549285e-7
1240.0 5.420514641980208e-7
1241.0 5.410991645118984e-7
1242.0 5.401493457844685e-7
1243.0 5.392019994360752e-7
1244.0 5.382571169210918e-7
1245.0 5.373146897274304e-7
1246.0 5.363747093747665e-7
1247.0 5.354371674183975e-7
1248.0 5.345020554436626e-7
1249.0 5.335693650712682e-7
1250.0 5.326390879533265e-7
1251.0 5.317112157746864e-7
1252.0 5.307857402535745e-7
1253.0 5.298626531399931e-7
1254.0 5.289419462161618e-7
1255.0 5.280236112970978e-7
1256.0 5.271076402298755e-7
1257.0 5.261940248929573e-7
1258.0 5.252827571973974e-7
1259.0 5.243738290862659e-7
1260.0 5.234672325334259e-7
1261.0 5.22562959544733e-7
1262.0 5.216610021577796e-7
1263.0 5.207613524418717e-7
1264.0 5.198640024967357e-7
1265.0 5.189689444535154e-7
1266.0 5.180761704750144e-7
1267.0 5.171856727541827e-7
1268.0 5.16297443515267e-7
1269.0 5.154114750131727e-7
1270.0 5.145277595335633e-7
1271.0 5.136462893924244e-7
1272.0 5.127670569359037e-7
1273.0 5.118900545415063e-7
1274.0 5.110152746156649e-7
1275.0 5.10142709595335e-7
1276.0 5.092723519476492e-7
1277.0 5.084041941700541e-7
1278.0 5.075382287885293e-7
1279.0 5.066744483601484e-7
1280.0 5.058128454696766e-7
1281.0 5.049534127333739e-7
1282.0 5.040961427952829e-7
1283.0 5.032410283298282e-7
1284.0 5.023880620390444e-7
1285.0 5.015372366558202e-7
1286.0 5.006885449406474e-7
1287.0 4.998419796827565e-7
1288.0 4.98997533700837e-7
1289.0 4.981551998415149e-7
1290.0 4.973149709803467e-7
1291.0 4.964768400206115e-7
1292.0 4.956407998939461e-7
1293.0 4.948068435605336e-7
1294.0 4.939749640085606e-7
1295.0 4.931451542530337e-7
1296.0 4.923174073388719e-7
1297.0 4.914917163360942e-7
1298.0 4.906680743444235e-7
1299.0 4.898464744898497e-7
1300.0 4.890269099260012e-7
1301.0 4.88209373833987e-7
1302.0 4.873938594217564e-7
1303.0 4.865803599241937e-7
1304.0 4.857688686034678e-7
1305.0 4.849593787484132e-7
1306.0000000000002 4.84151883674551e-7
1307.0 4.833463767238253e-7
1308.0 4.825428512643657e-7
1308.9999999999998 4.817413006917686e-7
1310.0 4.809417184267945e-7
1311.0 4.801440979170916e-7
1312.0 4.793484326357607e-7
1313.0 4.785547160818582e-7
1314.0 4.777629417808207e-7
1315.0 4.769731032836741e-7
1316.0 4.7618519416657285e-7
1317.0000000000002 4.7539920803139747e-7
1318.0 4.7461513850555007e-7
1319.0 4.738329792421579e-7
1319.9999999999998 4.7305272391872486e-7
1321.0 4.7227436623811e-7
1322.0 4.714978999285635e-7
1323.0 4.7072331874240065e-7
1324.0 4.699506164574832e-7
1325.0 4.6917978687613217e-7
1326.0 4.684108238244112e-7
1327.0 4.676437211544083e-7
1328.0000000000002 4.66878472741466e-7
1329.0 4.66115072484846e-7
1330.0 4.6535351430918657e-7
1330.9999999999998 4.645937921623986e-7
1332.0 4.6383590001579807e-7
1333.0 4.630798318656678e-7
1334.0 4.623255817311326e-7
1335.0 4.615731436554804e-7
1336.0 4.608225117055453e-7
1337.0 4.600736799710291e-7
1338.0 4.5932664256519763e-7
1339.0000000000002 4.5858139362507965e-7
1340.0 4.57837927309765e-7
1341.0 4.570962378023565e-7
1341.9999999999998 4.5635631930882777e-7
1343.0 4.5561816605665366e-7
1344.0 4.548817722978299e-7
1345.0 4.541471323060309e-7
1346.0 4.534142403768986e-7
1347.0 4.5268309082988136e-7
1348.0 4.519536780057345e-7
1349.0 4.5122599626761554e-7
1350.0000000000002 4.505000400012354e-7
1351.0 4.497758036135744e-7
1352.0 4.490532815343299e-7
1352.9999999999998 4.4833246821471115e-7
1354.0 4.4761335812742295e-7
1355.0 4.4689594576708857e-7
1356.0 4.4618022564969376e-7
1357.0 4.454661923132275e-7
1358.0 4.447538403163458e-7
1359.0 4.440431642391716e-7
1360.0 4.433341586831645e-7
1361.0000000000002 4.426268182708887e-7
1362.0 4.4192113764573893e-7
1363.0 4.4121711147199056e-7
1363.9999999999998 4.405147344344804e-7
1365.0 4.398140012394946e-7
1366.0 4.3911490661346576e-7
1366.9999999999998 4.384174453028059e-7
1368.0 4.377216120754053e-7
1369.0 4.3702740171867917e-7
1370.0 4.363348090407641e-7
1371.0 4.3564382887000143e-7
1372.0000000000002 4.349544560542842e-7
1373.0 4.3426668546176057e-7
1374.0 4.3358051198086807e-7
1374.9999999999998 4.3289593051928416e-7
1376.0 4.3221293600432705e-7
1377.0 4.3153152338346274e-7
1377.9999999999998 4.308516876236527e-7
1379.0 4.3017342371078767e-7
1380.0 4.2949672665045344e-7
1381.0 4.288215914674364e-7
1382.0 4.281480132062957e-7
1383.0000000000002 4.274759869295609e-7
1384.0 4.2680550771997547e-7
1385.0 4.2613657067786514e-7
1385.9999999999998 4.254691709238511e-7
1387.0 4.2480330359660264e-7
1388.0 4.2413896385301775e-7
1388.9999999999998 4.2347614686964277e-7
1390.0 4.228148478405934e-7
1391.0 4.221550619793299e-7
1392.0 4.214967845164201e-7
1393.0 4.208400107019934e-7
1394.0000000000002 4.2018473580383005e-7
1395.0 4.1953095510718013e-7
1396.0 4.188786639165602e-7
1396.9999999999998 4.182278575535624e-7
1398.0 4.1757853135780104e-7
1399.0 4.169306806870006e-7
1399.9999999999998 4.162843009160763e-7
1401.0 4.1563938743782776e-7
1402.0 4.1499593566285174e-7
1403.0 4.143539410187109e-7
1404.0 4.1371339895062726e-7
1405.0000000000002 4.1307430492110405e-7
1406.0 4.1243665441009036e-7
1407.0 4.1180044291423684e-7
1407.9999999999998 4.111656659475427e-7
1409.0 4.1053231904119604e-7
1410.0 4.0990039774282454e-7
1410.9999999999998 4.0926989761739004e-7
1412.0 4.0864081424620355e-7
1413.0 4.080131432277086e-7
1414.0 4.0738688017668367e-7
1415.0 4.0676202072451804e-7
1416.0000000000002 4.061385605192613e-7
1417.0 4.055164952248737e-7
1418.0 4.0489582052221536e-7
1419.0000000000002 4.042765321079085e-7
1420.0 4.036586256953304e-7
1421.0 4.030420970134995e-7
1421.9999999999998 4.0242694180759335e-7
1423.0 4.0181315583897775e-7
1424.0 4.0120073488441413e-7
1425.0 4.0058967473703365e-7
1426.0 3.999799712052366e-7
1427.0000000000002 3.9937162011368893e-7
1428.0 3.9876461730218575e-7
1429.0 3.9815895862621055e-7
1430.0000000000002 3.975546399569345e-7
1431.0 3.96951657180359e-7
1432.0 3.9635000619850984e-7
1432.9999999999998 3.95749682928128e-7
1434.0 3.9515068330167966e-7
1435.0 3.945530032663507e-7
1436.0 3.939566387845634e-7
1437.0 3.9336158583374957e-7
1438.0000000000002 3.927678404060474e-7
1439.0 3.9217539850883375e-7
1440.0 3.9158425616391675e-7
1441.0000000000002 3.909944094082719e-7
1442.0 3.9040585429308373e-7
1443.0 3.89818586884322e-7
1443.9999999999998 3.892326032627468e-7
1445.0 3.8864789952316056e-7
1446.0 3.8806447177498953e-7
1447.0 3.874823161419655e-7
1448.0 3.869014287623337e-7
1449.0000000000002 3.8632180578815443e-7
1450.0 3.857434433858101e-7
1451.0 3.8516633773604183e-7
1452.0000000000002 3.84590485033146e-7
1453.0 3.8401588148568796e-7
1454.0 3.834425233162783e-7
1454.9999999999998 3.828704067606343e-7
1456.0 3.8229952806927386e-7
1457.0 3.8172988350594174e-7
1458.0 3.811614693476124e-7
1459.0 3.805942818857921e-7
1460.0 3.8002831742471405e-7
1461.0 3.794635722827231e-7
1462.0 3.7890004279098396e-7
1463.0000000000002 3.7833772529430286e-7
1464.0 3.7777661615079155e-7
1465.0 3.772167117317943e-7
1465.9999999999998 3.7665800842220554e-7
1467.0 3.7610050261946453e-7
1468.0 3.7554419073402117e-7
1469.0 3.7498906919002883e-7
1470.0 3.744351344238994e-7
1471.0 3.7388238288518804e-7
1472.0 3.7333081103665805e-7
1473.0 3.7278041535331497e-7
1474.0000000000002 3.722311923229212e-7
1475.0 3.7168313844622384e-7
1476.0 3.711362502365672e-7
1476.9999999999998 3.705905242195463e-7
1478.0 3.7004595693343947e-7
1479.0 3.695025449292145e-7
1480.0 3.6896028476962326e-7
1481.0 3.684191730302578e-7
1482.0 3.6787920629895627e-7
1483.0 3.673403811753482e-7
1484.0 3.6680269427194295e-7
1485.0000000000002 3.662661422129988e-7
1486.0 3.657307216344529e-7
1487.0 3.651964291849634e-7
1487.9999999999998 3.646632615247085e-7
1489.0 3.6413121532602423e-7
1490.0 3.6360028727285513e-7
1491.0 3.6307047406105335e-7
1492.0 3.625417723982251e-7
1493.0 3.6201417900382373e-7
1494.0 3.614876906086501e-7
1495.0 3.609623039553846e-7
1496.0000000000002 3.6043801579799516e-7
1497.0 3.599148229023309e-7
1498.0 3.593927220452455e-7
1498.9999999999998 3.5887171001540895e-7
1500.0 3.583517836121206e-7
1501.0 3.5783293964704745e-7
1502.0 3.5731517494213076e-7
1503.0 3.5679848633121734e-7
1504.0 3.562828706586978e-7
1505.0 3.557683247803617e-7
1506.0 3.5525484556303265e-7
1507.0000000000002 3.547424298846981e-7
1508.0 3.5423107463400564e-7
1509.0 3.5372077671048613e-7
1509.9999999999998 3.532115330246969e-7
1511.0 3.527033404982687e-7
1512.0 3.5219619606293895e-7
1513.0 3.5169009666155086e-7
1514.0 3.51185039247826e-7
1515.0 3.506810207854863e-7
1516.0 3.50178038249312e-7
1517.0 3.4967608862451045e-7
1518.0000000000002 3.4917516890664205e-7
1519.0 3.486752761017206e-7
1520.0 3.481764072261921e-7
1520.9999999999998 3.476785593071154e-7
1522.0 3.47181729381205e-7
1523.0 3.466859144959322e-7
1524.0 3.4619111170874255e-7
1525.0 3.456973180874577e-7
1526.0 3.452045307097019e-7
1527.0 3.44712746663529e-7
1528.0 3.4422196304633754e-7
1529.0000000000002 3.4373217696649437e-7
1530.0 3.432433855413951e-7
1531.0 3.427555858990227e-7
1531.9999999999998 3.422687751765458e-7
1533.0 3.4178295052134977e-7
1534.0 3.412981090903413e-7
1535.0 3.4081424805058915e-7
1536.0 3.4033136457828475e-7
1537.0 3.3984945585937194e-7
1538.0 3.393685190896261e-7
1539.0 3.388885514739163e-7
1540.0000000000002 3.384095502271903e-7
1541.0 3.379315125735199e-7
1542.0 3.374544357460444e-7
1542.9999999999998 3.3697831698787734e-7
1544.0 3.365031535512883e-7
1545.0 3.360289426972842e-7
1546.0 3.355556816968992e-7
1547.0 3.350833678297977e-7
1548.0 3.346119983849781e-7
1549.0 3.341415706607539e-7
1550.0 3.336720819641821e-7
1551.0000000000002 3.332035296113324e-7
1552.0 3.327359109276847e-7
1553.0 3.322692232470695e-7
1553.9999999999998 3.318034639126111e-7
1555.0 3.313386302760388e-7
1556.0 3.308747196983316e-7
1557.0 3.304117295487826e-7
1558.0 3.2994965720547123e-7
1559.0 3.2948850005543903e-7
1560.0 3.2902825549397326e-7
1561.0 3.2856892092565966e-7
1562.0000000000002 3.28110493762645e-7
1563.0 3.2765297142656254e-7
1564.0 3.2719635134683544e-7
1564.9999999999998 3.267406309617234e-7
1566.0 3.262858077176557e-7
1567.0 3.258318790697773e-7
1568.0 3.2537884248106924e-7
1569.0 3.2492669542324967e-7
1570.0 3.2447543537565706e-7
1571.0 3.2402505982669155e-7
1572.0 3.2357556627224523e-7
1573.0000000000002 3.231269522163652e-7
1574.0 3.22679215171526e-7
1575.0 3.222323526579021e-7
1575.9999999999998 3.217863622039771e-7
1577.0 3.2134124134568706e-7
1578.0 3.208969876273859e-7
1579.0 3.2045359860124137e-7
1580.0 3.200110718266891e-7
1581.0 3.195694048716682e-7
1582.0 3.1912859531154143e-7
1583.0 3.1868864072921574e-7
1584.0000000000002 3.1824953871566925e-7
1585.0 3.178112868691768e-7
1586.0 3.173738827955665e-7
1586.9999999999998 3.169373241085833e-7
1588.0 3.165016084290065e-7
1589.0 3.16066733385257e-7
1590.0 3.156326966132174e-7
1591.0 3.1519949575630623e-7
1592.0 3.147671284648269e-7
1593.0 3.143355923967442e-7
1594.0 3.1390488521716856e-7
1595.0000000000002 3.134750045983736e-7
1596.0 3.13045948219735e-7
1597.0 3.1261771376791453e-7
1597.9999999999998 3.121902989365937e-7
1599.0 3.1176370142642673e-7
1600.0 3.113379189449944e-7
1601.0 3.1091294920716184e-7
1602.0 3.104887899342709e-7
1603.0 3.100654388546847e-7
1604.0 3.0964289370364776e-7
1605.0 3.0922115222333687e-7
1606.0000000000002 3.088002121622006e-7
1607.0 3.083800712757627e-7
1608.0 3.0796072732607614e-7
1608.9999999999998 3.0754217808176253e-7
1610.0 3.071244213178999e-7
1611.0 3.067074548162795e-7
1612.0 3.06291276365048e-7
1613.0 3.0587588375876383e-7
1614.0 3.054612747982283e-7
1615.0 3.05047447290937e-7
1616.0 3.0463439905021176e-7
1617.0000000000002 3.0422212789578403e-7
1618.0 3.0381063165357706e-7
1619.0 3.0339990815586154e-7
1619.9999999999998 3.0298995524050514e-7
1621.0 3.0258077075195883e-7
1622.0 3.0217235253995864e-7
1622.9999999999998 3.0176469846088235e-7
1624.0 3.0135780637668405e-7
1625.0 3.0095167415518966e-7
1626.0 3.0054629966969643e-7
1627.0 3.001416807998959e-7
1628.0000000000002 2.997378154306539e-7
1629.0 2.993347014524442e-7
1630.0 2.9893233676163884e-7
1630.9999999999998 2.9853071925988615e-7
1632.0 2.981298468544574e-7
1633.0 2.9772971745785375e-7
1633.9999999999998 2.9733032898793556e-7
1635.0 2.9693167936807817e-7
1636.0 2.965337665266704e-7
1637.0 2.961365883975971e-7
1638.0 2.957401429194806e-7
1639.0000000000002 2.953444280363794e-7
1640.0 2.9494944169702597e-7
1641.0 2.9455518185533265e-7
1641.9999999999998 2.941616464699745e-7
1643.0 2.937688335045967e-7
1644.0 2.9337674092753727e-7
1644.9999999999998 2.92985366711743e-7
1646.0 2.925947088349692e-7
1647.0 2.9220476527953e-7
1648.0 2.9181553403206266e-7
1649.0 2.9142701308386476e-7
1650.0000000000002 2.910392004306015e-7
1651.0 2.906520940720543e-7
1652.0 2.902656920123307e-7
1652.9999999999998 2.8987999225977105e-7
1654.0 2.8949499282695396e-7
1655.0 2.8911069173012635e-7
1655.9999999999998 2.887270869898438e-7
1657.0 2.883441766300754e-7
1658.0 2.879619586791921e-7
1659.0 2.8758043116883036e-7
1660.0 2.871995921345659e-7
1661.0000000000002 2.868194396152566e-7
1662.0 2.864399716534841e-7
1663.0 2.8606118629505146e-7
1664.0000000000002 2.856830815894116e-7
1665.0 2.8530565558872106e-7
1666.0 2.849289063490023e-7
1666.9999999999998 2.8455283192859385e-7
1668.0 2.8417743038935e-7
1669.0 2.838026997956987e-7
1670.0 2.8342863821507477e-7
1671.0 2.8305524371759477e-7
1672.0000000000002 2.8268251437579734e-7
1673.0 2.8231044826482964e-7
1674.0 2.81939043462447e-7
1675.0000000000002 2.8156829804832473e-7
1676.0 2.811982101047045e-7
1677.0 2.8082877771593683e-7
1677.9999999999998 2.8045999896794357e-7
1679.0 2.8009187194907424e-7
1680.0 2.797243947491116e-7
1681.0 2.793575654597932e-7
1682.0 2.789913821741068e-7
1683.0000000000002 2.7862584298675416e-7
1684.0 2.7826094599354174e-7
1685.0 2.7789668929177567e-7
1686.0000000000002 2.775330709795831e-7
1687.0 2.7717008915619006e-7
1688.0 2.768077419216532e-7
1688.9999999999998 2.764460273767636e-7
1690.0 2.7608494362288305e-7
1691.0 2.7572448876178873e-7
1692.0 2.753646608954938e-7
1693.0 2.750054581264365e-7
1694.0000000000002 2.746468785569053e-7
1695.0 2.7428892028920696e-7
1696.0 2.739315814252527e-7
1697.0000000000002 2.7357486006656666e-7
1698.0 2.7321875431422624e-7
1699.0 2.728632622687149e-7
1699.9999999999998 2.725083820293393e-7
1701.0 2.7215411169455717e-7
1702.0 2.718004493616786e-7
1703.0 2.714473931268063e-7
1704.0 2.7109494108411615e-7
1705.0000000000002 2.7074309132659175e-7
1706.0 2.7039184194482405e-7
1707.0 2.700411910278717e-7
1708.0000000000002 2.6969113666235755e-7
1709.0 2.6934167693227384e-7
1710.0 2.68992809919491e-7
1710.9999999999998 2.6864453370275373e-7
1712.0 2.68296846357904e-7
1713.0 2.679497459577349e-7
1714.0 2.6760323057142505e-7
1715.0 2.672572982648027e-7
1716.0 2.669119470998424e-7
1717.0 2.665671751343913e-7
1718.0 2.662229804222075e-7
1719.0000000000002 2.658793610124809e-7
1720.0 2.655363149500447e-7
1721.0 2.6519384027446177e-7
1721.9999999999998 2.6485193502033596e-7
1723.0 2.645105972169425e-7
1724.0 2.641698248879541e-7
1725.0 2.638296160511873e-7
1726.0 2.6348996871832537e-7
1727.0 2.6315088089465577e-7
1728.0 2.6281235057911135e-7
1729.0 2.624743757636131e-7
1730.0000000000002 2.621369544327914e-7
1731.0 2.6180008456421936e-7
1732.0 2.6146376412759276e-7
1732.9999999999998 2.6112799108467574e-7
1734.0 2.6079276338925384e-7
1735.0 2.604580789862977e-7
1736.0 2.601239358121265e-7
1737.0 2.597903317940733e-7
1738.0 2.59457264849937e-7
1739.0 2.591247328878358e-7
1740.0 2.5879273380602445e-7
1741.0000000000002 2.584612654925379e-7
1742.0 2.581303258245418e-7
1743.0 2.577999126684191e-7
1743.9999999999998 2.574700238794741e-7
1745.0 2.571406573011103e-7
1746.0 2.5681181076527853e-7
1747.0 2.564834820912284e-7
1748.0 2.5615566908607856e-7
1749.0 2.5582836954377434e-7
1750.0 2.555015812451454e-7
1751.0 2.551753019574203e-7
1752.0000000000002 2.5484952943411277e-7
1753.0 2.545242614140791e-7
1754.0 2.5419949562199435e-7
1754.9999999999998 2.538752297670458e-7
1756.0 2.5355146154365136e-7
1757.0 2.532281886302731e-7
1758.0 2.529054086891875e-7
1759.0 2.525831193666273e-7
1760.0 2.5226131829176693e-7
1761.0 2.519400030769152e-7
1762.0 2.516191713165653e-7
1763.0000000000002 2.512988205877634e-7
1764.0 2.509789484491787e-7
1765.0 2.506595524407155e-7
1765.9999999999998 2.5034063008383166e-7
1767.0 2.50022178880238e-7
1768.0 2.4970419631245785e-7
1769.0 2.49386679842543e-7
1770.0 2.4906962691272396e-7
1771.0 2.4875303494433977e-7
1772.0 2.4843690133755745e-7
1773.0 2.4812122347159964e-7
1774.0000000000002 2.478059987037539e-7
1775.0 2.474912243694974e-7
1776.0 2.471768977817144e-7
1776.9999999999998 2.4686301623111e-7
1778.0 2.4654957698531647e-7
1779.0 2.4623657728860735e-7
1780.0 2.45924014362228e-7
1781.0 2.456118854034152e-7
1782.0 2.4530018758565594e-7
1783.0 2.449889180579411e-7
1784.0 2.4467807394530273e-7
1785.0000000000002 2.443676523479853e-7
1786.0 2.440576503412683e-7
1787.0 2.4374806497594444e-7
1787.9999999999998 2.434388932773091e-7
1789.0 2.431301322458611e-7
1790.0 2.4282177885636084e-7
1791.0 2.4251383005870456e-7
1792.0 2.422062827771802e-7
1793.0 2.4189913391049657e-7
1794.0 2.4159238033245946e-7
1795.0 2.4128601889106645e-7
1796.0000000000002 2.4098004640951744e-7
1797.0 2.406744596854501e-7
1798.0 2.403692554919984e-7
1798.9999999999998 2.4006443057736907e-7
1800.0 2.3975998166513173e-7
1801.0 2.3945590545500124e-7
1802.0 2.391521986225615e-7
1803.0 2.3884885782019416e-7
1804.0 2.3854587967700306e-7
1805.0 2.3824326079976294e-7
1806.0 2.3794099777328543e-7
1807.0000000000002 2.3763908716106927e-7
1808.0 2.3733752550617945e-7
1809.0 2.3703630933145817e-7
1809.9999999999998 2.367354351411376e-7
1811.0 2.364348994209794e-7
1812.0 2.361346986397628e-7
1813.0 2.3583482925022956e-7
1814.0 2.355352876902485e-7
1815.0 2.3523607038391087e-7
1816.0 2.3493717374290878e-7
1817.0 2.3463859416819295e-7
1818.0000000000002 2.3434032805131502e-7
1819.0 2.340423717758793e-7
1820.0 2.3374472171959253e-7
1820.9999999999998 2.3344737425612597e-7
1822.0 2.3315032575669496e-7
1823.0 2.3285357259251562e-7
1824.0 2.3255711113693568e-7
1825.0 2.3226093776778928e-7
1826.0 2.3196504886965226e-7
1827.0 2.316694408367179e-7
1828.0 2.3137411007554093e-7
1829.0000000000002 2.310790530076043e-7
1830.0 2.3078426607276404e-7
1831.0 2.3048974573231546e-7
1831.9999999999998 2.3019548847211158e-7
1833.0 2.2990149080658188e-7
1834.0 2.2960774928197744e-7
1835.0 2.2931426048020977e-7
1836.0 2.2902102102332167e-7
1837.0 2.287280275772612e-7
1838.0 2.284352768564965e-7
1839.0 2.2814276562844032e-7
1840.0000000000002 2.278504907183314e-7
1841.0 2.2755844901412114e-7
1842.0 2.27266637471724e-7
1842.9999999999998 2.2697505312015982e-7
1844.0 2.2668369306730613e-7
1845.0 2.2639255450546813e-7
1846.0 2.2610163471753738e-7
1847.0 2.2581093108285006e-7
1848.0 2.2552044108376077e-7
1849.0 2.252301623122044e-7
1850.0 2.24940092476273e-7
1851.0000000000002 2.2465022940723793e-7
1852.0 2.243605710670454e-7
1853.0 2.240711155549982e-7
1853.9999999999998 2.2378186111621388e-7
1855.0 2.234928061483916e-7
1856.0 2.2320394921069706e-7
1857.0 2.2291528903119622e-7
1858.0 2.2262682451576047e-7
1859.0 2.2233855475592316e-7
1860.0 2.2205047903820883e-7
1861.0 2.21762596852401e-7
1862.0000000000002 2.2147490790086604e-7
1863.0 2.211874121076598e-7
1864.0 2.2090010962755504e-7
1864.9999999999998 2.2061300085555923e-7
1866.0 2.2032608643649578e-7
1867.0 2.2003936727428233e-7
1868.0 2.1975284454198426e-7
1869.0 2.1946651969118676e-7
1870.0 2.19180394461671e-7
1871.0 2.1889447089163406e-7
1872.0 2.1860875132709918e-7
1873.0000000000002 2.1832323843150403e-7
1874.0 2.1803793519599126e-7
1875.0 2.1775284494851543e-7
1875.9999999999998 2.1746797136351007e-7
1877.0 2.1718331847154264e-7
1878.0 2.168988906681903e-7
1878.9999999999998 2.1661469272342702e-7
1880.0 2.1633072979041653e-7
1881.0 2.160470074138627e-7
1882.0 2.1576353153894752e-7
1883.0 2.154803085185061e-7
1884.0000000000002 2.1519734512150193e-7
1885.0 2.1491464853971246e-7
1886.0 2.1463222639470752e-7
1886.9999999999998 2.143500867443248e-7
1888.0 2.1406823808836147e-7
1889.0 2.1378668937366998e-7
1889.9999999999998 2.1350544999911636e-7
1891.0 2.1322452981911216e-7
1892.0 2.1294393914739654e-7
1893.0 2.1266368875914236e-7
1894.0 2.1238378989284526e-7
1895.0000000000002 2.121042542510933e-7
1896.0 2.118250940006193e-7
1897.0 2.115463217712636e-7
1897.9999999999998 2.1126795065409453e-7
1899.0 2.1098999419815244e-7
1900.0 2.1071246640662104e-7
1900.9999999999998 2.1043538173149344e-7
1902.0 2.1015875506687728e-7
1903.0 2.0988260174190987e-7
1904.0 2.0960693751137355e-7
1905.0 2.0933177854550616e-7
1906.0000000000002 2.0905714141869506e-7
1907.0 2.087830430962867e-7
1908.0 2.0850950092049873e-7
1908.9999999999998 2.082365325944089e-7
1910.0 2.0796415616471906e-7
1911.0 2.0769239000324362e-7
1911.9999999999998 2.074212527863309e-7
1913.0 2.0715076347355533e-7
1914.0 2.0688094128426008e-7
1915.0 2.066118056728138e-7
1916.0 2.06343376302332e-7
1917.0000000000002 2.0607567301713342e-7
1918.0 2.058087158134453e-7
1919.0 2.0554252480876969e-7
1919.9999999999998 2.0527712020987314e-7
1921.0 2.0501252227935972e-7
1922.0 2.0474875130123446e-7
1922.9999999999998 2.0448582754457787e-7
1924.0 2.0422377122678794e-7
1925.0 2.0396260247521423e-7
1926.0 2.0370234128817244e-7
1927.0 2.0344300749448532e-7
1928.0000000000002 2.0318462071277486e-7
1929.0 2.0292720030991716e-7
1930.0 2.026707653585595e-7
1931.0000000000002 2.0241533459491118e-7
1932.0 2.0216092637513255e-7
1933.0 2.01907558632814e-7
1933.9999999999998 2.016552488354556e-7
1935.0 2.0140401394158744e-7
1936.0 2.011538703579794e-7
1937.0 2.0090483389721935e-7
1938.0 2.0065691973646764e-7
1939.0000000000002 2.0041014237625496e-7
1940.0 2.0016451560059642e-7
1941.0 1.9992005243853033e-7
1942.0000000000002 1.9967676512649867e-7
1943.0 1.994346650726186e-7
1944.0 1.991937628224023e-7
1944.9999999999998 1.9895406802618783e-7
1946.0 1.9871558940906216e-7
1947.0 1.9847833474232377e-7
1948.0 1.98242310817685e-7
1949.0 1.9800752342387114e-7
1950.0000000000002 1.977739773254853e-7
1951.0 1.9754167624501487e-7
1952.0 1.9731062284714414e-7
1953.0000000000002 1.970808187264691e-7
1954.0 1.9685226439762223e-7
1955.0 1.96624959289283e-7
1955.9999999999998 1.9639890174023948e-7
1957.0 1.96174088999277e-7
1958.0 1.9595051722831008e-7
1959.0 1.9572818150807785e-7
1960.0 1.9550707584757744e-7
1961.0000000000002 1.952871931961447e-7
1962.0 1.9506852545920876e-7
1963.0 1.948510635164694e-7
1964.0000000000002 1.9463479724309607e-7
1965.0 1.9441971553446767e-7
1966.0 1.9420580633267907e-7
1966.9999999999998 1.939930566563995e-7
1968.0 1.93781452632829e-7
1969.0 1.9357097953236268e-7
1970.0 1.933616218050847e-7
1971.0 1.9315336311970225e-7
1972.0 1.9294618640405039e-7
1973.0 1.9274007388728773e-7
1974.0 1.9253500714395886e-7
1975.0000000000002 1.9233096713890296e-7
1976.0 1.9212793427363075e-7
1977.0 1.9192588843364126e-7
1977.9999999999998 1.917248090362594e-7
1979.0 1.9152467507903688e-7
1980.0 1.913254651890557e-7
1981.0 1.9112715767132428e-7
1982.0 1.9092973055844578e-7
1983.0 1.9073316165904594e-7
1984.0 1.9053742860633157e-7
1985.0 1.903425089061663e-7
1986.0000000000002 1.9014837998414486e-7
1987.0 1.8995501923202022e-7
1988.0 1.8976240405325678e-7
1988.9999999999998 1.8957051190720196e-7
1990.0 1.8937932035213774e-7
1991.0 1.891888070871359e-7
1992.0 1.8899894999227333e-7
1993.0 1.88809727167219e-7
1994.0 1.8862111696860468e-7
1995.0 1.884330980452818e-7
1996.0 1.882456493721933e-7
1997.0000000000002 1.880587502819843e-7
1998.0 1.8787238049538955e-7
1999.0 1.876865201493167e-7
1999.9999999999998 1.8750114982310624e-7
