0.0 6.5334884320028e-6
1.0 6.53353453451359e-6
2.0 6.533672846139771e-6
3.0 6.533903379195215e-6
4.0 6.534226154126779e-6
5.0 6.5346411996224e-6
6.0 6.535148552589701e-6
7.0 6.535748258121658e-6
8.0 6.536440369531481e-6
9.0 6.537224948392242e-6
10.0 6.5381020645266165e-6
10.999999999999998 6.53907179597882e-6
12.0 6.540134229116983e-6
13.000000000000002 6.541289458621391e-6
14.0 6.542537587451721e-6
14.999999999999998 6.543878726943713e-6
16.0 6.5453129967829235e-6
17.0 6.546840525088968e-6
18.0 6.548461448361328e-6
19.0 6.550175911567543e-6
20.0 6.551984068196283e-6
21.0 6.5538860802191795e-6
21.999999999999996 6.555882118189189e-6
23.0 6.557972361246616e-6
24.0 6.560156997169715e-6
25.0 6.562436222435881e-6
26.000000000000004 6.56481024222696e-6
27.0 6.567279270489796e-6
28.0 6.5698435300092e-6
29.0 6.572503252425879e-6
29.999999999999996 6.575258678304795e-6
31.0 6.578110057189084e-6
32.0 6.581057647677747e-6
33.0 6.584101717416412e-6
34.0 6.587242543245399e-6
35.0 6.590480411233601e-6
36.0 6.5938156166296675e-6
37.0 6.597248464191444e-6
38.0 6.6007792679701185e-6
39.0 6.604408351572136e-6
40.0 6.608136048159663e-6
41.0 6.611962700514311e-6
42.0 6.615888661214636e-6
43.0 6.619914292559756e-6
43.99999999999999 6.624039966808644e-6
45.0 6.628266066149439e-6
46.0 6.632592982885749e-6
47.0 6.63702111946309e-6
48.0 6.641550888564109e-6
49.0 6.646182713264336e-6
50.0 6.6509170270828205e-6
51.0 6.655754274064156e-6
52.00000000000001 6.660694908999125e-6
53.0 6.665739397364185e-6
54.0 6.6708882155574596e-6
55.0 6.676141851015507e-6
56.0 6.681500802227337e-6
57.0 6.686965578987088e-6
58.0 6.6925367023931845e-6
59.0 6.6982147050953615e-6
59.99999999999999 6.704000131343123e-6
61.0 6.709893537137759e-6
62.0 6.715895490366352e-6
63.0 6.722006570973643e-6
64.0 6.728227371102978e-6
65.0 6.734558495178131e-6
66.0 6.741000560130408e-6
67.0 6.747554195534345e-6
68.0 6.754220043762275e-6
69.0 6.7609987600974155e-6
70.0 6.7678910130310306e-6
71.0 6.774897484292963e-6
72.0 6.782018869096486e-6
73.0 6.789255876346289e-6
74.0 6.7966092287065986e-6
75.0 6.804079662913961e-6
76.0 6.811667929959897e-6
77.0 6.819374795178544e-6
78.0 6.827201038543696e-6
79.0 6.83514745490258e-6
80.0 6.8432148540760795e-6
81.0 6.851404061159176e-6
82.0 6.859715916732632e-6
83.00000000000001 6.8681512770596395e-6
84.0 6.876711014367729e-6
85.0 6.885396017025241e-6
86.0 6.894207189819044e-6
87.0 6.903145454256888e-6
87.99999999999999 6.912211748689627e-6
89.0 6.921407028677061e-6
90.0 6.930732267289066e-6
91.0 6.940188455201039e-6
92.0 6.949776601197867e-6
92.99999999999999 6.959497732326562e-6
94.0 6.9693528941836615e-6
95.0 6.979343151304123e-6
96.0 6.989469587387769e-6
97.0 6.999733305606577e-6
98.0 7.010135429027158e-6
99.00000000000001 7.020677100861527e-6
100.0 7.03135948477924e-6
101.0 7.042183765367706e-6
102.0 7.053151148317858e-6
103.0 7.064262860940856e-6
104.00000000000001 7.07552015250027e-6
105.0 7.086924294511624e-6
106.0 7.098476581215148e-6
107.0 7.110178330003639e-6
108.0 7.122030881707067e-6
108.99999999999999 7.134035601090817e-6
110.0 7.146193877324634e-6
111.0 7.158507124309481e-6
112.0 7.170976781226311e-6
113.0 7.183604312966047e-6
114.0 7.196391210530267e-6
115.00000000000001 7.209338991670612e-6
116.0 7.222449201221799e-6
117.0 7.235723411695894e-6
118.0 7.249163223768997e-6
119.0 7.262770266825166e-6
119.99999999999999 7.276546199549676e-6
121.0 7.290492710385471e-6
122.0 7.304611518144987e-6
123.0 7.318904372691538e-6
124.0 7.333373055369296e-6
124.99999999999999 7.348019379802526e-6
126.0 7.362845192368346e-6
127.0 7.377852372906741e-6
128.0 7.393042835491263e-6
129.0 7.408418528897703e-6
130.0 7.423981437466809e-6
131.0 7.439733581789127e-6
132.0 7.455677019373845e-6
133.0 7.471813845474999e-6
134.0 7.488146193885647e-6
135.0 7.504676237593025e-6
136.0 7.521406189775415e-6
137.0 7.538338304514206e-6
138.0 7.555474877706094e-6
139.0 7.572818247852429e-6
140.0 7.590370797121642e-6
141.0 7.6081349521702416e-6
142.0 7.626113185079263e-6
143.0 7.644308014417398e-6
144.0 7.662722006104775e-6
145.0 7.6813577746584e-6
146.0 7.700217984023157e-6
147.0 7.719305348827623e-6
148.0 7.738622635379996e-6
149.0 7.75817266292047e-6
150.0 7.777958304701049e-6
151.0 7.79798248928809e-6
152.0 7.818248201726214e-6
153.0 7.838758484911194e-6
154.0 7.859516440800246e-6
155.0 7.880525231866574e-6
156.0 7.901788082388704e-6
157.0 7.923308279931703e-6
158.0 7.945089176847538e-6
159.0 7.967134191740585e-6
160.0 7.989446811060015e-6
161.0 8.012030590657432e-6
162.0 8.034889157390089e-6
163.0 8.058026211046474e-6
164.0 8.081445525748851e-6
164.99999999999997 8.105150952036906e-6
166.00000000000003 8.129146418517606e-6
167.0 8.153435933941155e-6
168.0 8.178023588968368e-6
169.0 8.202913558342853e-6
170.0 8.228110102937548e-6
171.0 8.253617571806889e-6
172.0 8.279440404508089e-6
173.0 8.30558313325751e-6
174.0 8.33205038543299e-6
174.99999999999997 8.358846885776835e-6
175.99999999999997 8.38597745901999e-6
177.00000000000003 8.413447032516184e-6
178.0 8.441260638631252e-6
179.0 8.4694234177524e-6
180.0 8.497940620864766e-6
181.0 8.526817612713321e-6
182.0 8.556059874457084e-6
183.0 8.585673007056507e-6
184.0 8.615662734371452e-6
185.0 8.646034906328856e-6
185.99999999999997 8.676795502489812e-6
187.00000000000003 8.707950635422457e-6
188.0 8.73950655449601e-6
189.0 8.771469649388406e-6
190.0 8.80384645409373e-6
191.0 8.836643650988498e-6
192.0 8.86986807473828e-6
193.0 8.903526716755151e-6
194.0 8.937626729479245e-6
195.0 8.972175431114239e-6
196.0 9.007180310019659e-6
196.99999999999997 9.042649029967707e-6
198.00000000000003 9.078589434917306e-6
199.0 9.115009554312416e-6
200.0 9.151917608509636e-6
201.0 9.189322014296246e-6
202.0 9.227231390777292e-6
203.0 9.265654565331276e-6
204.0 9.304600579669499e-6
205.0 9.344078696508822e-6
206.0 9.384098405971807e-6
206.99999999999997 9.4246694327476e-6
208.00000000000003 9.465801742993401e-6
209.00000000000003 9.507505551983473e-6
210.0 9.549791331539643e-6
211.0 9.592669818231226e-6
212.0 9.63615202148871e-6
213.0 9.68024923222592e-6
214.0 9.7249730318082e-6
215.0 9.770335301130644e-6
216.0 9.816348230346096e-6
217.0 9.863024328859023e-6
217.99999999999997 9.910376435478991e-6
219.00000000000003 9.958417729245829e-6
220.0 1.0007161740793059e-5
221.0 1.005662236366742e-5
222.0 1.0106813866492213e-5
223.0 1.0157750905502648e-5
224.0 1.0209448537738076e-5
225.0 1.026192223432751e-5
226.0 1.0315187894837508e-5
227.0 1.0369261861930785e-5
228.0 1.042416093657092e-5
228.99999999999997 1.0479902394017033e-5
230.00000000000003 1.0536504000505554e-5
231.0 1.0593984030282983e-5
232.0 1.065236128389566e-5
233.0 1.071165510694394e-5
234.0 1.077188540938664e-5
235.0 1.0833072686315494e-5
236.0 1.0895238039006034e-5
237.0 1.0958403197298929e-5
238.0 1.1022590542771575e-5
238.99999999999997 1.1087823132898059e-5
239.99999999999997 1.1154124726364496e-5
241.00000000000003 1.1221519809636446e-5
242.0 1.1290033624414834e-5
243.0 1.1359692196596734e-5
244.0 1.1430522366287464e-5
245.0 1.1502551819770111e-5
246.0 1.1575809122062814e-5
247.0 1.1650323751741428e-5
248.0 1.1726126137239806e-5
249.0 1.1803247694329921e-5
249.99999999999997 1.1881720866213876e-5
251.00000000000003 1.1961579164991952e-5
252.0 1.2042857214892701e-5
253.0 1.2125590798786913e-5
254.0 1.2209816905199638e-5
255.0 1.2295573779035372e-5
256.0 1.238290097447133e-5
257.0 1.2471839410154639e-5
258.0 1.2562431427382822e-5
259.0 1.2654720851301948e-5
260.0 1.2748753055040925e-5
261.0 1.2844575027260834e-5
262.0 1.294223544337417e-5
263.0 1.3041784739924644e-5
264.0 1.3143275193325416e-5
265.0 1.3246761002825006e-5
266.0 1.3352298377177104e-5
267.0 1.3459945626853544e-5
268.0 1.3569763260875206e-5
269.0 1.3681814088293976e-5
270.0 1.3796163326287343e-5
271.0 1.3912878713576029e-5
272.0 1.4032030629723754e-5
273.0 1.4153692222213803e-5
274.0 1.4277939539645261e-5
275.0 1.4404851672918028e-5
276.0 1.453451090431576e-5
277.0 1.466700286537382e-5
278.0 1.4802416703325205e-5
279.0 1.4940845258050116e-5
280.0 1.508238524803196e-5
281.0 1.5227137469002617e-5
282.0 1.537520700290169e-5
283.0 1.5526703440009438e-5
284.0 1.5681741113536183e-5
285.0 1.5840439350129873e-5
286.0 1.600292273319611e-5
287.0 1.6169321384275814e-5
288.0 1.6339771260361797e-5
289.0 1.6514414469864416e-5
290.0 1.669339960880996e-5
291.0 1.6876882116506802e-5
292.0 1.7065024654443817e-5
293.0 1.725799750850896e-5
294.0 1.7455979016522366e-5
295.0 1.7659156021978555e-5
296.0 1.7867724357398553e-5
297.0 1.8081889357444587e-5
298.0 1.8301866404183335e-5
299.0 1.8527881507203902e-5
300.0 1.876017191919433e-5
301.0 1.8998986792088777e-5
302.0 1.9244587870901627e-5
303.0 1.949725023418276e-5
304.0 1.9757263076420224e-5
305.0 2.002493054078743e-5
306.0 2.0300572600732243e-5
307.0 2.0584525992817574e-5
308.0 2.087714520507626e-5
309.0 2.117880352035077e-5
310.0 2.148989411610047e-5
311.0 2.181083122364392e-5
312.0 2.2142051343617948e-5
313.0 2.2484014519697616e-5
314.0 2.283720566828616e-5
315.0 2.3202135958278262e-5
316.0 2.357934423953917e-5
317.0 2.396939850782607e-5
318.0 2.4372897399670098e-5
319.0 2.4790471698303936e-5
320.0 2.5222785833731647e-5
321.0 2.567053935025628e-5
322.0 2.6134468306602675e-5
323.0 2.6615346568599094e-5
324.0 2.7113986937045045e-5
325.0 2.7631242043783596e-5
326.0 2.8168004928607448e-5
327.0 2.8725209187386597e-5
328.0 2.93038285606284e-5
329.0 2.9904875785093894e-5
329.99999999999994 3.052940051589337e-5
331.0 3.117848604924213e-5
332.00000000000006 3.185324454053721e-5
333.0 3.2554810334111505e-5
334.0 3.328433093714135e-5
335.0 3.404295507864337e-5
336.0 3.48318171740776e-5
337.0 3.5652017392673466e-5
338.0 3.6504596372871295e-5
339.0 3.7390503470439784e-5
340.0 3.831055726510314e-5
340.99999999999994 3.926539686539676e-5
342.0 4.025542241681091e-5
343.00000000000006 4.1280723108505024e-5
344.0 4.234099094880162e-5
345.0 4.343541870550987e-5
346.0 4.4562580726220067e-5
347.0 4.572029603110947e-5
348.0 4.690547414353533e-5
349.0 4.811394581742552e-5
349.99999999999994 4.934028325635137e-5
351.0 5.0577617684952286e-5
351.99999999999994 5.181746634293474e-5
353.0 5.304958594033061e-5
354.00000000000006 5.4261875043034716e-5
355.0 5.544035290793993e-5
356.0 5.656924585216586e-5
357.0 5.76312126192044e-5
358.0 5.8607735444141625e-5
359.0 5.947969195390234e-5
360.0 6.022810369227344e-5
360.99999999999994 6.083503088189053e-5
362.0 6.128455324013828e-5
363.00000000000006 6.156374913392825e-5
364.0 6.166356744048296e-5
365.0 6.157948502361064e-5
366.0 6.131186151654287e-5
367.0 6.086594055992311e-5
368.0 6.025149565477047e-5
369.0 5.9482168422901084e-5
370.0 5.857458617355356e-5
371.0 5.754736645374295e-5
371.99999999999994 5.64201165056157e-5
373.0 5.521251849021733e-5
374.00000000000006 5.394356372682563e-5
375.0 5.2630968624532914e-5
376.0 5.1290777646492006e-5
377.0 4.993713820106288e-5
378.0 4.858221989405e-5
379.0 4.723624536527824e-5
380.0 4.5907600146725155e-5
381.0 4.460299262360006e-5
382.0 4.332764052156145e-5
382.99999999999994 4.208546604674744e-5
384.0 4.08792870897825e-5
385.00000000000006 3.9710996349225927e-5
386.0 3.8581723707059086e-5
387.0 3.74919797569397e-5
388.0 3.644178012667988e-5
389.0 3.54307514165713e-5
390.0 3.4458220206221416e-5
391.0 3.352328693717072e-5
392.0 3.262488657032663e-5
393.0 3.176183787920001e-5
393.99999999999994 3.093288311002837e-5
395.0 3.0136719571445436e-5
396.00000000000006 2.9372024522304064e-5
397.0 2.8637474546250372e-5
398.0 2.7931760419062534e-5
399.0 2.725359832002451e-5
400.0 2.6601738094495243e-5
401.0 2.597496915695456e-5
402.0 2.5372124514342454e-5
403.0 2.4792083307642844e-5
404.0 2.4233772190833638e-5
404.99999999999994 2.3696165812042243e-5
406.0 2.317828659940119e-5
407.00000000000006 2.267920403043696e-5
408.0 2.2198033511049363e-5
409.0 2.1733934979433635e-5
410.0 2.128611131305237e-5
411.0 2.0853806610182386e-5
412.0 2.043630439928686e-5
413.0 2.0032925810446048e-5
413.99999999999994 1.9643027749305954e-5
415.0 1.926600108756139e-5
416.00000000000006 1.8901268895847497e-5
417.0 1.8548284725941283e-5
418.00000000000006 1.820653095451251e-5
419.0 1.7875517192178496e-5
420.0 1.7554778763668215e-5
421.0 1.7243875259976147e-5
422.0 1.69423891621453e-5
423.0 1.664992453714508e-5
424.0 1.636610580478167e-5
424.99999999999994 1.6090576572500122e-5
426.0 1.582299853588373e-5
427.00000000000006 1.5563050444118056e-5
428.0 1.5310427124355454e-5
429.0 1.5064838564970736e-5
430.0 1.482600905340151e-5
431.0 1.4593676364958767e-5
432.0 1.4367591002490234e-5
433.0 1.4147515479922379e-5
434.0 1.3933223651751263e-5
435.0 1.3724500080725686e-5
435.99999999999994 1.3521139446524675e-5
437.0 1.3322945988737326e-5
438.00000000000006 1.3129732984230694e-5
439.0 1.2941322256277836e-5
440.0 1.2757543713180922e-5
441.0 1.2578234914873799e-5
442.0 1.2403240665422515e-5
443.0 1.2232412629659662e-5
444.0 1.206560897359262e-5
445.0 1.1902694024836101e-5
446.0 1.1743537953828232e-5
446.99999999999994 1.1588016474086104e-5
448.0 1.1436010558948603e-5
449.00000000000006 1.1287406175621791e-5
450.0 1.1142094034377845e-5
451.0 1.0999969351857454e-5
452.0 1.0860931628210948e-5
453.0 1.0724884436816127e-5
454.0 1.0591735225608214e-5
455.0 1.0461395129791576e-5
456.0 1.0333778794957432e-5
457.0 1.0208804209775623e-5
457.99999999999994 1.0086392548247371e-5
459.0 9.966468019873815e-6
460.00000000000006 9.848957728992004e-6
461.0 9.733791540458695e-6
462.0 9.620901953836284e-6
463.0 9.510223982787508e-6
464.0 9.401695042264921e-6
465.0 9.295254840562403e-6
466.0 9.190845277548289e-6
467.0 9.088410347954236e-6
468.0 8.987896049604963e-6
468.99999999999994 8.889250296340246e-6
470.0 8.792422835582083e-6
471.00000000000006 8.697365169537026e-6
472.0 8.604030480892828e-6
473.0 8.512373561794637e-6
474.0 8.422350746591105e-6
475.0 8.333919847582494e-6
476.0 8.247040094134134e-6
477.0 8.161672074763533e-6
477.99999999999994 8.077777681590765e-6
479.0 7.995320058040913e-6
479.99999999999994 7.914263548534364e-6
481.0 7.83457365062776e-6
482.00000000000006 7.75621696968033e-6
483.0 7.679161175279719e-6
484.0 7.603374959699072e-6
485.0 7.5288279985998534e-6
486.0 7.455490913018598e-6
487.0 7.3833352335225045e-6
488.0 7.312333365541031e-6
488.99999999999994 7.242458556756991e-6
490.0 7.173684865344917e-6
491.00000000000006 7.1059871301620585e-6
492.0 7.039340941796858e-6
493.0 6.9737226151320205e-6
494.0 6.909109163084572e-6
495.0 6.845478271326399e-6
496.0 6.782808274163033e-6
497.0 6.721078131429164e-6
498.0 6.660267406391651e-6
499.0 6.600356244493982e-6
499.99999999999994 6.541325353021666e-6
501.0 6.4831559816289875e-6
502.00000000000006 6.4258299036416996e-6
503.0 6.369329398076279e-6
504.0 6.3136372324824864e-6
505.0 6.258736646419647e-6
506.0 6.204611335493678e-6
507.0 6.151245436338459e-6
508.0 6.098623511723715e-6
509.0 6.046730536731963e-6
510.0 5.995551885116041e-6
510.99999999999994 5.945073316321445e-6
512.0 5.895280963084042e-6
513.0 5.8461613193606124e-6
514.0 5.7977012287657095e-6
515.0 5.749887873524648e-6
516.0 5.702708763689182e-6
517.0 5.6561517269565075e-6
518.0 5.610204898697275e-6
519.0 5.5648567123401e-6
520.0 5.520095890356856e-6
521.0 5.475911435241403e-6
522.0 5.432292621058866e-6
523.0 5.389228985179745e-6
524.0 5.346710320418377e-6
525.0 5.3047266672835024e-6
526.0 5.263268306668975e-6
527.0 5.222325752752732e-6
528.0 5.181889746086873e-6
529.0 5.1419512470165315e-6
530.0 5.1025014292342654e-6
531.0 5.0635316736719986e-6
532.0 5.025033562510133e-6
533.0 4.9869988733814625e-6
534.0 4.949419573911599e-6
535.0 4.912287816242981e-6
536.0 4.875595931922602e-6
537.0 4.8393364268125885e-6
538.0 4.803501976342102e-6
539.0 4.768085420710546e-6
540.0 4.73307976041016e-6
541.0 4.698478151869684e-6
542.0 4.6642739031362176e-6
543.0 4.630460469844078e-6
544.0 4.597031451189764e-6
545.0 4.563980586134885e-6
546.0 4.531301749672982e-6
547.0 4.4989889491764235e-6
548.0 4.467036321005145e-6
549.0 4.4354381270502145e-6
550.0 4.404188751504019e-6
551.0 4.373282697649276e-6
552.0 4.342714584886692e-6
553.0 4.312479145600858e-6
554.0 4.282571222432908e-6
555.0 4.252985765406256e-6
556.0 4.2237178292197475e-6
557.0 4.194762570644111e-6
558.0 4.166115245949962e-6
559.0 4.137771208447434e-6
560.0 4.109725906103357e-6
561.0 4.081974879199847e-6
562.0 4.054513758057705e-6
563.0 4.0273382609136655e-6
564.0 4.000444191701405e-6
565.0 3.973827438073396e-6
566.0 3.94748396934958e-6
567.0 3.921409834580976e-6
568.0 3.895601160676907e-6
569.0 3.87005415055655e-6
570.0 3.844765081365385e-6
571.0 3.819730302757488e-6
572.0 3.794946235209421e-6
573.0 3.7704093683796178e-6
574.0 3.7461162595337466e-6
575.0 3.7220635319887465e-6
576.0 3.6982478736201432e-6
577.0 3.6746660353941307e-6
578.0 3.651314829975735e-6
579.0 3.6281911303348813e-6
580.0 3.6052918683840076e-6
581.0 3.582614033723501e-6
582.0 3.5601546723074058e-6
583.0 3.5379108852984872e-6
584.0 3.5158798277800816e-6
585.0 3.494058707645647e-6
586.0 3.472444784429753e-6
587.0 3.451035368252093e-6
588.0 3.42982781864952e-6
589.0 3.4088195436318914e-6
590.0 3.3880079986099243e-6
591.0 3.367390685392383e-6
592.0 3.3469651512391896e-6
593.0 3.3267289879241986e-6
594.0 3.306679830801504e-6
595.0 3.2868153579319062e-6
596.0 3.267133289203877e-6
597.0 3.247631385468353e-6
598.0 3.2283074477443066e-6
599.0 3.209159316395289e-6
600.0 3.1901848703593765e-6
601.0 3.1713820263615637e-6
602.0 3.152748738199632e-6
603.0 3.1342829959774854e-6
604.0 3.1159828254532975e-6
605.0 3.0978462873002716e-6
606.0 3.0798714764608027e-6
607.0 3.0620565214698043e-6
608.0 3.044399583844791e-6
609.0 3.026898857423298e-6
610.0 3.0095525678046495e-6
611.0 2.992358971688178e-6
612.0 2.9753163563739004e-6
613.0 2.9584230391167255e-6
614.0 2.941677366634705e-6
615.0 2.925077714542758e-6
616.0 2.9086224868257373e-6
617.0 2.892310115345812e-6
618.0 2.8761390593103086e-6
619.0 2.8601078048009187e-6
620.0 2.844214864303238e-6
621.0 2.8284587762096276e-6
622.0 2.8128381044005243e-6
623.0 2.797351437757776e-6
624.0 2.781997389765621e-6
625.0 2.7667745980492625e-6
626.0 2.7516817240024204e-6
627.0 2.736717452320323e-6
628.0 2.721880490660302e-6
629.0 2.7071695692063657e-6
630.0 2.6925834403096883e-6
631.0 2.6781208781104725e-6
632.0 2.6637806781649654e-6
633.0 2.649561657099985e-6
634.0 2.6354626522470906e-6
635.0 2.6214825213026917e-6
636.0 2.607620141996488e-6
637.0 2.5938744117489206e-6
638.0 2.5802442473670537e-6
639.0 2.5667285846955698e-6
640.0 2.5533263783258916e-6
641.0 2.540036601287074e-6
642.0 2.5268582447345847e-6
643.0 2.513790317664095e-6
644.0 2.500831846610269e-6
645.0 2.4879818753619e-6
646.0 2.4752394646940487e-6
647.0 2.46260369206508e-6
648.0 2.4500736513686206e-6
649.0 2.4376484526396617e-6
650.0 2.4253272218046346e-6
651.0 2.4131091004179906e-6
652.0 2.4009932454026006e-6
653.0000000000001 2.388978828781958e-6
654.0 2.377065037444026e-6
655.0 2.365251072887857e-6
656.0 2.3535361509635297e-6
657.0 2.341919501648002e-6
658.0 2.330400368791799e-6
659.0 2.3189780098713046e-6
659.9999999999999 2.3076516957655905e-6
661.0 2.2964207105123784e-6
662.0 2.2852843510771283e-6
663.0 2.2742419271227096e-6
664.0000000000001 2.2632927607635985e-6
665.0 2.2524361863589505e-6
666.0 2.2416715502552843e-6
667.0 2.2309982105886887e-6
668.0 2.220415537036419e-6
669.0 2.2099229105993204e-6
670.0 2.1995197233714883e-6
670.9999999999999 2.1892053783214384e-6
672.0 2.178979289059059e-6
673.0 2.1688408796223533e-6
674.0 2.158789584239683e-6
675.0000000000001 2.148824847115049e-6
676.0 2.1389461222039327e-6
677.0 2.1291528729810548e-6
678.0 2.1194445722255508e-6
679.0 2.109820701790587e-6
680.0 2.1002807523802993e-6
681.0 2.0908242233253854e-6
681.9999999999999 2.0814506223557514e-6
683.0 2.072159465376077e-6
684.0 2.0629502762363815e-6
685.0 2.0538225865211448e-6
686.0000000000001 2.044775935289966e-6
687.0 2.0358098688873948e-6
688.0 2.0269239406896826e-6
688.9999999999999 2.0181177108852844e-6
690.0 2.0093907462490843e-6
691.0 2.0007426199095523e-6
692.0 1.9921729111212293e-6
692.9999999999999 1.983681205036617e-6
694.0 1.9752670924763413e-6
695.0 1.9669301696989583e-6
696.0 1.958670038175859e-6
697.0000000000001 1.9504863043620673e-6
698.0 1.9423785794656984e-6
699.0 1.93434647922149e-6
699.9999999999999 1.926389623664098e-6
701.0 1.918507636901332e-6
702.0 1.9107001468952055e-6
703.0 1.90296678523056e-6
703.9999999999999 1.8953071868907006e-6
705.0 1.8877209900482068e-6
706.0 1.8802078358374705e-6
707.0 1.8727673681378085e-6
708.0000000000001 1.8653992333607416e-6
709.0 1.8581030802400798e-6
710.0 1.850878559618865e-6
710.9999999999999 1.8437253242385823e-6
712.0 1.8366430285476252e-6
713.0 1.8296313284925498e-6
714.0 1.822689881322902e-6
715.0000000000001 1.8158183453979293e-6
716.0 1.809016380006393e-6
717.0 1.8022836451721338e-6
718.0 1.7956198014800114e-6
719.0000000000001 1.7890245099033225e-6
720.0 1.7824974316350888e-6
721.0 1.7760382279214216e-6
721.9999999999999 1.7696465599054219e-6
723.0 1.763322088480721e-6
724.0 1.757064474139105e-6
725.0 1.7508733768315117e-6
726.0000000000001 1.7447484558436024e-6
727.0 1.738689369663235e-6
728.0 1.7326957758629343e-6
729.0 1.7267673309908608e-6
730.0 1.7209036904645192e-6
731.0 1.715104508475835e-6
732.0 1.7093694379016372e-6
732.9999999999999 1.7036981302220006e-6
734.0 1.6980902354482402e-6
735.0 1.6925454020494621e-6
736.0 1.6870632769116475e-6
737.0000000000001 1.6816435052692666e-6
738.0 1.67628573067571e-6
739.0 1.6709895949629726e-6
740.0 1.6657547382177122e-6
741.0 1.6605807987679322e-6
742.0 1.6554674131601916e-6
743.0 1.6504142161698636e-6
743.9999999999999 1.6454208407989343e-6
745.0 1.640486918289996e-6
746.0 1.6356120781454773e-6
747.0 1.630795948153583e-6
748.0000000000001 1.6260381544244462e-6
749.0 1.6213383214260773e-6
750.0 1.616696072036235e-6
751.0 1.6121110275896993e-6
752.0 1.607582807940524e-6
753.0 1.6031110315270074e-6
754.0 1.5986953154380229e-6
754.9999999999999 1.5943352754909626e-6
756.0 1.5900305263101106e-6
757.0 1.5857806814089448e-6
758.0 1.5815853532822536e-6
759.0000000000001 1.5774441534944092e-6
760.0 1.5733566927725242e-6
761.0 1.5693225811120508e-6
762.0 1.5653414278679334e-6
763.0 1.5614128418650755e-6
764.0 1.5575364314973522e-6
765.0 1.5537118048380335e-6
765.9999999999999 1.5499385697451775e-6
767.0 1.5462163339713445e-6
768.0 1.5425447052685909e-6
769.0 1.5389232915032092e-6
770.0000000000001 1.535351700757335e-6
771.0 1.5318295414419943e-6
772.0 1.5283564224008852e-6
773.0 1.5249319530170147e-6
774.0 1.5215557433179512e-6
775.0 1.518227404075557e-6
776.0 1.5149465469054517e-6
776.9999999999999 1.5117127843686074e-6
778.0 1.5085257300616428e-6
779.0 1.5053849987108792e-6
780.0 1.502290206259236e-6
781.0000000000001 1.4992409699523732e-6
782.0 1.4962369084205434e-6
783.0 1.49327764175523e-6
784.0 1.490362791583168e-6
785.0 1.487491981134834e-6
786.0 1.4846648353104663e-6
787.0 1.4818809807416334e-6
787.9999999999999 1.479140045843981e-6
789.0 1.476441660871816e-6
790.0 1.473785457963514e-6
791.0 1.4711710711822605e-6
792.0000000000001 1.4685981365547378e-6
793.0 1.4660662921015249e-6
794.0 1.4635751778640605e-6
795.0 1.461124435928139e-6
796.0 1.4587137104387799e-6
797.0 1.4563426476124204e-6
798.0 1.4540108957458079e-6
798.9999999999999 1.4517181052156876e-6
800.0 1.449463928476099e-6
801.0 1.4472480200518397e-6
802.0 1.4450700365257716e-6
803.0000000000001 1.4429296365198151e-6
804.0 1.4408264806731353e-6
805.0 1.438760231617779e-6
806.0 1.4367305539456669e-6
807.0 1.4347371141720584e-6
808.0 1.432779580698349e-6
809.0 1.4308576237664215e-6
809.9999999999999 1.4289709154102406e-6
811.0 1.427119129404926e-6
812.0 1.425301941210253e-6
813.0 1.4235190279110755e-6
814.0000000000001 1.4217700681544346e-6
815.0 1.4200547420823146e-6
816.0 1.418372731262927e-6
816.9999999999999 1.4167237186166326e-6
818.0 1.4151073883402344e-6
819.0 1.4135234258288104e-6
820.0 1.4119715175927032e-6
820.9999999999999 1.4104513511747782e-6
822.0 1.4089626150631541e-6
823.0 1.4075049986023783e-6
824.0 1.406078191903739e-6
825.0000000000001 1.4046818857504226e-6
826.0 1.4033157715052697e-6
827.0 1.401979541013042e-6
827.9999999999999 1.4006728865035514e-6
829.0 1.3993955004933493e-6
830.0 1.3981470756854021e-6
831.0 1.396927304868464e-6
832.0000000000001 1.3957358808160944e-6
833.0 1.3945724961843708e-6
834.0 1.3934368434100321e-6
835.0 1.392328614607866e-6
836.0000000000001 1.391247501468796e-6
837.0 1.3901931951577682e-6
838.0 1.3891653862125735e-6
838.9999999999999 1.3881637644431257e-6
840.0 1.3871880188307233e-6
841.0 1.3862378374310092e-6
842.0 1.385312907276326e-6
843.0000000000001 1.3844129142791015e-6
844.0 1.3835375431404862e-6
845.0 1.3826864772570178e-6
846.0 1.3818593986333153e-6
847.0000000000001 1.3810559877957151e-6
848.0 1.3802759237091404e-6
849.0 1.3795188836979997e-6
849.9999999999999 1.3787845433709642e-6
851.0 1.3780725765494042e-6
852.0 1.377382655201139e-6
853.0 1.37671444937731e-6
854.0000000000001 1.3760676271579528e-6
855.0 1.3754418546000576e-6
856.0 1.3748367956937252e-6
857.0 1.3742521123249579e-6
858.0 1.3736874642461553e-6
859.0 1.3731425090527756e-6
860.0 1.3726169021704907e-6
860.9999999999999 1.372110296851142e-6
862.0 1.3716223441768675e-6
863.0 1.3711526930766708e-6
864.0 1.370700990352937e-6
865.0000000000001 1.3702668807203854e-6
866.0 1.3698500068573565e-6
867.0 1.369450009471258e-6
868.0 1.369066527378029e-6
869.0 1.3686991975979871e-6
870.0 1.3683476554645297e-6
871.0 1.3680115347572902e-6
871.9999999999999 1.367690467845711e-6
873.0 1.367384085858667e-6
874.0 1.3670920188713744e-6
875.0 1.3668138961152702e-6
876.0000000000001 1.3665493462119493e-6
877.0 1.3662979974322303e-6
878.0 1.3660594779795286e-6
879.0 1.3658334163024854e-6
880.0 1.3656194414384524e-6
881.0 1.3654171833826891e-6
882.0 1.365226273496056e-6
882.9999999999999 1.3650463449432428e-6
884.0 1.3648770331678504e-6
885.0 1.364717976406429e-6
886.0 1.3645688162410332e-6
887.0000000000001 1.364429198193461e-6
888.0 1.364298772363667e-6
889.0 1.36417719411303e-6
890.0 1.3640641247957037e-6
891.0 1.3639592325394646e-6
892.0 1.3638621930772468e-6
893.0 1.3637726906338885e-6
893.9999999999999 1.3636904188660441e-6
895.0 1.3636150818605748e-6
896.0 1.3635463951920783e-6
897.0 1.3634840870400318e-6
898.0000000000001 1.3634278993698028e-6
899.0 1.3633775891763868e-6
900.0 1.363332929791776e-6
901.0 1.3632937122595523e-6
902.0 1.3632597467760533e-6
903.0 1.36323086419429e-6
904.0 1.3632069175989382e-6
904.9999999999999 1.3631877839450118e-6
906.0 1.3631733657585356e-6
907.0 1.363163592904883e-6
908.0 1.3631584244117807e-6
909.0000000000001 1.3631578503528025e-6
910.0 1.3631618937805788e-6
911.0 1.3631706127117267e-6
912.0 1.3631841021464618e-6
913.0 1.3632024961280046e-6
914.0 1.3632259698219385e-6
915.0 1.3632547416131557e-6
915.9999999999999 1.3632890752031778e-6
917.0 1.3633292816967574e-6
918.0 1.363375721664221e-6
919.0 1.3634288071569255e-6
920.0000000000001 1.363489003661822e-6
921.0 1.3635568319691094e-6
922.0 1.3636328699357612e-6
923.0 1.363717754112074e-6
924.0 1.3638121812040634e-6
925.0 1.3639169093473252e-6
926.0 1.364032759153008e-6
926.9999999999999 1.3641606144932439e-6
928.0 1.3643014229896721e-6
929.0 1.3644561961675687e-6
930.0 1.3646260092342642e-6
931.0000000000001 1.3648120004364938e-6
932.0 1.3650153699692012e-6
933.0 1.3652373783727707e-6
934.0 1.365479344398897e-6
935.0 1.3657426422927052e-6
936.0 1.366028698454079e-6
937.0 1.366338987452886e-6
937.9999999999999 1.3666750273598604e-6
939.0 1.3670383743661366e-6
940.0 1.3674306166867725e-6
941.0 1.3678533677238066e-6
942.0000000000001 1.3683082584949622e-6
943.0 1.3687969293327922e-6
944.0 1.3693210208787041e-6
944.9999999999999 1.3698821643966146e-6
946.0 1.3704819714608325e-6
947.0 1.3711220230657372e-6
948.0 1.3718038582385014e-6
948.9999999999999 1.3725289622340797e-6
950.0 1.3732987544180217e-6
951.0 1.3741145759456574e-6
952.0 1.3749776773601883e-6
953.0000000000001 1.375889206250068e-6
954.0 1.3768501951029174e-6
955.0 1.3778615495022547e-6
955.9999999999999 1.3789240368289475e-6
957.0 1.380038275602786e-6
958.0 1.3812047256266577e-6
959.0 1.3824236790727331e-6
959.9999999999999 1.3836952526309624e-6
961.0 1.385019380861341e-6
962.0 1.3863958108345604e-6
963.0 1.3878240981612137e-6
964.0000000000001 1.3893036044635302e-6
965.0 1.3908334963448579e-6
966.0 1.3924127458659537e-6
966.9999999999999 1.3940401325347832e-6
968.0 1.3957142467749691e-6
969.0 1.3974334948278613e-6
970.0 1.3991961050154597e-6
971.0000000000001 1.40100013527565e-6
972.0 1.4028434818581939e-6
973.0 1.4047238890690857e-6
974.0 1.4066389599138535e-6
975.0000000000001 1.4085861675198176e-6
976.0 1.4105628671744102e-6
977.0 1.4125663088413536e-6
977.9999999999999 1.4145936500029693e-6
979.0 1.41664196868747e-6
980.0 1.4187082765492441e-6
981.0 1.4207895318682484e-6
982.0000000000001 1.4228826523502483e-6
983.0 1.4249845276262168e-6
984.0 1.4270920313535336e-6
985.0 1.4292020328392699e-6
986.0 1.4313114081076554e-6
987.0 1.4334170503768536e-6
988.0 1.4355158798692692e-6
988.9999999999999 1.4376048529609991e-6
990.0 1.4396809706173972e-6
991.0 1.441741286125886e-6
992.0 1.4437829121103566e-6
993.0000000000001 1.445803026845344e-6
994.0 1.4477988798718622e-6
995.0 1.4497677969481405e-6
996.0 1.4517071843433463e-6
997.0 1.453614532516976e-6
998.0 1.4554874192067892e-6
999.0 1.4573235119614149e-6
999.9999999999999 1.4591205701507427e-6
1001.0 1.4608764464950573e-6
1002.0 1.4625890881359664e-6
1003.0 1.464256537304678e-6
1004.0000000000001 1.4658769316022994e-6
1005.0 1.4674485039374628e-6
1006.0 1.4689695821523844e-6
1007.0 1.4704385883661678e-6
1008.0 1.4718540380653153e-6
1009.0 1.4732145389722557e-6
1010.0 1.4745187897133e-6
1010.9999999999999 1.475765578313182e-6
1012.0 1.476953780541324e-6
1013.0 1.4780823581217178e-6
1014.0 1.479150356836675e-6
1015.0000000000001 1.480156904534923e-6
1016.0 1.481101209061349e-6
1017.0 1.4819825561239268e-6
1018.0 1.4828003071101117e-6
1019.0 1.4835538968632554e-6
1020.0 1.4842428314382605e-6
1021.0 1.4848666858270016e-6
1021.9999999999999 1.4854251016876668e-6
1023.0 1.48591778506036e-6
1024.0 1.4863445040954542e-6
1025.0 1.48670508679195e-6
1026.0 1.486999418744792e-6
1027.0 1.4872274409237675e-6
1028.0 1.4873891474685099e-6
1029.0 1.4874845835191918e-6
1030.0 1.4875138430702255e-6
1031.0 1.487477066867088e-6
1032.0 1.4873744403341096e-6
1033.0 1.48720619154339e-6
1034.0 1.486972589222613e-6
1035.0 1.4866739408063468e-6
1036.0 1.4863105905265705e-6
1037.0 1.4858829175541457e-6
1038.0 1.485391334176923e-6
1039.0 1.4848362840264925e-6
1040.0 1.4842182403551713e-6
1041.0 1.483537704349795e-6
1042.0 1.482795203500445e-6
1043.0 1.4819912900094083e-6
1044.0 1.4811265392533682e-6
1045.0 1.4802015482835597e-6
1046.0 1.4792169343768585e-6
1047.0 1.4781733336355077e-6
1048.0 1.4770713996260945e-6
1049.0 1.4759118020685707e-6
1050.0 1.4746952255668615e-6
1051.0 1.4734223683894598e-6
1052.0 1.47209394128642e-6
1053.0 1.4707106663550825e-6
1054.0 1.4692732759479798e-6
1055.0 1.4677825116210347e-6
1056.0 1.4662391231254769e-6
1057.0 1.464643867439089e-6
1058.0 1.4629975078398297e-6
1059.0 1.4613008130156802e-6
1060.0 1.4595545562179406e-6
1061.0 1.457759514448049e-6
1062.0 1.4559164676852905e-6
1063.0 1.4540261981484577e-6
1064.0 1.452089489595789e-6
1065.0 1.4501071266578476e-6
1066.0 1.4480798942059913e-6
1067.0 1.4460085767527357e-6
1068.0 1.4438939578856897e-6
1069.0 1.4417368197344764e-6
1070.0 1.4395379424649107e-6
1071.0 1.4372981038073035e-6
1072.0 1.4350180786111321e-6
1073.0 1.4326986384286135e-6
1074.0 1.4303405511279178e-6
1075.0 1.4279445805280033e-6
1076.0 1.425511486066138e-6
1077.0 1.4230420224843611e-6
1078.0 1.4205369395434115e-6
1079.0 1.4179969817593508e-6
1080.0 1.4154228881613607e-6
1081.0 1.4128153920728897e-6
1082.0 1.4101752209133456e-6
1083.0 1.4075030960189431e-6
1084.0 1.4047997324823537e-6
1085.0 1.4020658390142483e-6
1086.0 1.3993021178177606e-6
1087.0 1.3965092644840948e-6
1088.0 1.3936879679004976e-6
1089.0 1.3908389101769733e-6
1090.0 1.3879627665855167e-6
1091.0 1.385060205514255e-6
1092.0 1.382131888434532e-6
1093.0 1.3791784698808721e-6
1094.0 1.3762005974424896e-6
1095.0 1.3731989117654732e-6
1096.0 1.3701740465659448e-6
1097.0 1.3671266286548984e-6
1098.0 1.3640572779674799e-6
1099.0 1.3609666076067958e-6
1100.0 1.3578552238906914e-6
1101.0 1.3547237264092984e-6
1102.0 1.3515727080880398e-6
1103.0 1.3484027552552674e-6
1104.0 1.3452144477187022e-6
1105.0 1.3420083588459209e-6
1106.0 1.3387850556460967e-6
1107.0 1.3355450988623427e-6
1108.0 1.3322890430612916e-6
1109.0 1.3290174367283645e-6
1110.0 1.3257308223674241e-6
1111.0 1.3224297365977182e-6
1112.0 1.3191147102579076e-6
1113.0 1.3157862685060996e-6
1114.0 1.3124449309263513e-6
1115.0 1.3090912116280636e-6
1116.0 1.3057256193532334e-6
1117.0 1.3023486575784439e-6
1118.0 1.298960824615181e-6
1119.0 1.2955626137118428e-6
1120.0 1.2921545131544157e-6
1121.0 1.2887370063608551e-6
1122.0 1.2853105719779863e-6
1123.0 1.2818756839740402e-6
1124.0 1.278432811726273e-6
1125.0 1.2749824201078026e-6
1126.0 1.2715249695712088e-6
1127.0 1.2680609162272474e-6
1128.0 1.2645907119168532e-6
1129.0 1.2611148042850617e-6
1130.0 1.2576336368467535e-6
1131.0 1.2541476490439796e-6
1132.0 1.2506572763072027e-6
1133.0 1.247162950103239e-6
1134.0 1.243665097982503e-6
1135.0 1.240164143619082e-6
1136.0 1.2366605068457233e-6
1137.0 1.2331546036814504e-6
1138.0 1.2296468463576854e-6
1139.0 1.2261376433335525e-6
1140.0 1.2226273993062421e-6
1141.0 1.2191165152197676e-6
1142.0 1.2156053882609597e-6
1143.0 1.2120944118539015e-6
1144.0 1.2085839756468974e-6
1145.0 1.2050744654921352e-6
1146.0 1.2015662634221902e-6
1147.0 1.1980597476166101e-6
1148.0 1.1945552923674204e-6
1149.0 1.191053268033022e-6
1150.0 1.1875540409903185e-6
1151.0 1.1840579735803916e-6
1152.0 1.1805654240487774e-6
1153.0 1.1770767464784066e-6
1154.0 1.1735922907208783e-6
1155.0 1.1701124023185658e-6
1156.0 1.1666374224261332e-6
1157.0 1.1631676877246955e-6
1158.0 1.1597035303344221e-6
1159.0 1.1562452777176705e-6
1160.0 1.1527932525860067e-6
1161.0 1.1493477727988423e-6
1162.0 1.1459091512602036e-6
1163.0 1.1424776958120187e-6
1164.0 1.1390537091275673e-6
1165.0 1.1356374886007518e-6
1166.0 1.1322293262341885e-6
1167.0 1.1288295085270614e-6
1168.0 1.1254383163611087e-6
1169.0 1.1220560248865167e-6
1170.0 1.1186829034097847e-6
1171.0 1.115319215278584e-6
1172.0 1.111965217770348e-6
1173.0 1.1086211619821026e-6
1174.0 1.1052872927210422e-6
1175.0 1.1019638483982966e-6
1176.0 1.0986510609240262e-6
1177.0 1.09534915560913e-6
1178.0 1.0920583510675508e-6
1179.0 1.0887788591215934e-6
1180.0 1.0855108847168456e-6
1181.0 1.0822546258377938e-6
1182.0 1.0790102734287997e-6
1183.0 1.0757780113241492e-6
1184.0 1.0725580161799353e-6
1185.0 1.069350457416288e-6
1186.0 1.066155497163306e-6
1187.0 1.0629732902175641e-6
1188.0 1.059803984001602e-6
1189.0 1.0566477185349388e-6
1190.0 1.0535046264117618e-6
1191.0 1.0503748327854182e-6
1192.0 1.0472584553637387e-6
1193.0 1.0441556044114496e-6
1194.0 1.0410663827602325e-6
1195.0 1.0379908858302457e-6
1196.0 1.0349292016582242e-6
1197.0 1.0318814109336604e-6
1198.0 1.0288475870492066e-6
1199.0 1.0258277961499448e-6
1200.0 1.0228220972043295e-6
1201.0 1.0198305420712054e-6
1202.0 1.016853175584057e-6
1203.0 1.0138900356402046e-6
1204.0 1.0109411532987685e-6
1205.0 1.0080065528860447e-6
1206.0 1.0050862521097933e-6
1207.0 1.0021802621800621e-6
1208.0 9.99288587938838e-7
1209.0 9.96411227994715e-7
1210.0 9.935481748632354e-7
1211.0 9.906994151190988e-7
1212.0 9.878649295469159e-7
1213.0 9.850446933018433e-7
1214.0 9.82238676075444e-7
1215.0 9.794468422640534e-7
1216.0 9.766691511413428e-7
1217.0 9.739055570393962e-7
1218.0 9.711560095252548e-7
1219.0 9.684204535875517e-7
1220.0 9.6569882982262e-7
1221.0 9.629910746226151e-7
1222.0 9.602971203641336e-7
1223.0 9.576168956023191e-7
1224.0 9.549503252603462e-7
1225.0 9.522973308225513e-7
1226.0 9.496578305269075e-7
1227.0 9.470317395564071e-7
1228.0 9.444189702301711e-7
1229.0 9.418194321922475e-7
1230.0 9.392330326005379e-7
1231.0 9.366596763122095e-7
1232.0 9.34099266066041e-7
1233.0 9.315517026654141e-7
1234.0 9.290168851549681e-7
1235.0 9.264947109959028e-7
1236.0 9.23985076236117e-7
1237.0 9.214878756787956e-7
1238.0 9.190030030451645e-7
1239.0 9.165303511335591e-7
1240.0 9.140698119764049e-7
1241.0 9.116212769862938e-7
1242.0 9.091846371061453e-7
1243.0 9.067597829471607e-7
1244.0 9.043466049261322e-7
1245.0 9.019449933959761e-7
1246.0 8.99554838770357e-7
1247.0 8.971760316473299e-7
1248.0 8.948084629204334e-7
1249.0 8.924520238934686e-7
1250.0 8.901066063821715e-7
1251.0 8.877721028150374e-7
1252.0 8.854484063288621e-7
1253.0 8.831354108569524e-7
1254.0 8.808330112132825e-7
1255.0 8.785411031732338e-7
1256.0 8.762595835462029e-7
1257.0 8.739883502455195e-7
1258.0 8.717273023532892e-7
1259.0 8.694763401802439e-7
1260.0 8.672353653193906e-7
1261.0 8.650042806983229e-7
1262.0 8.627829906250157e-7
1263.0 8.60571400829409e-7
1264.0 8.583694185013764e-7
1265.0 8.561769523236592e-7
1266.0 8.539939125035179e-7
1267.0 8.5182021079698e-7
1268.0 8.496557605322909e-7
1269.0 8.475004766286838e-7
1270.0 8.453542756119971e-7
1271.0 8.432170756271782e-7
1272.0 8.410887964470961e-7
1273.0 8.389693594806559e-7
1274.0 8.36858687774219e-7
1275.0 8.347567060141301e-7
1276.0 8.326633405252442e-7
1277.0 8.305785192668689e-7
1278.0 8.285021718259722e-7
1279.0 8.264342294107103e-7
1280.0 8.243746248379281e-7
1281.0 8.223232925240099e-7
1282.0 8.202801684684006e-7
1283.0 8.182451902407841e-7
1284.0 8.162182969614959e-7
1285.0 8.141994292865957e-7
1286.0 8.12188529385551e-7
1287.0 8.101855409214373e-7
1288.0 8.081904090302625e-7
1289.0 8.062030802966976e-7
1290.0 8.042235027317335e-7
1291.0 8.022516257472015e-7
1292.0 8.002874001310662e-7
1293.0 7.983307780226332e-7
1294.0 7.963817128851577e-7
1295.0 7.944401594785728e-7
1296.0 7.92506073835052e-7
1297.0 7.905794132275232e-7
1298.0 7.886601361457989e-7
1299.0 7.867482022658667e-7
1300.0 7.84843572423049e-7
1301.0 7.82946208583683e-7
1302.0 7.810560738166984e-7
1303.0 7.791731322650507e-7
1304.0 7.77297349118385e-7
1305.0 7.754286905839391e-7
1306.0000000000002 7.735671238590765e-7
1307.0 7.717126171034635e-7
1308.0 7.698651394107347e-7
1308.9999999999998 7.68024660782686e-7
1310.0 7.661911521002297e-7
1311.0 7.643645850978198e-7
1312.0 7.625449323362234e-7
1313.0 7.607321671762837e-7
1314.0 7.589262637539045e-7
1315.0 7.57127196953724e-7
1316.0 7.553349423837246e-7
1317.0000000000002 7.535494763509952e-7
1318.0 7.517707758378357e-7
1319.0 7.499988184774117e-7
1319.9999999999998 7.48233582529805e-7
1321.0 7.464750468596047e-7
1322.0 7.447231909135046e-7
1323.0 7.429779946974153e-7
1324.0 7.412394387558229e-7
1325.0 7.395075041499447e-7
1326.0 7.377821724366194e-7
1327.0 7.360634256497427e-7
1328.0000000000002 7.343512462786733e-7
1329.0 7.326456172491602e-7
1330.0 7.309465219062152e-7
1330.9999999999998 7.292539439936572e-7
1332.0 7.275678676369497e-7
1333.0 7.258882773265199e-7
1334.0 7.242151578995742e-7
1335.0 7.225484945247398e-7
1336.0 7.208882726852738e-7
1337.0 7.192344781630431e-7
1338.0 7.175870970244009e-7
1339.0000000000002 7.159461156051512e-7
1340.0 7.143115204951794e-7
1341.0 7.126832985262335e-7
1341.9999999999998 7.110614367576078e-7
1343.0 7.094459224619054e-7
1344.0 7.078367431151371e-7
1345.0 7.062338863819289e-7
1346.0 7.046373401042123e-7
1347.0 7.030470922912358e-7
1348.0 7.0146313110639e-7
1349.0 6.998854448574446e-7
1350.0000000000002 6.983140219863904e-7
1351.0 6.967488510584105e-7
1352.0 6.951899207533323e-7
1352.9999999999998 6.936372198555242e-7
1354.0 6.92090737244749e-7
1355.0 6.905504618878e-7
1356.0 6.890163828299712e-7
1357.0 6.874884891872272e-7
1358.0 6.859667701374865e-7
1359.0 6.844512149138643e-7
1360.0 6.829418127972788e-7
1361.0000000000002 6.814385531094673e-7
1362.0 6.799414252058833e-7
1363.0 6.784504184697207e-7
1363.9999999999998 6.769655223051518e-7
1365.0 6.754867261323823e-7
1366.0 6.740140193807205e-7
1366.9999999999998 6.725473914834564e-7
1368.0 6.710868318730915e-7
1369.0 6.696323299755778e-7
1370.0 6.681838752062009e-7
1371.0 6.667414569641678e-7
1372.0000000000002 6.653050646283524e-7
1373.0 6.638746875533305e-7
1374.0 6.624503150655122e-7
1374.9999999999998 6.610319364583276e-7
1376.0 6.596195409889501e-7
1377.0 6.582131178754044e-7
1377.9999999999998 6.568126562923765e-7
1379.0 6.554181453681058e-7
1380.0 6.540295741812919e-7
1381.0 6.526469317585905e-7
1382.0 6.51270207071671e-7
1383.0000000000002 6.498993890336349e-7
1384.0 6.485344664982841e-7
1385.0 6.471754282555458e-7
1385.9999999999998 6.458222630316044e-7
1387.0 6.444749594848573e-7
1388.0 6.431335062042723e-7
1388.9999999999998 6.417978917088084e-7
1390.0 6.404681044433522e-7
1391.0 6.391441327794374e-7
1392.0 6.378259650112551e-7
1393.0 6.365135893563399e-7
1394.0000000000002 6.352069939528097e-7
1395.0 6.339061668579607e-7
1396.0 6.326110960484989e-7
1396.9999999999998 6.313217694175745e-7
1398.0 6.300381747748722e-7
1399.0 6.287602998454643e-7
1399.9999999999998 6.274881322684667e-7
1401.0 6.262216595965877e-7
1402.0 6.24960869295677e-7
1403.0 6.237057487432066e-7
1404.0 6.224562852283592e-7
1405.0000000000002 6.212124659512384e-7
1406.0 6.199742780225349e-7
1407.0 6.187417084626469e-7
1407.9999999999998 6.175147442018606e-7
1409.0 6.162933720798777e-7
1410.0 6.150775788452639e-7
1410.9999999999998 6.138673511558085e-7
1412.0 6.126626755777005e-7
1413.0 6.114635385861145e-7
1414.0 6.102699265647677e-7
1415.0 6.090818258058489e-7
1416.0000000000002 6.078992225105159e-7
1417.0 6.067221027882019e-7
1418.0 6.055504526577896e-7
1419.0000000000002 6.043842580467371e-7
1420.0 6.032235047922907e-7
1421.0 6.020681786409362e-7
1421.9999999999998 6.009182652491017e-7
1423.0 5.997737501834209e-7
1424.0 5.986346189209076e-7
1425.0 5.975008568498783e-7
1426.0 5.963724492697104e-7
1427.0000000000002 5.952493813920773e-7
1428.0 5.941316383407613e-7
1429.0 5.930192051525987e-7
1430.0000000000002 5.919120667780316e-7
1431.0 5.908102080812956e-7
1432.0 5.897136138419261e-7
1432.9999999999998 5.886222687544606e-7
1434.0 5.875361574299999e-7
1435.0 5.864552643961099e-7
1436.0 5.85379574098296e-7
1437.0 5.843090709003278e-7
1438.0000000000002 5.832437390850421e-7
1439.0 5.821835628557077e-7
1440.0 5.811285263361526e-7
1441.0000000000002 5.800786135723933e-7
1442.0 5.790338085327784e-7
1443.0 5.779940951094757e-7
1443.9999999999998 5.769594571194674e-7
1445.0 5.759298783049955e-7
1446.0 5.749053423351022e-7
1447.0 5.738858328064696e-7
1448.0 5.728713332445987e-7
1449.0000000000002 5.718618271044842e-7
1450.0 5.70857297772142e-7
1451.0 5.698577285657833e-7
1452.0000000000002 5.68863102736435e-7
1453.0 5.678734034696272e-7
1454.0 5.668886138863604e-7
1454.9999999999998 5.659087170439531e-7
1456.0 5.649336959382893e-7
1457.0 5.639635335040161e-7
1458.0 5.629982126158673e-7
1459.0 5.620377160910074e-7
1460.0 5.610820266888744e-7
1461.0 5.601311271137828e-7
1462.0 5.591850000150332e-7
1463.0000000000002 5.582436279892905e-7
1464.0 5.573069935814314e-7
1465.0 5.563750792860006e-7
1465.9999999999998 5.554478675490071e-7
1467.0 5.545253407684265e-7
1468.0 5.536074812962013e-7
1469.0 5.526942714401027e-7
1470.0 5.51785693464158e-7
1471.0 5.508817295909812e-7
1472.0 5.499823620030174e-7
1473.0 5.490875728437733e-7
1474.0000000000002 5.481973442193559e-7
1475.0 5.473116582004852e-7
1476.0 5.464304968235192e-7
1476.9999999999998 5.455538420920123e-7
1478.0 5.446816759784192e-7
1479.0 5.438139804258808e-7
1480.0 5.429507373489668e-7
1481.0 5.420919286362286e-7
1482.0 5.412375361511971e-7
1483.0 5.403875417339925e-7
1484.0 5.395419272033175e-7
1485.0000000000002 5.387006743576484e-7
1486.0 5.378637649765958e-7
1487.0 5.370311808234112e-7
1487.9999999999998 5.362029036457821e-7
1489.0 5.353789151777617e-7
1490.0 5.345591971413557e-7
1491.0 5.337437312481631e-7
1492.0 5.329324992008807e-7
1493.0 5.321254826951852e-7
1494.0 5.313226634210338e-7
1495.0 5.305240230645838e-7
1496.0000000000002 5.297295433095038e-7
1497.0 5.289392058390667e-7
1498.0 5.281529923371912e-7
1498.9999999999998 5.273708844905262e-7
1500.0 5.265928639895504e-7
1501.0 5.258189125311428e-7
1502.0 5.250490118189078e-7
1503.0 5.242831435659686e-7
1504.0 5.235212894955151e-7
1505.0 5.227634313431606e-7
1506.0 5.220095508582613e-7
1507.0000000000002 5.212596298055325e-7
1508.0 5.205136499664213e-7
1509.0 5.197715931406973e-7
1509.9999999999998 5.190334411483262e-7
1511.0 5.182991758307943e-7
1512.0 5.175687790522979e-7
1513.0 5.168422327017177e-7
1514.0 5.16119518694138e-7
1515.0 5.154006189717131e-7
1516.0 5.146855155058715e-7
1517.0 5.139741902983443e-7
1518.0000000000002 5.132666253826605e-7
1519.0 5.125628028256332e-7
1520.0 5.118627047287163e-7
1520.9999999999998 5.111663132295528e-7
1522.0 5.104736105028738e-7
1523.0 5.09784578762379e-7
1524.0 5.090992002617209e-7
1525.0 5.084174572960742e-7
1526.0 5.077393322031016e-7
1527.0 5.070648073644861e-7
1528.0 5.063938652067717e-7
1529.0000000000002 5.057264882034561e-7
1530.0 5.050626588749585e-7
1531.0 5.044023597909092e-7
1531.9999999999998 5.037455735704206e-7
1533.0 5.030922828837641e-7
1534.0 5.024424704532095e-7
1535.0 5.017961190544092e-7
1536.0 5.011532115168391e-7
1537.0 5.005137307252302e-7
1538.0 4.998776596206519e-7
1539.0 4.992449812009796e-7
1540.0000000000002 4.986156785225132e-7
1541.0 4.979897347002217e-7
1542.0 4.973671329086903e-7
1542.9999999999998 4.967478563834839e-7
1544.0 4.961318884214229e-7
1545.0 4.955192123813171e-7
1546.0 4.949098116852267e-7
1547.0 4.943036698185323e-7
1548.0 4.937007703310734e-7
1549.0 4.931010968377026e-7
1550.0 4.925046330185559e-7
1551.0000000000002 4.919113626199452e-7
1552.0 4.913212694550088e-7
1553.0 4.907343374037075e-7
1553.9999999999998 4.901505504138383e-7
1555.0 4.895698925010481e-7
1556.0 4.8899234774971e-7
1557.0 4.884179003125948e-7
1558.0 4.878465344118055e-7
1559.0 4.872782343387973e-7
1560.0 4.867129844545735e-7
1561.0 4.861507691903273e-7
1562.0000000000002 4.855915730467385e-7
1563.0 4.850353805951412e-7
1564.0 4.844821764768551e-7
1564.9999999999998 4.839319454037319e-7
1566.0 4.833846721578403e-7
1567.0 4.828403415917625e-7
1568.0 4.822989386282744e-7
1569.0 4.817604482605098e-7
1570.0 4.81224855551446e-7
1571.0 4.806921456345295e-7
1572.0 4.801623037125069e-7
1573.0000000000002 4.796353150578047e-7
1574.0 4.79111165012243e-7
1575.0 4.785898389864315e-7
1575.9999999999998 4.780713224597977e-7
1577.0 4.775556009798101e-7
1578.0 4.770426601618882e-7
1579.0 4.76532485688976e-7
1580.0 4.760250633105572e-7
1581.0 4.755203788428668e-7
1582.0 4.750184181678494e-7
1583.0 4.745191672325288e-7
1584.0000000000002 4.740226120488265e-7
1585.0 4.735287386924167e-7
1586.0 4.730375333022197e-7
1586.9999999999998 4.725489820799098e-7
1588.0 4.7206307128863826e-7
1589.0 4.7157978725272616e-7
1590.0 4.7109911635663645e-7
1591.0 4.7062104504418134e-7
1592.0 4.7014555981742517e-7
1593.0 4.696726472360973e-7
1594.0 4.692022939164093e-7
1595.0000000000002 4.687344865301802e-7
1596.0 4.682692118037213e-7
1597.0 4.678064565169783e-7
1597.9999999999998 4.6734620750232327e-7
1599.0 4.6688845164355886e-7
1600.0 4.664331758746398e-7
1601.0 4.659803671788955e-7
1602.0 4.6553001258735155e-7
1603.0 4.650820991779327e-7
1604.0 4.646366140741655e-7
1605.0 4.64193544443993e-7
1606.0000000000002 4.637528774981504e-7
1607.0 4.6331460048948895e-7
1608.0 4.62878700711202e-7
1608.9999999999998 4.624451654957508e-7
1610.0 4.6201398221333577e-7
1611.0 4.6158513827082866e-7
1612.0 4.6115862111017623e-7
1613.0 4.6073441820708876e-7
1614.0 4.603125170695519e-7
1615.0 4.598929052367663e-7
1616.0 4.594755702771882e-7
1617.0000000000002 4.5906049978750394e-7
1618.0 4.586476813910189e-7
1619.0 4.582371027364358e-7
1619.9999999999998 4.5782875149586763e-7
1621.0 4.574226153640807e-7
1622.0 4.570186820562294e-7
1622.9999999999998 4.5661693930717876e-7
1624.0 4.562173748694945e-7
1625.0 4.558199765121126e-7
1626.0 4.55424732018657e-7
1627.0 4.550316291865384e-7
1628.0000000000002 4.5464065582473173e-7
1629.0 4.542517997527141e-7
1630.0 4.538650487989649e-7
1630.9999999999998 4.534803907993536e-7
1632.0 4.530978135958103e-7
1633.0 4.527173050346711e-7
1633.9999999999998 4.52338852965285e-7
1635.0 4.519624452388273e-7
1636.0 4.5158806970644466e-7
1637.0 4.5121571421814963e-7
1638.0 4.50845366621186e-7
1639.0000000000002 4.5047701475876265e-7
1640.0 4.5011064646854396e-7
1641.0 4.4974624958140274e-7
1641.9999999999998 4.49383811919978e-7
1643.0 4.490233212973729e-7
1644.0 4.486647655158847e-7
1644.9999999999998 4.483081323654715e-7
1646.0 4.4795340962284097e-7
1647.0 4.476005850498542e-7
1648.0 4.4724964639247205e-7
1649.0 4.469005813795057e-7
1650.0000000000002 4.46553377721491e-7
1651.0 4.4620802310930976e-7
1652.0 4.458645052132866e-7
1652.9999999999998 4.4552281168208166e-7
1654.0 4.4518293014155065e-7
1655.0 4.448448481935354e-7
1655.9999999999998 4.4450855341527177e-7
1657.0 4.441740333577935e-7
1658.0 4.43841275545719e-7
1659.0 4.435102674757275e-7
1660.0 4.4318099661603546e-7
1661.0000000000002 4.42853450405292e-7
1662.0 4.425276162520369e-7
1663.0 4.4220348153369794e-7
1664.0000000000002 4.41881033596121e-7
1665.0 4.415602597524836e-7
1666.0 4.41241147283167e-7
1666.9999999999998 4.409236834345166e-7
1668.0 4.40607855418815e-7
1669.0 4.4029365041343783e-7
1670.0 4.3998105556048966e-7
1671.0 4.3967005796630706e-7
1672.0000000000002 4.3936064470097915e-7
1673.0 4.3905280279808477e-7
1674.0 4.3874651925444574e-7
1675.0000000000002 4.3844178102954134e-7
1676.0 4.3813857504558736e-7
1677.0 4.378368881872781e-7
1677.9999999999998 4.37536707301389e-7
1679.0 4.3723801919708485e-7
1680.0 4.369408106454555e-7
1681.0 4.3664506837986673e-7
1682.0 4.36350779095647e-7
1683.0000000000002 4.3605792945046065e-7
1684.0 4.357665060641709e-7
1685.0 4.3547649551930486e-7
1686.0000000000002 4.3518788436094093e-7
1687.0 4.349006590971902e-7
1688.0 4.3461480619945145e-7
1688.9999999999998 4.343303121026911e-7
1690.0 4.340471632059266e-7
1691.0 4.3376534587255273e-7
1692.0 4.334848464308367e-7
1693.0 4.3320565117470383e-7
1694.0000000000002 4.329277463638424e-7
1695.0 4.32651118224744e-7
1696.0 4.323757529510662e-7
1697.0000000000002 4.3210163670439717e-7
1698.0 4.318287556151215e-7
1699.0 4.3155709578315605e-7
1699.9999999999998 4.312866432785422e-7
1701.0 4.3101738414258e-7
1702.0 4.3074930438863246e-7
1703.0 4.30482390003163e-7
1704.0 4.302166269463106e-7
1705.0000000000002 4.29952001153553e-7
1706.0 4.296884985360957e-7
1707.0 4.2942610498251005e-7
1708.0000000000002 4.2916480635950003e-7
1709.0 4.289045885130855e-7
1710.0 4.286454372701133e-7
1710.9999999999998 4.2838733843905653e-7
1712.0 4.2813027781152555e-7
1713.0 4.2787424116350733e-7
1714.0 4.276192142566268e-7
1715.0 4.273651828395857e-7
1716.0 4.2711213264946253e-7
1717.0 4.268600494131396e-7
1718.0 4.266089188487172e-7
1719.0000000000002 4.2635872666698503e-7
1720.0 4.2610945857303186e-7
1721.0 4.258611002674203e-7
1721.9999999999998 4.256136374480427e-7
1723.0 4.2536705581152375e-7
1724.0 4.251213410547834e-7
1725.0 4.2487647887668224e-7
1726.0 4.246324549795625e-7
1727.0 4.2438925507085695e-7
1728.0 4.241468648649211e-7
1729.0 4.239052700844125e-7
1730.0000000000002 4.236644564620985e-7
1731.0 4.2342440974260646e-7
1732.0 4.2318511568397384e-7
1732.9999999999998 4.229465600594088e-7
1734.0 4.2270872865914415e-7
1735.0 4.22471607291882e-7
1736.0 4.2223518178675733e-7
1737.0 4.2199943799497473e-7
1738.0 4.2176436179161394e-7
1739.0 4.2152993907723753e-7
1740.0 4.212961557798605e-7
1741.0000000000002 4.2106299785657007e-7
1742.0 4.208304512952216e-7
1743.0 4.205985021163025e-7
1743.9999999999998 4.20367136374725e-7
1745.0 4.201363401614213e-7
1746.0 4.1990609960526676e-7
1747.0 4.196764008746468e-7
1748.0 4.1944723017936306e-7
1749.0 4.192185737723057e-7
1750.0 4.189904179511262e-7
1751.0 4.1876274906006373e-7
1752.0000000000002 4.185355534916594e-7
1753.0 4.1830881768826296e-7
1754.0 4.1808252814409423e-7
1754.9999999999998 4.1785667140644935e-7
1756.0 4.1763123407788636e-7
1757.0 4.1740620281751715e-7
1758.0 4.171815643427192e-7
1759.0 4.169573054309442e-7
1760.0 4.1673341292112466e-7
1761.0 4.165098737154579e-7
1762.0 4.1628667478071263e-7
1763.0000000000002 4.160638031501991e-7
1764.0 4.158412459250102e-7
1765.0 4.156189902755553e-7
1765.9999999999998 4.153970234433518e-7
1767.0 4.1517533274214554e-7
1768.0 4.149539055597582e-7
1769.0 4.147327293591239e-7
1770.0 4.145117916801387e-7
1771.0 4.1429108014081736e-7
1772.0 4.140705824386409e-7
1773.0 4.138502863522113e-7
1774.0000000000002 4.136301797422228e-7
1775.0 4.134102505531007e-7
1776.0 4.1319048681395305e-7
1776.9999999999998 4.1297087664024004e-7
1778.0 4.1275140823469585e-7
1779.0 4.125320698885961e-7
1780.0 4.1231284998323206e-7
1781.0 4.1209373699059294e-7
1782.0 4.118747194749693e-7
1783.0 4.1165578609366155e-7
1784.0 4.114369255984753e-7
1785.0000000000002 4.112181268364168e-7
1786.0 4.109993787508922e-7
1787.0 4.1078067038280947e-7
1787.9999999999998 4.1056199087125667e-7
1789.0 4.1034332945480705e-7
1790.0 4.101246754720836e-7
1791.0 4.0990601836296347e-7
1792.0 4.096873476692806e-7
1793.0 4.0946865303556295e-7
1794.0 4.092499242101964e-7
1795.0 4.09031151045698e-7
1796.0000000000002 4.0881232349998685e-7
1797.0 4.085934316365837e-7
1798.0 4.083744656258258e-7
1798.9999999999998 4.081554157451454e-7
1800.0 4.079362723797871e-7
1801.0 4.077170260236274e-7
1802.0 4.074976672794004e-7
1803.0 4.072781868596572e-7
1804.0 4.070585755868482e-7
1805.0 4.0683882439416014e-7
1806.0 4.066189243258143e-7
1807.0000000000002 4.063988665376142e-7
1808.0 4.0617864229727675e-7
1809.0 4.0595824298475886e-7
1809.9999999999998 4.0573766009285484e-7
1811.0 4.0551688522716187e-7
1812.0 4.052959101066866e-7
1813.0 4.0507472656401854e-7
1814.0 4.0485332654558474e-7
1815.0 4.046317021118278e-7
1816.0 4.044098454374128e-7
1817.0 4.0418774881151543e-7
1818.0000000000002 4.0396540463783194e-7
1819.0 4.037428054347076e-7
1820.0 4.03519943835286e-7
1820.9999999999998 4.032968125876613e-7
1822.0 4.03073404554622e-7
1823.0 4.0284971271406084e-7
1824.0 4.026257301586862e-7
1825.0 4.0240145009613747e-7
1826.0 4.0217686584885595e-7
1827.0 4.019519708540848e-7
1828.0 4.017267586637613e-7
1829.0000000000002 4.0150122294427103e-7
1830.0 4.0127535747650013e-7
1831.0 4.0104915615560436e-7
1831.9999999999998 4.0082261299069843e-7
1833.0 4.00595722104934e-7
1834.0 4.003684777349593e-7
1835.0 4.0014087423086373e-7
1836.0 3.99912906055844e-7
1837.0 3.996845677860071e-7
1838.0 3.9945585410994985e-7
1839.0 3.9922675982850135e-7
1840.0000000000002 3.9899727985435204e-7
1841.0 3.987674092117009e-7
1842.0 3.9853714303594234e-7
1842.9999999999998 3.9830647657312017e-7
1844.0 3.9807540517970226e-7
1845.0 3.978439243219748e-7
1846.0 3.9761202957573674e-7
1847.0 3.9737971662574226e-7
1848.0 3.9714698126523957e-7
1849.0 3.969138193955608e-7
1850.0 3.9668022702548426e-7
1851.0000000000002 3.9644620027072244e-7
1852.0 3.962117353536408e-7
1853.0 3.9597682860220507e-7
1853.9999999999998 3.957414764500069e-7
1855.0 3.9550567543508907e-7
1856.0 3.952694221999098e-7
1857.0 3.950327134902879e-7
1858.0 3.9479554615511884e-7
1859.0 3.945579171455125e-7
1860.0 3.9431982351429923e-7
1861.0 3.940812624152361e-7
1862.0000000000002 3.938422311025001e-7
1863.0 3.9360272692995797e-7
1864.0 3.9336274735041174e-7
1864.9999999999998 3.931222899149694e-7
1866.0 3.9288135227238916e-7
1867.0 3.926399321681895e-7
1868.0 3.9239802744421646e-7
1869.0 3.921556360376297e-7
1870.0 3.9191275598027367e-7
1871.0 3.916693853980047e-7
1872.0 3.914255225098608e-7
1873.0000000000002 3.911811656272036e-7
1874.0 3.9093631315317145e-7
1875.0 3.906909635817793e-7
1875.9999999999998 3.90445115497047e-7
1877.0 3.901987675724234e-7
1878.0 3.899519185698079e-7
1878.9999999999998 3.8970456733883213e-7
1880.0 3.894567128160972e-7
1881.0 3.892083540241607e-7
1882.0 3.8895949007107487e-7
1883.0 3.8871012014915303e-7
1884.0000000000002 3.884602435345166e-7
1885.0 3.8820985958604153e-7
1886.0 3.879589677445319e-7
1886.9999999999998 3.877075675320373e-7
1888.0 3.8745565855090295e-7
1889.0 3.872032404829021e-7
1889.9999999999998 3.869503130884842e-7
1891.0 3.8669687620577743e-7
1892.0 3.864429297499905e-7
1893.0 3.861884737123092e-7
1894.0 3.859335081591914e-7
1895.0000000000002 3.856780332314373e-7
1896.0 3.854220491434052e-7
1897.0 3.851655561820456e-7
1897.9999999999998 3.849085547062168e-7
1899.0 3.8465104514561293e-7
1900.0 3.843930280000782e-7
1900.9999999999998 3.8413450383872754e-7
1902.0 3.8387547329886823e-7
1903.0 3.8361593708555776e-7
1904.0 3.8335589597034813e-7
1905.0 3.8309535079058043e-7
1906.0000000000002 3.82834302448604e-7
1907.0 3.8257275191071933e-7
1908.0 3.823107002066182e-7
1908.9999999999998 3.820481484282634e-7
1910.0 3.817850977290921e-7
1911.0 3.8152154932330236e-7
1911.9999999999998 3.812575044847695e-7
1913.0 3.8099296454642326e-7
1914.0 3.807279308993311e-7
1915.0 3.804624049917554e-7
1916.0 3.801963883283587e-7
1917.0000000000002 3.799298824694808e-7
1918.0 3.796628890301933e-7
1919.0 3.7939540967943095e-7
1919.9999999999998 3.791274461392532e-7
1921.0 3.7885900018392136e-7
1922.0 3.7859007363920744e-7
1922.9999999999998 3.783206683813944e-7
1924.0 3.780507863366347e-7
1925.0 3.777804294799466e-7
1926.0 3.7750959983465936e-7
1927.0 3.772382994712975e-7
1928.0000000000002 3.7696653050699234e-7
1929.0 3.7669429510462443e-7
1930.0 3.764215954719722e-7
1931.0000000000002 3.7614843386108546e-7
1932.0 3.7587481256719605e-7
1933.0 3.7560073392823547e-7
1933.9999999999998 3.7532620032389533e-7
1935.0 3.7505121417490354e-7
1936.0 3.7477577794223834e-7
1937.0 3.744998941262702e-7
1938.0 3.742235652662365e-7
1939.0000000000002 3.739467939392835e-7
1940.0 3.736695827596824e-7
1941.0 3.7339193437826767e-7
1942.0000000000002 3.7311385148150565e-7
1943.0 3.7283533679091756e-7
1944.0 3.7255639306228407e-7
1944.9999999999998 3.7227702308481563e-7
1946.0 3.7199722968060463e-7
1947.0 3.7171701570376534e-7
1948.0 3.7143638403975444e-7
1949.0 3.7115533760478795e-7
1950.0000000000002 3.7087387934494805e-7
1951.0 3.705920122356881e-7
1952.0 3.70309739280885e-7
1953.0000000000002 3.70027063512462e-7
1954.0 3.6974398798936517e-7
1955.0 3.694605157972964e-7
1955.9999999999998 3.691766500476773e-7
1957.0 3.6889239387710396e-7
1958.0 3.6860775044686373e-7
1959.0 3.6832272294202037e-7
1960.0 3.6803731457096675e-7
1961.0000000000002 3.677515285646075e-7
1962.0 3.6746536817593544e-7
1963.0 3.671788366792927e-7
1964.0000000000002 3.6689193736958616e-7
1965.0 3.666046735620501e-7
1966.0 3.663170485913114e-7
1966.9999999999998 3.660290658109135e-7
1968.0 3.657407285926692e-7
1969.0 3.654520403261678e-7
1970.0 3.6516300441801877e-7
1971.0 3.648736242914841e-7
1972.0 3.6458390338575397e-7
1973.0 3.642938451553625e-7
1974.0 3.6400345306976445e-7
1975.0000000000002 3.637127306126313e-7
1976.0 3.634216812813207e-7
1977.0 3.6313030858649297e-7
1977.9999999999998 3.628386160513867e-7
1979.0 3.6254660721127236e-7
1980.0 3.622542856132345e-7
1981.0 3.619616548151105e-7
1982.0 3.61668718385557e-7
1983.0 3.613754799031278e-7
1984.0 3.6108194295591126e-7
1985.0 3.607881111410748e-7
1986.0000000000002 3.604939880643414e-7
1987.0 3.601995773394397e-7
1988.0 3.5990488258774236e-7
1988.9999999999998 3.5960990743770587e-7
1990.0 3.593146555243857e-7
1991.0 3.590191304890657e-7
1992.0 3.5872333597879056e-7
1993.0 3.5842727564572776e-7
1994.0 3.581309531470217e-7
1995.0 3.578343721440834e-7
1996.0 3.5753753630245357e-7
1997.0000000000002 3.572404492909818e-7
1998.0 3.569431147817661e-7
1999.0 3.566455364495676e-7
1999.9999999999998 3.563477179713553e-7
