0.0 5.849416460538211e-6
1.0 5.849455878425063e-6
2.0 5.849574135596197e-6
3.0 5.849771242554524e-6
4.0 5.850047216779705e-6
5.0 5.850402082774526e-6
6.0 5.850835872063559e-6
7.0 5.851348623167609e-6
8.0 5.851940381634003e-6
9.0 5.852611200056281e-6
10.0 5.853361138073927e-6
10.999999999999998 5.854190262370839e-6
12.0 5.855098646712847e-6
13.000000000000002 5.8560863719816844e-6
14.0 5.8571535261343985e-6
14.999999999999998 5.8583002042710325e-6
16.0 5.859526508644164e-6
17.0 5.860832548688268e-6
18.0 5.862218441010028e-6
19.0 5.86368430944966e-6
20.0 5.865230285120455e-6
21.0 5.866856506391364e-6
21.999999999999996 5.8685631189501264e-6
23.0 5.870350275830076e-6
24.0 5.872218137444498e-6
25.0 5.87416687162727e-6
26.000000000000004 5.87619665366125e-6
27.0 5.878307666308903e-6
28.0 5.880500099883369e-6
29.0 5.882774152261521e-6
29.999999999999996 5.885130028961787e-6
31.0 5.887567943149768e-6
32.0 5.8900881157326445e-6
33.0 5.892690775360215e-6
34.0 5.8953761585189335e-6
35.0 5.898144509589188e-6
36.0 5.900996080796937e-6
37.0 5.903931132473259e-6
38.0 5.9069499329265935e-6
39.0 5.9100527585858346e-6
40.0 5.913239894066542e-6
41.0 5.916511632211858e-6
42.0 5.919868274205337e-6
43.0 5.923310129558918e-6
43.99999999999999 5.92683751628924e-6
45.0 5.930450760893301e-6
46.0 5.9341501985163325e-6
47.0 5.937936172952089e-6
48.0 5.941809036762821e-6
49.0 5.945769151372545e-6
50.0 5.949816887131716e-6
51.0 5.953952623403269e-6
52.00000000000001 5.95817674870563e-6
53.0 5.962489660696613e-6
54.0 5.966891766371693e-6
55.0 5.971383482151529e-6
56.0 5.975965233898597e-6
57.0 5.98063745714325e-6
58.0 5.985400597064406e-6
59.0 5.990255108718165e-6
59.99999999999999 5.995201457068831e-6
61.0 6.000240117129157e-6
62.0 6.005371574060417e-6
63.0 6.0105963233224426e-6
64.0 6.015914870811332e-6
65.0 6.02132773290749e-6
66.0 6.026835436684201e-6
67.0 6.0324385200163825e-6
68.0 6.038137531705783e-6
69.0 6.043933031608633e-6
70.0 6.049825590847471e-6
71.0 6.055815791861711e-6
72.0 6.061904228624102e-6
73.0 6.068091506782516e-6
74.0 6.074378243777825e-6
75.0 6.080765069054907e-6
76.0 6.0872526242323405e-6
77.0 6.093841563204894e-6
78.0 6.100532552367187e-6
79.0 6.107326270832979e-6
80.0 6.11422341049767e-6
81.0 6.1212246763268294e-6
82.0 6.128330786503791e-6
83.00000000000001 6.1355424726274454e-6
84.0 6.142860479932899e-6
85.0 6.15028556745342e-6
86.0 6.1578185082486825e-6
87.0 6.165460089680055e-6
87.99999999999999 6.173211113486659e-6
89.0 6.1810723961265774e-6
90.0 6.189044769019945e-6
91.0 6.197129078641382e-6
92.0 6.205326186932566e-6
92.99999999999999 6.213636971447194e-6
94.0 6.222062325591782e-6
95.0 6.2306031589551016e-6
96.0 6.239260397513529e-6
97.0 6.248034983897379e-6
98.0 6.256927877711484e-6
99.00000000000001 6.265940055798778e-6
100.0 6.275072512495939e-6
101.0 6.284326259983852e-6
102.0 6.293702328524716e-6
103.0 6.303201766828521e-6
104.00000000000001 6.312825642389115e-6
105.0 6.322575041713128e-6
106.0 6.3324510707120384e-6
107.0 6.3424548551246325e-6
108.0 6.35258754069063e-6
108.99999999999999 6.362850293624951e-6
110.0 6.373244301010692e-6
111.0 6.3837707710455404e-6
112.0 6.394430933555174e-6
113.0 6.405226040346031e-6
114.0 6.4161573655300104e-6
115.00000000000001 6.427226206080547e-6
116.0 6.438433882149781e-6
117.0 6.449781737526506e-6
118.0 6.46127114007309e-6
119.0 6.472903482216574e-6
119.99999999999999 6.484680181402464e-6
121.0 6.496602680524797e-6
122.0 6.508672448452036e-6
123.0 6.52089098057133e-6
124.0 6.533259799224762e-6
124.99999999999999 6.545780454287895e-6
126.0 6.558454523690521e-6
127.0 6.571283613943283e-6
128.0 6.584269360821113e-6
129.0 6.597413429780627e-6
130.0 6.610717516665313e-6
131.0 6.624183348324924e-6
132.0 6.6378126831530976e-6
133.0 6.6516073118430315e-6
134.0 6.665569057992118e-6
135.0 6.679699778737709e-6
136.0 6.6940013655709675e-6
137.0 6.708475744943258e-6
138.0 6.723124879065008e-6
139.0 6.73795076657046e-6
140.0 6.7529554434222915e-6
141.0 6.768140983618486e-6
142.0 6.783509499998291e-6
143.0 6.799063145138648e-6
144.0 6.8148041121111935e-6
145.0 6.830734635514587e-6
146.0 6.84685699224417e-6
147.0 6.863173502493765e-6
148.0 6.879686530652851e-6
149.0 6.896398486370883e-6
150.0 6.913311825478267e-6
151.0 6.9304290510979214e-6
152.0 6.947752714638289e-6
153.0 6.965285416975084e-6
154.0 6.9830298094795815e-6
155.0 7.0009885952559045e-6
156.0 7.019164530271981e-6
157.0 7.0375604245987165e-6
158.0 7.056179143701358e-6
159.0 7.0750236096787745e-6
160.0 7.094096802669199e-6
161.0 7.113401762110662e-6
162.0 7.132941588224683e-6
163.0 7.152719443500028e-6
164.0 7.172738554061105e-6
164.99999999999997 7.193002211321069e-6
166.00000000000003 7.213513773477848e-6
167.0 7.234276667263801e-6
168.0 7.255294389392777e-6
169.0 7.276570508561585e-6
170.0 7.2981086670362935e-6
171.0 7.31991258251163e-6
172.0 7.341986050091302e-6
173.0 7.3643329440876925e-6
174.0 7.386957220167711e-6
174.99999999999997 7.4098629173047955e-6
175.99999999999997 7.433054159923101e-6
177.00000000000003 7.45653516020449e-6
178.0 7.48031022016248e-6
179.0 7.5043837341416215e-6
180.0 7.528760191082671e-6
181.0 7.553444177173728e-6
182.0 7.578440378171403e-6
183.0 7.603753582294805e-6
184.0 7.6293886827977835e-6
185.0 7.655350680794803e-6
185.99999999999997 7.681644688224634e-6
187.00000000000003 7.708275930779566e-6
188.0 7.73524975109294e-6
189.0 7.762571611819999e-6
190.0 7.79024709903365e-6
191.0 7.818281925645867e-6
192.0 7.846681934810738e-6
193.0 7.875453103772111e-6
194.0 7.904601547407016e-6
195.0 7.934133522366807e-6
196.0 7.964055430835429e-6
196.99999999999997 7.994373824938398e-6
198.00000000000003 8.025095410965284e-6
199.0 8.05622705375733e-6
200.0 8.087775781439592e-6
201.0 8.119748790126828e-6
202.0 8.152153448911312e-6
203.0 8.184997305004457e-6
204.0 8.218288088937176e-6
205.0 8.252033720170697e-6
206.0 8.286242312691991e-6
206.99999999999997 8.320922181059766e-6
208.00000000000003 8.356081846290646e-6
209.00000000000003 8.391730042472795e-6
210.0 8.427875723088872e-6
211.0 8.464528067977335e-6
212.0 8.501696490358364e-6
213.0 8.539390644155098e-6
214.0 8.577620431653725e-6
215.0 8.616396011315701e-6
216.0 8.655727806046911e-6
217.0 8.695626511741772e-6
217.99999999999997 8.736103106035056e-6
219.00000000000003 8.77716885750145e-6
220.0 8.818835335351743e-6
221.0 8.861114419153597e-6
222.0 8.904018309275596e-6
223.0 8.947559537477645e-6
224.0 8.9917509783246e-6
225.0 9.036605860472973e-6
226.0 9.082137778949786e-6
227.0 9.128360707721495e-6
228.0 9.175289012642309e-6
228.99999999999997 9.222937465184805e-6
230.00000000000003 9.271321256676905e-6
231.0 9.320456012867923e-6
232.0 9.370357809569486e-6
233.0 9.42104318866726e-6
234.0 9.47252917469836e-6
235.0 9.524833292551664e-6
236.0 9.577973585464343e-6
237.0 9.6319686342353e-6
238.0 9.686837576958726e-6
238.99999999999997 9.742600129674209e-6
239.99999999999997 9.799276608110883e-6
241.00000000000003 9.856887950272521e-6
242.0 9.915455740043601e-6
243.0 9.97500223186272e-6
244.0 1.0035550376406272e-5
245.0 1.0097123847939794e-5
246.0 1.0159747072133863e-5
247.0 1.0223445255853348e-5
248.0 1.0288244418170559e-5
249.0 1.0354171422441705e-5
249.99999999999997 1.042125401057075e-5
251.00000000000003 1.048952083844101e-5
252.0 1.0559001512939219e-5
253.0 1.0629726631613816e-5
254.0 1.0701727822971306e-5
255.0 1.077503778982348e-5
256.0 1.0849690354431595e-5
257.0 1.0925720505812129e-5
258.0 1.100316444932525e-5
259.0 1.108205965914597e-5
260.0 1.116244493300504e-5
261.0 1.1244360449932386e-5
262.0 1.1327847831156655e-5
263.0 1.1412950203737672e-5
264.0 1.1499712267711013e-5
265.0 1.1588180367151644e-5
266.0 1.1678402564286167e-5
267.0 1.1770428718134396e-5
268.0 1.1864310567468254e-5
269.0 1.1960101817373804e-5
270.0 1.205785823180175e-5
271.0 1.2157637730333977e-5
272.0 1.2259500490321518e-5
273.0 1.236350905534968e-5
274.0 1.2469728449095764e-5
275.0 1.2578226296035727e-5
276.0 1.268907294875437e-5
277.0 1.2802341622877204e-5
278.0 1.2918108539417712e-5
279.0 1.303645307567057e-5
280.0 1.3157457924478115e-5
281.0 1.3281209263598519e-5
282.0 1.3407796934491082e-5
283.0 1.3537314631843837e-5
284.0 1.3669860104234865e-5
285.0 1.3805535367865658e-5
286.0 1.3944446931709078e-5
287.0 1.4086706037542243e-5
288.0 1.4232428914264029e-5
289.0 1.4381737047412667e-5
290.0 1.4534757466285802e-5
291.0 1.4691623047845887e-5
292.0 1.4852472840009102e-5
293.0 1.5017452405154138e-5
294.0 1.5186714185002134e-5
295.0 1.5360417888071357e-5
296.0 1.5538730901974892e-5
297.0 1.5721828731565906e-5
298.0 1.5909895463945307e-5
299.0 1.6103124263605964e-5
300.0 1.6301717897497886e-5
301.0 1.6505889294560197e-5
302.0 1.6715862137514437e-5
303.0 1.6931871494219032e-5
304.0 1.7154164484417703e-5
305.0 1.7383000989764073e-5
306.0 1.761865440464538e-5
307.0 1.7861412431000024e-5
308.0 1.811157792001153e-5
309.0 1.836946975993416e-5
310.0 1.8635423812449707e-5
311.0 1.890979389809361e-5
312.0 1.9192952830209754e-5
313.0 1.9485293496900727e-5
314.0 1.978722999003543e-5
315.0 2.009919877613794e-5
316.0 2.042165990722425e-5
317.0 2.0755098261424998e-5
318.0 2.1100024806926124e-5
319.0 2.145697787381873e-5
320.0 2.1826524417756152e-5
321.0 2.220926125263803e-5
322.0 2.2605816222622536e-5
323.0 2.3016849277956925e-5
324.0 2.344305340455391e-5
325.0 2.3885155350022162e-5
326.0 2.434391606969048e-5
327.0 2.482013079832993e-5
328.0 2.531462863356085e-5
329.0 2.5828271478844332e-5
329.99999999999994 2.6361952177466455e-5
331.0 2.691659160673381e-5
332.00000000000006 2.749313446822764e-5
333.0 2.8092543440758527e-5
334.0 2.871579129701043e-5
335.0 2.9363850497804606e-5
336.0 3.0037679682060207e-5
337.0 3.073820635991552e-5
338.0 3.146630498741651e-5
339.0 3.2222769467636354e-5
340.0 3.300827897960924e-5
340.99999999999994 3.382335589012275e-5
342.0 3.4668314378032254e-5
343.00000000000006 3.5543198321766576e-5
344.0 3.6447706978088314e-5
345.0 3.738110709669181e-5
346.0 3.8342130405861246e-5
347.0 3.932885599296779e-5
348.0 4.033857804658566e-5
349.0 4.1367660901986186e-5
349.99999999999994 4.2411385444227186e-5
351.0 4.346379375183294e-5
351.99999999999994 4.451754249169891e-5
353.0 4.556377985058553e-5
354.00000000000006 4.659206541832579e-5
355.0 4.7590356722929634e-5
356.0 4.854508906197444e-5
357.0 4.944137541636569e-5
358.0 5.0263348925621696e-5
359.0 5.099466019419262e-5
360.0 5.1619124854496e-5
360.99999999999994 5.212149418917538e-5
362.0 5.2488296089594645e-5
363.00000000000006 5.270867030162234e-5
364.0 5.2775107115099724e-5
365.0 5.268399816813114e-5
366.0 5.2435924942503524e-5
367.0 5.203564325060499e-5
368.0 5.149176426852116e-5
369.0 5.0816174993895144e-5
370.0 5.002327391571165e-5
371.0 4.912911466962558e-5
371.99999999999994 4.81505498546595e-5
373.0 4.710445195684384e-5
374.00000000000006 4.600706435023425e-5
375.0 4.487350912368738e-5
376.0 4.371745523803077e-5
377.0 4.2550933298858706e-5
378.0 4.1384272864936e-5
379.0 4.0226134020791356e-5
380.0 3.908360532211875e-5
381.0 3.7962343476103374e-5
382.0 3.686673475422031e-5
382.99999999999994 3.580006303810763e-5
384.0 3.4764673914282886e-5
385.00000000000006 3.3762128014917703e-5
386.0 3.279333974440956e-5
387.0 3.185869970085666e-5
388.0 3.0958180566506263e-5
389.0 3.009142722185765e-5
390.0 2.9257832367834646e-5
391.0 2.8456599226122972e-5
392.0 2.768679295636894e-5
393.0 2.6947382390869005e-5
393.99999999999994 2.6237273572823374e-5
395.0 2.5555336430242014e-5
396.00000000000006 2.4900425760691126e-5
397.0 2.4271397535592388e-5
398.0 2.3667121384212234e-5
399.0 2.3086489980990354e-5
400.0 2.2528425937514292e-5
401.0 2.199188670021587e-5
402.0 2.1475867860296743e-5
403.0 2.0979405215650158e-5
404.0 2.050157585232183e-5
404.99999999999994 2.0041498472221833e-5
406.0 1.9598333137703443e-5
407.00000000000006 1.9171280584226355e-5
408.0 1.8759581207276572e-5
409.0 1.836251382156794e-5
410.0 1.7979394258299593e-5
411.0 1.7609573860113685e-5
412.0 1.7252437919030103e-5
413.0 1.690740408627927e-5
413.99999999999994 1.6573920787006957e-5
415.0 1.6251465652947642e-5
416.00000000000006 1.5939543993202946e-5
417.0 1.5637687309631836e-5
418.00000000000006 1.5345451866892763e-5
419.0 1.5062417319949545e-5
420.0 1.4788185403650465e-5
421.0 1.4522378685349387e-5
422.0 1.4264639379725579e-5
423.0 1.4014628226333847e-5
424.0 1.3772023428522776e-5
424.99999999999994 1.3536519651354798e-5
426.0 1.3307827076250343e-5
427.00000000000006 1.3085670511682863e-5
428.0 1.2869788554948515e-5
429.0 1.2659932804359327e-5
430.0 1.2455867118936677e-5
431.0 1.2257366921735504e-5
432.0 1.206421854693695e-5
433.0 1.1876218624995382e-5
434.0 1.1693173506994514e-5
435.0 1.1514898722143338e-5
435.99999999999994 1.1341218470262387e-5
437.0 1.1171965143922988e-5
438.00000000000006 1.1006978880279629e-5
439.0 1.084610713975094e-5
440.0 1.0689204310508692e-5
441.0 1.05361313367783e-5
442.0 1.0386755369350626e-5
443.0 1.0240949436995908e-5
444.0 1.0098592137948902e-5
445.0 9.959567349043082e-6
446.0 9.823763952311465e-6
446.99999999999994 9.691075578039811e-6
448.0 9.561400362044031e-6
449.00000000000006 9.434640717721156e-6
450.0 9.310703121079623e-6
451.0 9.189497907860625e-6
452.0 9.070939082683285e-6
453.0 8.954944138721455e-6
454.0 8.841433887579066e-6
455.0 8.730332298745242e-6
456.0 8.621566348086883e-6
457.0 8.51506587449398e-6
457.99999999999994 8.410763444734178e-6
459.0 8.30859422511458e-6
460.00000000000006 8.20849586092123e-6
461.0 8.110408361454396e-6
462.0 8.014273992154599e-6
463.0 7.920037171366234e-6
464.0 7.827644373705708e-6
465.0 7.737044037529415e-6
466.0 7.648186477860433e-6
467.0 7.561023803477469e-6
468.0 7.475509838382804e-6
468.99999999999994 7.3916000471613635e-6
470.0 7.309251464422021e-6
471.00000000000006 7.228422627301432e-6
472.0 7.149073511816346e-6
473.0 7.071165472039547e-6
474.0 6.9946611825251724e-6
475.0 6.919524583269062e-6
476.0 6.845720827545731e-6
477.0 6.773216232350399e-6
477.99999999999994 6.701978230792685e-6
479.0 6.631975327335328e-6
479.99999999999994 6.563177054691586e-6
481.0 6.495553932860623e-6
482.00000000000006 6.4290774302710426e-6
483.0 6.363719926506906e-6
484.0 6.2994546766917836e-6
485.0 6.236255777869586e-6
486.0 6.17409813642668e-6
487.0 6.1129574373793685e-6
488.0 6.052810114743267e-6
488.99999999999994 5.993633323539379e-6
490.0 5.935404912627838e-6
491.00000000000006 5.878103399174494e-6
492.0 5.821707943829194e-6
493.0 5.766198327280814e-6
494.0 5.711554927702721e-6
495.0 5.657758699141703e-6
496.0 5.604791150840737e-6
497.0 5.552634327436846e-6
498.0 5.501270790062517e-6
499.0 5.450683598112276e-6
499.99999999999994 5.400856291816205e-6
501.0 5.351772875599059e-6
502.00000000000006 5.303417802003292e-6
503.0 5.255775956307619e-6
504.0 5.20883264185319e-6
505.0 5.162573565830769e-6
506.0 5.116984825652617e-6
507.0 5.072052896030499e-6
508.0 5.027764616253682e-6
509.0 4.984107178324073e-6
510.0 4.941068115252141e-6
510.99999999999994 4.898635289945819e-6
512.0 4.8567968845693425e-6
513.0 4.815541390200219e-6
514.0 4.774857596899594e-6
515.0 4.734734584253347e-6
516.0 4.695161712118612e-6
517.0 4.656128611883219e-6
518.0 4.617625177909002e-6
519.0 4.579641559307652e-6
520.0 4.542168152151963e-6
521.0 4.505195591794026e-6
522.0 4.468714745573256e-6
523.0 4.432716705723365e-6
524.0 4.3971927826335835e-6
525.0 4.362134498190806e-6
526.0 4.327533579498957e-6
527.0 4.293381952779927e-6
528.0 4.259671737432466e-6
529.0 4.226395240383383e-6
530.0 4.1935449505456615e-6
531.0 4.161113533569123e-6
532.0 4.129093826683625e-6
533.0 4.097478833724123e-6
534.0 4.066261720422449e-6
535.0 4.0354358097066314e-6
536.0 4.004994577304201e-6
537.0 3.974931647349142e-6
538.0 3.945240788302901e-6
539.0 3.915915908825793e-6
540.0 3.886951053924127e-6
541.0 3.858340401178834e-6
542.0 3.830078257051453e-6
543.0 3.8021590533956527e-6
544.0 3.7745773439896956e-6
545.0 3.747327801259421e-6
546.0 3.720405213073342e-6
547.0 3.693804479576323e-6
548.0 3.6675206102718845e-6
549.0 3.6415487210417894e-6
550.0 3.615884031355038e-6
551.0 3.590521861497143e-6
552.0 3.565457630007613e-6
553.0 3.540686850970863e-6
554.0 3.5162051316637536e-6
555.0 3.492008170074617e-6
556.0 3.468091752553637e-6
557.0 3.4444517515876132e-6
558.0 3.42108412355426e-6
559.0 3.397984906611188e-6
560.0 3.3751502186345847e-6
561.0 3.3525762551904272e-6
562.0 3.3302592875775057e-6
563.0 3.3081956609850174e-6
564.0 3.286381792582456e-6
565.0 3.264814169806803e-6
566.0 3.243489348590252e-6
567.0 3.222403951694202e-6
568.0 3.2015546670846177e-6
569.0 3.18093824634383e-6
570.0 3.16055150312698e-6
571.0 3.1403913116799845e-6
572.0 3.1204546053908163e-6
573.0 3.100738375367194e-6
574.0 3.081239669088649e-6
575.0 3.0619555890660205e-6
576.0 3.0428832915445123e-6
577.0 3.024019985262388e-6
578.0 3.0053629302344296e-6
579.0 2.9869094365694273e-6
580.0 2.968656863290348e-6
581.0 2.9506026172686626e-6
582.0 2.9327441520805774e-6
583.0 2.9150789670139132e-6
584.0 2.897604605985498e-6
585.0 2.880318656585353e-6
586.0 2.8632187490814427e-6
587.0 2.846302555510877e-6
588.0 2.8295677887092686e-6
589.0 2.8130122014901234e-6
590.0 2.79663358573824e-6
591.0 2.7804297715744694e-6
592.0 2.764398626542704e-6
593.0 2.748538054825722e-6
594.0 2.7328459964621415e-6
595.0 2.717320426605635e-6
596.0 2.7019593547961054e-6
597.0 2.686760824236491e-6
598.0 2.6717229111260524e-6
599.0 2.6568437239776827e-6
600.0 2.642121402983934e-6
601.0 2.627554119355331e-6
602.0 2.6131400747435187e-6
603.0 2.5988775006040225e-6
604.0 2.5847646576598135e-6
605.0 2.57079983530275e-6
606.0 2.5569813510656112e-6
607.0 2.5433075500682665e-6
608.0 2.52977680453059e-6
609.0 2.5163875132380257e-6
610.0 2.503138101079694e-6
611.0 2.490027018542658e-6
612.0 2.4770527412882978e-6
613.0 2.4642137696572606e-6
614.0 2.4515086282703637e-6
615.0 2.4389358655852104e-6
616.0 2.4264940534843867e-6
617.0 2.414181786885085e-6
618.0 2.4019976833277884e-6
619.0 2.3899403826126627e-6
620.0 2.3780085464290178e-6
621.0 2.3662008579818915e-6
622.0 2.3545160216645647e-6
623.0 2.342952762688739e-6
624.0 2.3315098267817363e-6
625.0 2.320185979841496e-6
626.0 2.3089800076431642e-6
627.0 2.2978907155055397e-6
628.0 2.2869169280220293e-6
629.0 2.276057488748512e-6
630.0 2.265311259926397e-6
631.0 2.2546771222122355e-6
632.0 2.24415397439458e-6
633.0 2.233740733148075e-6
634.0 2.223436332760311e-6
635.0 2.213239724889319e-6
636.0 2.2031498783163363e-6
637.0 2.1931657787033276e-6
638.0 2.1832864283696962e-6
639.0 2.1735108460437677e-6
640.0 2.1638380666513897e-6
641.0 2.154267141093681e-6
642.0 2.144797136029059e-6
643.0 2.135427133660454e-6
644.0 2.1261562315297956e-6
645.0 2.1169835423059386e-6
646.0 2.1079081936005634e-6
647.0 2.0989293277486455e-6
648.0 2.0900461016326025e-6
649.0 2.0812576864763145e-6
650.0 2.072563267661035e-6
651.0 2.0639620445423277e-6
652.0 2.055453230264291e-6
653.0000000000001 2.0470360515659184e-6
654.0 2.0387097486148005e-6
655.0 2.0304735748240957e-6
656.0 2.0223267966663353e-6
657.0 2.0142686935110025e-6
658.0 2.0062985574425234e-6
659.0 1.9984156930817347e-6
659.9999999999999 1.990619417421487e-6
661.0 1.982909059650727e-6
662.0 1.975283960983499e-6
663.0 1.9677434744922906e-6
664.0000000000001 1.960286964925627e-6
665.0 1.952913808552213e-6
666.0 1.945623392976101e-6
667.0 1.938415116981355e-6
668.0 1.931288390349804e-6
669.0 1.9242426336973094e-6
670.0 1.917277278296278e-6
670.9999999999999 1.910391765911202e-6
672.0 1.903585548622264e-6
673.0 1.8968580886555916e-6
674.0 1.8902088582046312e-6
675.0000000000001 1.8836373392628545e-6
676.0 1.8771430234464602e-6
677.0 1.8707254118139465e-6
678.0 1.8643840146974797e-6
679.0 1.8581183515182495e-6
680.0 1.8519279506124992e-6
681.0 1.845812349048601e-6
681.9999999999999 1.8397710924483084e-6
683.0 1.8338037348035085e-6
684.0 1.8279098382904351e-6
685.0 1.8220889730979505e-6
686.0000000000001 1.8163407172196783e-6
687.0 1.8106646562936498e-6
688.0 1.8050603833944152e-6
688.9999999999999 1.799527498855098e-6
690.0 1.7940656100754517e-6
691.0 1.7886743313319512e-6
692.0 1.7833532835853773e-6
692.9999999999999 1.7781020942901356e-6
694.0 1.7729203972011502e-6
695.0 1.7678078321790635e-6
696.0 1.7627640449993255e-6
697.0000000000001 1.7577886871560373e-6
698.0 1.7528814156666855e-6
699.0 1.7480418928778518e-6
699.9999999999999 1.7432697862703348e-6
701.0 1.738564768261697e-6
702.0 1.7339265160174168e-6
703.0 1.7293547112498104e-6
703.9999999999999 1.7248490400241421e-6
705.0 1.720409192570899e-6
706.0 1.716034863087884e-6
707.0 1.7117257495491774e-6
708.0000000000001 1.7074815535153559e-6
709.0 1.7033019799447873e-6
710.0 1.699186737003808e-6
710.9999999999999 1.6951355358801048e-6
712.0 1.6911480906016453e-6
713.0 1.6872241178513334e-6
714.0 1.6833633367881752e-6
715.0000000000001 1.6795654688683683e-6
716.0 1.6758302376728925e-6
717.0 1.6721573687334018e-6
718.0 1.66854658936211e-6
719.0000000000001 1.6649976284886351e-6
720.0 1.6615102164967525e-6
721.0 1.658084085063646e-6
721.9999999999999 1.6547189670068213e-6
723.0 1.6514145961337454e-6
724.0 1.6481707070924402e-6
725.0 1.6449870352290593e-6
726.0000000000001 1.641863316452497e-6
727.0 1.6387992870983502e-6
728.0 1.6357946838000643e-6
729.0 1.6328492433664102e-6
730.0 1.629962702660762e-6
731.0 1.6271347984888222e-6
732.0 1.6243652674893165e-6
732.9999999999999 1.6216538460299989e-6
734.0 1.6190002701110403e-6
735.0 1.6164042752693656e-6
736.0 1.6138655964968797e-6
737.0000000000001 1.6113839681526286e-6
738.0 1.608959123891759e-6
739.0 1.6065907965915725e-6
740.0 1.6042787182874077e-6
741.0 1.6020226201148394e-6
742.0 1.5998222322518296e-6
743.0 1.5976772838728194e-6
743.9999999999999 1.5955875031043126e-6
745.0 1.5935526169870201e-6
746.0 1.5915723514413087e-6
747.0 1.5896464312404493e-6
748.0000000000001 1.5877745799874239e-6
749.0 1.5859565200956622e-6
750.0 1.5841919727756117e-6
751.0 1.5824806580247275e-6
752.0 1.5808222946231653e-6
753.0 1.579216600132563e-6
754.0 1.5776632908973308e-6
754.9999999999999 1.5761620820531813e-6
756.0 1.574712687535468e-6
757.0 1.573314820092775e-6
758.0 1.5719681913026263e-6
759.0000000000001 1.5706725115914327e-6
760.0 1.5694274902536922e-6
761.0 1.5682328354779007e-6
762.0 1.5670882543702654e-6
763.0 1.5659934529824963e-6
764.0 1.564948136341922e-6
765.0 1.5639520084787296e-6
765.9999999999999 1.5630047724597888e-6
767.0 1.5621061304178897e-6
768.0 1.5612557835856913e-6
769.0 1.5604534323258305e-6
770.0000000000001 1.5596987761659408e-6
771.0 1.5589915138273247e-6
772.0 1.5583313432583978e-6
773.0 1.5577179616641037e-6
774.0 1.557151065535139e-6
775.0 1.5566303506764772e-6
776.0 1.556155512233718e-6
776.9999999999999 1.555726244717075e-6
778.0 1.5553422420244052e-6
779.0 1.5550031974629206e-6
780.0 1.5547088037654556e-6
781.0000000000001 1.554458753109289e-6
782.0 1.5542527371246067e-6
783.0 1.5540904469085474e-6
784.0 1.5539715730296825e-6
785.0 1.5538958055342847e-6
786.0 1.5538628339451577e-6
787.0 1.55387234725872e-6
787.9999999999999 1.55392403393929e-6
789.0 1.5540175819098373e-6
790.0 1.5541526785354889e-6
791.0 1.554329010609284e-6
792.0000000000001 1.5545462643276268e-6
793.0 1.5548041252673083e-6
794.0 1.5551022783546914e-6
795.0 1.5554404078327843e-6
796.0 1.555818197223144e-6
797.0 1.5562353292870677e-6
798.0 1.5566914859741133e-6
798.9999999999999 1.5571863483801604e-6
800.0 1.5577195966886108e-6
801.0 1.5582909101138876e-6
802.0 1.5588999668407745e-6
803.0000000000001 1.559546443958953e-6
804.0 1.5602300173936457e-6
805.0 1.5609503618324631e-6
806.0 1.5617071506480553e-6
807.0 1.5625000558213197e-6
808.0 1.563328747854429e-6
809.0 1.5641928956846605e-6
809.9999999999999 1.5650921665966297e-6
811.0 1.5660262261259394e-6
812.0 1.5669947379650982e-6
813.0 1.5679973638645093e-6
814.0000000000001 1.5690337635307876e-6
815.0 1.5701035945221928e-6
816.0 1.5712065121438685e-6
816.9999999999999 1.5723421693394583e-6
818.0 1.5735102165787052e-6
819.0 1.5747103017497173e-6
820.0 1.5759420700412356e-6
820.9999999999999 1.577205163832339e-6
822.0 1.5784992225731605e-6
823.0 1.5798238826739165e-6
824.0 1.58117877738039e-6
825.0000000000001 1.5825635366643268e-6
826.0 1.5839777871008016e-6
827.0 1.5854211517558182e-6
827.9999999999999 1.586893250067563e-6
829.0 1.5883936977300158e-6
830.0 1.589922106578945e-6
831.0 1.5914780844804107e-6
832.0000000000001 1.593061235218753e-6
833.0 1.5946711583839174e-6
834.0 1.5963074492690582e-6
835.0 1.5979696987581849e-6
836.0000000000001 1.5996574932368962e-6
837.0 1.6013704144769537e-6
838.0 1.6031080395568924e-6
838.9999999999999 1.604869940759071e-6
840.0 1.6066556854876257e-6
841.0 1.6084648361826833e-6
842.0 1.6102969502456904e-6
843.0000000000001 1.612151579961605e-6
844.0 1.614028272436874e-6
845.0 1.6159265695286438e-6
846.0 1.617846007796428e-6
847.0000000000001 1.6197861184508045e-6
848.0 1.621746427302615e-6
849.0 1.6237264547365403e-6
849.9999999999999 1.6257257156738807e-6
851.0 1.6277437195521018e-6
852.0 1.629779970314303e-6
853.0 1.6318339663957543e-6
854.0000000000001 1.6339052007276555e-6
855.0 1.6359931607470367e-6
856.0 1.6380973284126531e-6
857.0 1.6402171802324636e-6
858.0 1.6423521872948397e-6
859.0 1.644501815316751e-6
860.0 1.6466655246903405e-6
860.9999999999999 1.648842770544279e-6
862.0 1.6510330028167234e-6
863.0 1.6532356663295167e-6
864.0 1.6554502008730475e-6
865.0000000000001 1.6576760413017848e-6
866.0 1.6599126176402429e-6
867.0 1.6621593551886467e-6
868.0 1.6644156746423834e-6
869.0 1.6666809922198924e-6
870.0 1.6689547197854464e-6
871.0 1.6712362650029817e-6
871.9999999999999 1.6735250314624412e-6
873.0 1.6758204188431036e-6
874.0 1.6781218230576128e-6
875.0 1.6804286364132934e-6
876.0000000000001 1.682740247769317e-6
877.0 1.6850560427037054e-6
878.0 1.68737540366875e-6
879.0 1.6896977101617651e-6
880.0 1.6920223388817405e-6
881.0 1.6943486638900595e-6
882.0 1.6966760567653406e-6
882.9999999999999 1.699003886755039e-6
884.0 1.7013315209233448e-6
885.0 1.7036583242832278e-6
886.0 1.7059836599292862e-6
887.0000000000001 1.7083068891546652e-6
888.0 1.71062737155237e-6
889.0 1.7129444651120796e-6
890.0 1.7152575262938967e-6
891.0 1.7175659100906474e-6
892.0 1.7198689700678174e-6
893.0 1.722166058386552e-6
893.9999999999999 1.7244565258022058e-6
895.0 1.726739721643014e-6
896.0 1.7290149937609843e-6
897.0 1.731281688460753e-6
898.0000000000001 1.733539150402955e-6
899.0 1.7357867224705974e-6
900.0 1.7380237456199798e-6
901.0 1.7402495586917128e-6
902.0 1.7424634981948989e-6
903.0 1.7446648980603387e-6
904.0 1.7468530893647258e-6
904.9999999999999 1.7490274000275218e-6
906.0 1.7511871544647605e-6
907.0 1.7533316732326056e-6
908.0 1.755460272624553e-6
909.0000000000001 1.7575722642543368e-6
910.0 1.7596669546031216e-6
911.0 1.7617436445572894e-6
912.0 1.7638016289041282e-6
913.0 1.765840195837647e-6
914.0 1.7678586264187349e-6
915.0 1.769856194047948e-6
915.9999999999999 1.7718321639177913e-6
917.0 1.7737857924621081e-6
918.0 1.775716326815731e-6
919.0 1.777623004269147e-6
920.0000000000001 1.779505051735509e-6
921.0 1.7813616852424336e-6
922.0 1.7831921094378417e-6
923.0 1.7849955171304081e-6
924.0 1.7867710888526648e-6
925.0 1.7885179924775584e-6
926.0 1.790235382875741e-6
926.9999999999999 1.7919224016207057e-6
928.0 1.7935781767602429e-6
929.0 1.7952018226486068e-6
930.0 1.7967924398524259e-6
931.0000000000001 1.7983491151205855e-6
932.0 1.7998709214566469e-6
933.0 1.8013569182566383e-6
934.0 1.8028061515467463e-6
935.0 1.8042176543211247e-6
936.0 1.8055904469590958e-6
937.0 1.806923537766689e-6
937.9999999999999 1.8082159236058951e-6
939.0 1.809466590624527e-6
940.0 1.8106745151071879e-6
941.0 1.811838664417878e-6
942.0000000000001 1.8129579980529056e-6
943.0 1.814031468793428e-6
944.0 1.8150580239627591e-6
944.9999999999999 1.8160366067747936e-6
946.0 1.8169661577834488e-6
947.0 1.8178456164152978e-6
948.0 1.818673922588937e-6
948.9999999999999 1.8194500184110747e-6
950.0 1.8201728499439306e-6
951.0 1.820841369040442e-6
952.0 1.821454535226117e-6
953.0000000000001 1.8220113176414864e-6
954.0 1.8225106970162938e-6
955.0 1.8229516676749814e-6
955.9999999999999 1.8233332395711248e-6
957.0 1.8236544403230737e-6
958.0 1.8239143172623633e-6
959.0 1.8241119394766464e-6
959.9999999999999 1.8242463998245884e-6
961.0 1.8243168169404538e-6
962.0 1.8243223371977802e-6
963.0 1.8242621366322122e-6
964.0000000000001 1.8241354228105468e-6
965.0 1.8239414366448205e-6
966.0 1.8236794541354685e-6
966.9999999999999 1.8233487880428043e-6
968.0 1.8229487894749578e-6
969.0 1.822478849390787e-6
970.0 1.8219384000087624e-6
971.0000000000001 1.8213269161169618e-6
972.0 1.8206439162805081e-6
973.0 1.8198889639471404e-6
974.0 1.8190616684325301e-6
975.0000000000001 1.8181616858045583e-6
976.0 1.8171887196462978e-6
977.0 1.8161425217054082e-6
977.9999999999999 1.8150228924268644e-6
979.0 1.8138296813670138e-6
980.0 1.8125627874955048e-6
981.0 1.8112221593746174e-6
982.0000000000001 1.8098077952308197e-6
983.0 1.808319742910148e-6
984.0 1.8067580997238773e-6
985.0 1.8051230121881187e-6
986.0 1.803414675655629e-6
987.0 1.801633333853944e-6
988.0 1.7997792783140685e-6
988.9999999999999 1.7978528477188526e-6
990.0 1.795854427153597e-6
991.0 1.7937844472769104e-6
992.0 1.7916433834092828e-6
993.0000000000001 1.7894317545475212e-6
994.0 1.7871501223107011e-6
995.0 1.784799089817401e-6
996.0 1.7823793005070754e-6
997.0 1.779891436903624e-6
998.0 1.777336219331753e-6
999.0 1.7747144045859449e-6
999.9999999999999 1.772026784561346e-6
1001.0 1.7692741848518262e-6
1002.0 1.7664574633140134e-6
1003.0 1.7635775086101486e-6
1004.0000000000001 1.7606352387273816e-6
1005.0 1.7576315994861536e-6
1006.0 1.7545675630310974e-6
1007.0 1.7514441263191324e-6
1008.0 1.7482623096049505e-6
1009.0 1.7450231549213854e-6
1010.0 1.7417277245709535e-6
1010.9999999999999 1.738377099623392e-6
1012.0 1.734972378421577e-6
1013.0 1.7315146751053282e-6
1014.0 1.7280051181528e-6
1015.0000000000001 1.7244448489392255e-6
1016.0 1.7208350203193974e-6
1017.0 1.71717679523614e-6
1018.0 1.7134713453561281e-6
1019.0 1.7097198497339638e-6
1020.0 1.705923493505389e-6
1021.0 1.7020834666194626e-6
1021.9999999999999 1.698200962593734e-6
1023.0 1.6942771773195353e-6
1024.0 1.6903133078888635e-6
1025.0 1.6863105514664235e-6
1026.0 1.6822701042023498e-6
1027.0 1.6781931601731306e-6
1028.0 1.674080910375149e-6
1029.0 1.6699345417434124e-6
1030.0 1.6657552362264327e-6
1031.0 1.6615441698838909e-6
1032.0 1.6573025120382507e-6
1033.0 1.6530314244559385e-6
1034.0 1.6487320605760572e-6
1035.0 1.6444055647730492e-6
1036.0 1.6400530716614617e-6
1037.0 1.635675705436572e-6
1038.0 1.631274579254733e-6
1039.0 1.6268507946516759e-6
1040.0 1.6224054409936016e-6
1041.0 1.6179395949716106e-6
1042.0 1.61345432012119e-6
1043.0 1.6089506663871527e-6
1044.0 1.6044296697144964e-6
1045.0 1.5998923516736208e-6
1046.0 1.595339719117937e-6
1047.0 1.5907727638740163e-6
1048.0 1.5861924624596496e-6
1049.0 1.5815997758299563e-6
1050.0 1.576995649155227e-6
1051.0 1.572381011622275e-6
1052.0 1.5677567762633677e-6
1053.0 1.563123839808656e-6
1054.0 1.5584830825648859e-6
1055.0 1.5538353683218806e-6
1056.0 1.549181544261776e-6
1057.0 1.5445224409205136e-6
1058.0 1.5398588721400854e-6
1059.0 1.5351916350561447e-6
1060.0 1.5305215101033072e-6
1061.0 1.5258492610271598e-6
1062.0 1.521175634932633e-6
1063.0 1.5165013623209993e-6
1064.0 1.5118271571708667e-6
1065.0 1.5071537170092484e-6
1066.0 1.50248172300993e-6
1067.0 1.497811840099123e-6
1068.0 1.4931447170734357e-6
1069.0 1.4884809867278072e-6
1070.0 1.4838212659969845e-6
1071.0 1.479166156100543e-6
1072.0 1.4745162427036193e-6
1073.0 1.469872096080103e-6
1074.0 1.4652342712884946e-6
1075.0 1.4606033083446467e-6
1076.0 1.4559797324197932e-6
1077.0 1.4513640540182337e-6
1078.0 1.4467567691871054e-6
1079.0 1.4421583597096842e-6
1080.0 1.4375692933147277e-6
1081.0 1.4329900238866269e-6
1082.0 1.4284209916739396e-6
1083.0 1.423862623514279e-6
1084.0 1.4193153330398126e-6
1085.0 1.4147795209092342e-6
1086.0 1.4102555750224152e-6
1087.0 1.405743870746925e-6
1088.0 1.40124477114053e-6
1089.0 1.3967586271764605e-6
1090.0 1.3922857779692591e-6
1091.0 1.3878265509990663e-6
1092.0 1.3833812623383394e-6
1093.0 1.3789502168742861e-6
1094.0 1.3745337085353545e-6
1095.0 1.3701320205127966e-6
1096.0 1.3657454254821352e-6
1097.0 1.361374185827002e-6
1098.0 1.3570185538549732e-6
1099.0 1.3526787720188974e-6
1100.0 1.348355073129237e-6
1101.0 1.344047680570712e-6
1102.0 1.3397568085151069e-6
1103.0 1.3354826621273952e-6
1104.0 1.3312254377774953e-6
1105.0 1.3269853232444427e-6
1106.0 1.3227624979155343e-6
1107.0 1.3185571329942266e-6
1108.0 1.3143693916918543e-6
1109.0 1.3101994294219178e-6
1110.0 1.3060473939990992e-6
1111.0 1.3019134258207055e-6
1112.0 1.2977976580597466e-6
1113.0 1.293700216843269e-6
1114.0 1.2896212214402762e-6
1115.0 1.2855607844302642e-6
1116.0 1.28151901188659e-6
1117.0 1.2774960035466347e-6
1118.0 1.273491852976672e-6
1119.0 1.2695066477413524e-6
1120.0 1.2655404695682432e-6
1121.0 1.261593394503655e-6
1122.0 1.2576654930730173e-6
1123.0 1.253756830435277e-6
1124.0 1.2498674665311655e-6
1125.0 1.2459974562324543e-6
1126.0 1.2421468494899422e-6
1127.0 1.2383156914728328e-6
1128.0 1.2345040227080014e-6
1129.0 1.2307118792185467e-6
1130.0 1.2269392926576333e-6
1131.0 1.2231862904354777e-6
1132.0 1.2194528958526905e-6
1133.0 1.2157391282227048e-6
1134.0 1.212045002994106e-6
1135.0 1.208370531873255e-6
1136.0 1.2047157229393055e-6
1137.0 1.2010805807572332e-6
1138.0 1.197465106495047e-6
1139.0 1.193869298029356e-6
1140.0 1.1902931500514295e-6
1141.0 1.1867366541766127e-6
1142.0 1.18319979904213e-6
1143.0 1.1796825704085985e-6
1144.0 1.176184951257296e-6
1145.0 1.172706921884092e-6
1146.0 1.1692484599942842e-6
1147.0 1.1658095407911953e-6
1148.0 1.1623901370668995e-6
1149.0 1.1589902192853263e-6
1150.0 1.155609755669049e-6
1151.0 1.152248712279455e-6
1152.0 1.1489070530996718e-6
1153.0 1.1455847401085242e-6
1154.0 1.1422817333607655e-6
1155.0 1.138997991057205e-6
1156.0 1.1357334696207087e-6
1157.0 1.1324881237641283e-6
1158.0 1.129261906562124e-6
1159.0 1.1260547695134352e-6
1160.0 1.1228666626098032e-6
1161.0 1.1196975343991533e-6
1162.0 1.1165473320468528e-6
1163.0 1.113416001395216e-6
1164.0 1.1103034870239257e-6
1165.0 1.1072097323062366e-6
1166.0 1.1041346794654002e-6
1167.0 1.1010782696288061e-6
1168.0 1.0980404428802454e-6
1169.0 1.0950211383118916e-6
1170.0 1.0920202940750454e-6
1171.0 1.0890378474280183e-6
1172.0 1.086073734783985e-6
1173.0 1.083127891757193e-6
1174.0 1.0802002532082812e-6
1175.0 1.07729075328831e-6
1176.0 1.074399325479424e-6
1177.0 1.071525902640193e-6
1178.0 1.0686704170430125e-6
1179.0 1.0658328004133813e-6
1180.0 1.0630129839698273e-6
1181.0 1.0602108984615048e-6
1182.0 1.0574264742013822e-6
1183.0 1.0546596411054072e-6
1184.0 1.0519103287234125e-6
1185.0 1.0491784662756113e-6
1186.0 1.0464639826816329e-6
1187.0 1.0437668065962853e-6
1188.0 1.0410868664372038e-6
1189.0 1.0384240904154485e-6
1190.0 1.0357784065654728e-6
1191.0 1.0331497427726524e-6
1192.0 1.0305380268013575e-6
1193.0 1.0279431863218716e-6
1194.0 1.0253651489355226e-6
1195.0 1.0228038422013962e-6
1196.0 1.020259193661016e-6
1197.0 1.0177311308599194e-6
1198.0 1.015219581375876e-6
1199.0 1.0127244728353963e-6
1200.0 1.0102457329421462e-6
1201.0 1.007783289494e-6
1202.0 1.005337070405563e-6
1203.0 1.0029070037291538e-6
1204.0 1.0004930176740008e-6
1205.0 9.980950406248528e-7
1206.0 9.957130011620223e-7
1207.0 9.933468280780157e-7
1208.0 9.909964503975782e-7
1209.0 9.886617973931859e-7
1210.0 9.863427986006847e-7
1211.0 9.840393838392064e-7
1212.0 9.81751483224015e-7
1213.0 9.794790271821084e-7
1214.0 9.772219464690232e-7
1215.0 9.749801721813318e-7
1216.0 9.727536357712037e-7
1217.0 9.705422690618785e-7
1218.0 9.683460042579303e-7
1219.0 9.66164773960098e-7
1220.0 9.639985111778898e-7
1221.0 9.61847149341492e-7
1222.0 9.59710622312032e-7
1223.0 9.57588864395191e-7
1224.0 9.554818103511594e-7
1225.0 9.53389395404629e-7
1226.0 9.513115552562931e-7
1227.0 9.492482260919849e-7
1228.0 9.471993445931747e-7
1229.0 9.45164847944629e-7
1230.0 9.431446738451247e-7
1231.0 9.41138760514934e-7
1232.0 9.391470467038685e-7
1233.0 9.371694716998024e-7
1234.0 9.352059753361367e-7
1235.0 9.332564979993318e-7
1236.0 9.313209806343331e-7
1237.0 9.29399364752671e-7
1238.0 9.274915924379841e-7
1239.0 9.255976063516809e-7
1240.0 9.237173497400781e-7
1241.0 9.218507664360712e-7
1242.0 9.19997800867855e-7
1243.0 9.181583980607477e-7
1244.0 9.163325036427056e-7
1245.0 9.145200638477684e-7
1246.0 9.127210255180414e-7
1247.0 9.109353361102389e-7
1248.0 9.091629436935204e-7
1249.0 9.074037969563292e-7
1250.0 9.056578452052524e-7
1251.0 9.039250383675918e-7
1252.0 9.022053269930176e-7
1253.0 9.004986622531175e-7
1254.0 8.988049959423898e-7
1255.0 8.971242804782269e-7
1256.0 8.954564689000008e-7
1257.0 8.938015148679051e-7
1258.0 8.921593726622657e-7
1259.0 8.905299971812021e-7
1260.0 8.889133439378371e-7
1261.0 8.873093690579955e-7
1262.0 8.857180292772717e-7
1263.0 8.841392819367601e-7
1264.0 8.825730849785746e-7
1265.0 8.810193969409972e-7
1266.0 8.794781769542741e-7
1267.0 8.779493847332625e-7
1268.0 8.764329805721087e-7
1269.0 8.749289253368389e-7
1270.0 8.734371804580184e-7
1271.0 8.719577079226311e-7
1272.0 8.704904702651576e-7
1273.0 8.690354305594292e-7
1274.0 8.675925524070307e-7
1275.0 8.661617999282823e-7
1276.0 8.647431377505808e-7
1277.0 8.633365309973604e-7
1278.0 8.619419452741119e-7
1279.0 8.605593466578004e-7
1280.0 8.591887016804803e-7
1281.0 8.578299773179141e-7
1282.0 8.564831409721287e-7
1283.0 8.551481604574882e-7
1284.0 8.538250039827387e-7
1285.0 8.525136401363437e-7
1286.0 8.512140378662082e-7
1287.0 8.499261664626383e-7
1288.0 8.486499955395752e-7
1289.0 8.473854950137244e-7
1290.0 8.461326350850891e-7
1291.0 8.448913862149067e-7
1292.0 8.436617191039469e-7
1293.0 8.424436046707997e-7
1294.0 8.412370140274825e-7
1295.0 8.400419184552879e-7
1296.0 8.38858289382041e-7
1297.0 8.376860983535916e-7
1298.0 8.365253170110503e-7
1299.0 8.353759170615789e-7
1300.0 8.342378702524415e-7
1301.0 8.331111483425536e-7
1302.0 8.319957230738836e-7
1303.0 8.308915661421416e-7
1304.0 8.297986491673378e-7
1305.0 8.287169436628651e-7
1306.0000000000002 8.276464210050057e-7
1307.0 8.265870524010317e-7
1308.0 8.255388088573987e-7
1308.9999999999998 8.245016611477386e-7
1310.0 8.234755797789743e-7
1311.0 8.224605349589069e-7
1312.0 8.214564965617832e-7
1313.0 8.204634340942669e-7
1314.0 8.194813166616827e-7
1315.0 8.185101129326291e-7
1316.0 8.175497911039107e-7
1317.0000000000002 8.166003188656323e-7
1318.0 8.156616633659553e-7
1319.0 8.147337911755187e-7
1319.9999999999998 8.138166682514493e-7
1321.0 8.129102599020527e-7
1322.0 8.120145307514873e-7
1323.0 8.111294447034093e-7
1324.0 8.102549649064788e-7
1325.0 8.093910537183572e-7
1326.0 8.085376726706029e-7
1327.0 8.076947824346942e-7
1328.0000000000002 8.068623427865703e-7
1329.0 8.060403125724872e-7
1330.0 8.05228649676482e-7
1330.9999999999998 8.044273109858968e-7
1332.0 8.036362523589579e-7
1333.0 8.028554285933492e-7
1334.0 8.020847933940778e-7
1335.0 8.01324299343279e-7
1336.0 8.005738978701064e-7
1337.0 7.998335392213216e-7
1338.0 7.991031724335066e-7
1339.0000000000002 7.983827453059402e-7
1340.0 7.976722043736132e-7
1341.0 7.969714948827978e-7
1341.9999999999998 7.962805607668029e-7
1343.0 7.955993446220188e-7
1344.0 7.949277876879974e-7
1345.0 7.942658298254639e-7
1346.0 7.936134094974874e-7
1347.0 7.929704637524147e-7
1348.0 7.923369282064019e-7
1349.0 7.917127370291531e-7
1350.0000000000002 7.910978229301369e-7
1351.0 7.904921171464775e-7
1352.0 7.898955494329523e-7
1352.9999999999998 7.89308048052763e-7
1354.0 7.887295397703401e-7
1355.0 7.881599498457683e-7
1356.0 7.875992020309211e-7
1357.0 7.870472185673705e-7
1358.0 7.865039201852956e-7
1359.0 7.859692261049202e-7
1360.0 7.854430540395964e-7
1361.0000000000002 7.849253202001621e-7
1362.0 7.844159393012786e-7
1363.0 7.839148245694646e-7
1363.9999999999998 7.834218877530128e-7
1365.0 7.829370391336803e-7
1366.0 7.824601875396253e-7
1366.9999999999998 7.819912403602663e-7
1368.0 7.815301035634396e-7
1369.0 7.810766817132302e-7
1370.0 7.806308779903396e-7
1371.0 7.801925942133009e-7
1372.0000000000002 7.797617308617341e-7
1373.0 7.793381871011458e-7
1374.0 7.789218608095096e-7
1374.9999999999998 7.785126486044105e-7
1376.0 7.781104458724635e-7
1377.0 7.777151468003962e-7
1377.9999999999998 7.77326644406453e-7
1379.0 7.769448305738759e-7
1380.0 7.765695960854783e-7
1381.0 7.762008306594342e-7
1382.0 7.758384229864718e-7
1383.0000000000002 7.754822607671693e-7
1384.0 7.751322307521324e-7
1385.0 7.747882187808386e-7
1385.9999999999998 7.744501098240791e-7
1387.0 7.741177880245647e-7
1388.0 7.737911367403841e-7
1388.9999999999998 7.734700385885228e-7
1390.0 7.731543754884729e-7
1391.0 7.728440287077172e-7
1392.0 7.72538878906391e-7
1393.0 7.722388061838133e-7
1394.0000000000002 7.719436901244287e-7
1395.0 7.716534098443783e-7
1396.0 7.713678440390257e-7
1396.9999999999998 7.710868710295085e-7
1398.0 7.7081036881088e-7
1399.0 7.705382150993211e-7
1399.9999999999998 7.702702873796705e-7
1401.0 7.700064629535329e-7
1402.0 7.697466189867456e-7
1403.0 7.694906325566752e-7
1404.0 7.692383806999193e-7
1405.0000000000002 7.689897404595124e-7
1406.0 7.687445889316042e-7
1407.0 7.685028033123857e-7
1407.9999999999998 7.68264260944111e-7
1409.0 7.680288393612284e-7
1410.0 7.677964163355243e-7
1410.9999999999998 7.675668699214738e-7
1412.0 7.673400785001852e-7
1413.0 7.671159208235496e-7
1414.0 7.668942760575182e-7
1415.0 7.666750238244014e-7
1416.0000000000002 7.664580442451417e-7
1417.0 7.662432179801375e-7
1418.0 7.660304262701754e-7
1419.0000000000002 7.658195509756902e-7
1420.0 7.656104746159156e-7
1421.0 7.654030804069994e-7
1421.9999999999998 7.651972522989854e-7
1423.0 7.649928750126528e-7
1424.0 7.647898340743852e-7
1425.0 7.645880158514923e-7
1426.0 7.643873075853831e-7
1427.0000000000002 7.641875974246308e-7
1428.0 7.639887744565018e-7
1429.0 7.637907287382738e-7
1430.0000000000002 7.635933513267797e-7
1431.0 7.633965343074163e-7
1432.0 7.63200170822475e-7
1432.9999999999998 7.630041550977284e-7
1434.0 7.628083824687661e-7
1435.0 7.62612749406057e-7
1436.0 7.624171535386735e-7
1437.0 7.622214936779036e-7
1438.0000000000002 7.620256698390591e-7
1439.0 7.618295832628602e-7
1440.0 7.616331364353345e-7
1441.0000000000002 7.614362331074708e-7
1442.0 7.612387783130524e-7
1443.0 7.61040678386316e-7
1443.9999999999998 7.608418409782636e-7
1445.0 7.606421750720091e-7
1446.0 7.604415909974956e-7
1447.0 7.602400004450071e-7
1448.0 7.600373164779309e-7
1449.0000000000002 7.598334535446822e-7
1450.0 7.596283274895004e-7
1451.0 7.594218555627637e-7
1452.0000000000002 7.592139564300309e-7
1453.0 7.590045501806073e-7
1454.0 7.58793558335316e-7
1454.9999999999998 7.585809038525854e-7
1456.0 7.58366511135453e-7
1457.0 7.581503060360133e-7
1458.0 7.579322158600992e-7
1459.0 7.577121693711841e-7
1460.0 7.57490096793005e-7
1461.0 7.572659298123021e-7
1462.0 7.570396015796738e-7
1463.0000000000002 7.568110467111058e-7
1464.0 7.565802012879441e-7
1465.0 7.563470028563058e-7
1465.9999999999998 7.561113904263293e-7
1467.0 7.558733044700309e-7
1468.0 7.556326869193305e-7
1469.0 7.553894811629785e-7
1470.0 7.551436320433052e-7
1471.0 7.548950858517007e-7
1472.0 7.546437903248375e-7
1473.0 7.54389694638723e-7
1474.0000000000002 7.541327494035989e-7
1475.0 7.538729066577593e-7
1476.0 7.536101198609468e-7
1476.9999999999998 7.533443438871568e-7
1478.0 7.530755350173261e-7
1479.0 7.528036509314925e-7
1480.0 7.52528650699965e-7
1481.0 7.522504947751645e-7
1482.0 7.519691449821379e-7
1483.0 7.516845645089583e-7
1484.0 7.51396717897168e-7
1485.0000000000002 7.511055710312014e-7
1486.0 7.50811091127894e-7
1487.0 7.505132467257172e-7
1487.9999999999998 7.502120076734004e-7
1489.0 7.499073451185613e-7
1490.0 7.495992314957152e-7
1491.0 7.492876405143631e-7
1492.0 7.489725471466084e-7
1493.0 7.486539276146668e-7
1494.0 7.483317593776823e-7
1495.0 7.480060211192821e-7
1496.0000000000002 7.47676692733781e-7
1497.0 7.473437553130174e-7
1498.0 7.470071911325824e-7
1498.9999999999998 7.466669836379923e-7
1500.0 7.463231174305643e-7
1501.0 7.45975578253607e-7
1502.0 7.456243529777102e-7
1503.0 7.452694295864922e-7
1504.0 7.449107971617874e-7
1505.0 7.445484458692588e-7
1506.0 7.441823669431732e-7
1507.0000000000002 7.438125526719235e-7
1508.0 7.434389963824989e-7
1509.0 7.430616924256759e-7
1509.9999999999998 7.426806361607746e-7
1511.0 7.422958239403732e-7
1512.0 7.419072530947893e-7
1513.0 7.415149219170125e-7
1514.0 7.411188296471546e-7
1515.0 7.407189764565914e-7
1516.0 7.403153634331167e-7
1517.0 7.399079925650302e-7
1518.0000000000002 7.394968667254904e-7
1519.0 7.390819896571122e-7
1520.0 7.386633659564197e-7
1520.9999999999998 7.38241001058402e-7
1522.0 7.378149012203799e-7
1523.0 7.373850735071598e-7
1524.0 7.369515257751723e-7
1525.0 7.365142666569391e-7
1526.0 7.360733055457474e-7
1527.0 7.356286525800635e-7
1528.0 7.351803186281034e-7
1529.0000000000002 7.347283152729037e-7
1530.0 7.342726547965005e-7
1531.0 7.338133501651142e-7
1531.9999999999998 7.333504150134329e-7
1533.0 7.328838636302434e-7
1534.0 7.324137109427075e-7
1535.0 7.319399725020499e-7
1536.0 7.314626644680549e-7
1537.0 7.309818035945494e-7
1538.0 7.30497407214964e-7
1539.0 7.300094932270709e-7
1540.0000000000002 7.295180800792522e-7
1541.0 7.290231867554367e-7
1542.0 7.285248327609915e-7
1542.9999999999998 7.280230381086148e-7
1544.0 7.275178233042696e-7
1545.0 7.270092093326417e-7
1546.0 7.264972176442377e-7
1547.0 7.259818701407157e-7
1548.0 7.254631891616954e-7
1549.0 7.249411974712946e-7
1550.0 7.244159182444188e-7
1551.0000000000002 7.238873750537359e-7
1552.0 7.233555918565622e-7
1553.0 7.22820592981729e-7
1553.9999999999998 7.222824031167633e-7
1555.0 7.217410472951971e-7
1556.0 7.211965508841733e-7
1557.0 7.20648939571451e-7
1558.0 7.200982393537144e-7
1559.0 7.195444765239842e-7
1560.0 7.189876776597831e-7
1561.0 7.184278696115974e-7
1562.0000000000002 7.178650794901293e-7
1563.0 7.172993346561484e-7
1564.0 7.167306627077188e-7
1564.9999999999998 7.161590914700805e-7
1566.0 7.155846489835391e-7
1567.0 7.150073634934174e-7
1568.0 7.144272634385496e-7
1569.0 7.138443774410351e-7
1570.0 7.132587342953445e-7
1571.0 7.126703629587872e-7
1572.0 7.120792925403266e-7
1573.0000000000002 7.11485552291131e-7
1574.0 7.108891715948552e-7
1575.0 7.102901799574683e-7
1575.9999999999998 7.096886069981044e-7
1577.0 7.090844824394006e-7
1578.0 7.084778360984523e-7
1579.0 7.07868697877887e-7
1580.0 7.072570977563192e-7
1581.0 7.066430657804985e-7
1582.0 7.06026632056179e-7
1583.0 7.054078267395693e-7
1584.0000000000002 7.047866800296031e-7
1585.0 7.041632221592947e-7
1586.0 7.035374833880636e-7
1586.9999999999998 7.029094939940014e-7
1588.0 7.022792842658604e-7
1589.0 7.016468844960067e-7
1590.0 7.010123249728808e-7
1591.0 7.003756359739646e-7
1592.0 6.99736847758355e-7
1593.0 6.990959905605946e-7
1594.0 6.984530945832502e-7
1595.0000000000002 6.978081899908667e-7
1596.0 6.971613069033438e-7
1597.0 6.96512475389622e-7
1597.9999999999998 6.958617254618317e-7
1599.0 6.952090870689927e-7
1600.0 6.945545900914911e-7
1601.0 6.938982643353344e-7
1602.0 6.932401395265064e-7
1603.0 6.925802453057024e-7
1604.0 6.919186112231347e-7
1605.0 6.912552667335289e-7
1606.0000000000002 6.905902411907623e-7
1607.0 6.899235638435213e-7
1608.0 6.892552638303624e-7
1608.9999999999998 6.88585370175344e-7
1610.0 6.879139117834278e-7
1611.0 6.872409174363586e-7
1612.0 6.86566415788587e-7
1613.0 6.858904353630131e-7
1614.0 6.85213004547279e-7
1615.0 6.845341515902437e-7
1616.0 6.83853904597818e-7
1617.0000000000002 6.83172291529921e-7
1618.0 6.824893401969378e-7
1619.0 6.818050782566901e-7
1619.9999999999998 6.811195332107115e-7
1621.0 6.804327324021431e-7
1622.0 6.797447030116824e-7
1622.9999999999998 6.790554720560457e-7
1624.0 6.78365066384544e-7
1625.0 6.776735126765366e-7
1626.0 6.769808374391015e-7
1627.0 6.762870670050909e-7
1628.0000000000002 6.755922275302763e-7
1629.0 6.748963449914124e-7
1630.0 6.741994451845717e-7
1630.9999999999998 6.735015537228257e-7
1632.0 6.728026960345547e-7
1633.0 6.721028973616762e-7
1633.9999999999998 6.714021827581055e-7
1635.0 6.707005770882604e-7
1636.0 6.699981050254552e-7
1637.0 6.692947910509039e-7
1638.0 6.685906594518874e-7
1639.0000000000002 6.678857343212115e-7
1640.0 6.671800395555601e-7
1641.0 6.664735988550076e-7
1641.9999999999998 6.657664357217593e-7
1643.0 6.650585734594808e-7
1644.0 6.643500351724954e-7
1644.9999999999998 6.636408437650449e-7
1646.0 6.629310219408745e-7
1647.0 6.622205922025722e-7
1648.0 6.615095768508954e-7
1649.0 6.607979979850365e-7
1650.0000000000002 6.600858775016077e-7
1651.0 6.593732370947192e-7
1652.0 6.586600982557831e-7
1652.9999999999998 6.579464822734198e-7
1654.0 6.572324102335435e-7
1655.0 6.565179030187432e-7
1655.9999999999998 6.558029813093057e-7
1657.0 6.550876655823042e-7
1658.0 6.543719761128106e-7
1659.0 6.536559329733628e-7
1660.0 6.529395560345894e-7
1661.0000000000002 6.52222864965374e-7
1662.0 6.515058792334905e-7
1663.0 6.50788618105766e-7
1664.0000000000002 6.500711006489309e-7
1665.0 6.493533457294796e-7
1666.0 6.4863537201534e-7
1666.9999999999998 6.479171979750949e-7
1668.0 6.471988418799129e-7
1669.0 6.46480321803349e-7
1670.0 6.457616556227243e-7
1671.0 6.450428610194914e-7
1672.0000000000002 6.443239554800586e-7
1673.0 6.436049562967783e-7
1674.0 6.428858805689331e-7
1675.0000000000002 6.421667452031955e-7
1676.0 6.414475669150567e-7
1677.0 6.407283622296611e-7
1677.9999999999998 6.400091474823258e-7
1679.0 6.392899388203736e-7
1680.0 6.385707522034644e-7
1681.0 6.378516034052017e-7
1682.0 6.371325080137065e-7
1683.0000000000002 6.364134814331789e-7
1684.0 6.356945388846849e-7
1685.0 6.349756954077075e-7
1686.0000000000002 6.342569658608458e-7
1687.0 6.335383649233529e-7
1688.0 6.328199070962005e-7
1688.9999999999998 6.321016067033312e-7
1690.0 6.313834778929443e-7
1691.0 6.306655346385155e-7
1692.0 6.299477907402846e-7
1693.0 6.292302598266231e-7
1694.0000000000002 6.285129553549606e-7
1695.0 6.277958906134762e-7
1696.0 6.270790787219961e-7
1697.0000000000002 6.263625326335437e-7
1698.0 6.256462651357256e-7
1699.0 6.249302888519812e-7
1699.9999999999998 6.242146162426777e-7
1701.0 6.234992596067435e-7
1702.0 6.227842310829282e-7
1703.0 6.220695426513442e-7
1704.0 6.213552061340663e-7
1705.0000000000002 6.206412331975597e-7
1706.0 6.199276353529891e-7
1707.0 6.192144239584203e-7
1708.0000000000002 6.185016102196493e-7
1709.0 6.177892051915378e-7
1710.0 6.170772197799103e-7
1710.9999999999998 6.1636566474217e-7
1712.0 6.156545506891373e-7
1713.0 6.149438880862636e-7
1714.0 6.142336872547882e-7
1715.0 6.135239583734503e-7
1716.0 6.128147114794911e-7
1717.0 6.12105956470094e-7
1718.0 6.11397703103675e-7
1719.0000000000002 6.106899610012769e-7
1720.0 6.099827396479721e-7
1721.0 6.092760483938202e-7
1721.9999999999998 6.085698964554713e-7
1723.0 6.078642929173723e-7
1724.0 6.071592467330876e-7
1725.0 6.06454766726561e-7
1726.0 6.057508615932667e-7
1727.0 6.05047539901564e-7
1728.0 6.04344810094209e-7
1729.0 6.036426804891557e-7
1730.0000000000002 6.029411592809101e-7
1731.0 6.022402545421234e-7
1732.0 6.015399742243336e-7
1732.9999999999998 6.008403261594124e-7
1734.0 6.00141318060972e-7
1735.0 5.994429575250277e-7
1736.0 5.987452520315855e-7
1737.0 5.980482089458349e-7
1738.0 5.973518355190977e-7
1739.0 5.966561388899756e-7
1740.0 5.959611260857997e-7
1741.0000000000002 5.952668040235723e-7
1742.0 5.945731795109021e-7
1743.0 5.938802592473851e-7
1743.9999999999998 5.931880498257842e-7
1745.0 5.924965577327049e-7
1746.0 5.918057893502302e-7
1747.0 5.911157509564024e-7
1748.0 5.904264487268443e-7
1749.0 5.89737888735431e-7
1750.0 5.890500769554e-7
1751.0 5.883630192605427e-7
1752.0000000000002 5.876767214262882e-7
1753.0 5.869911891301023e-7
1754.0 5.863064279534299e-7
1754.9999999999998 5.856224433816419e-7
1756.0 5.849392408061549e-7
1757.0 5.842568255244202e-7
1758.0 5.835752027412465e-7
1759.0 5.828943775700378e-7
1760.0 5.822143550332088e-7
1761.0 5.815351400635836e-7
1762.0 5.808567375047504e-7
1763.0000000000002 5.801791521127767e-7
1764.0 5.795023885563425e-7
1765.0 5.788264514178515e-7
1765.9999999999998 5.781513451948145e-7
1767.0 5.774770742997699e-7
1768.0 5.768036430621543e-7
1769.0 5.761310557282036e-7
1770.0 5.75459316462656e-7
1771.0 5.747884293490137e-7
1772.0 5.741183983903667e-7
1773.0 5.734492275107746e-7
1774.0000000000002 5.727809205553745e-7
1775.0 5.721134812916278e-7
1776.0 5.714469134096812e-7
1776.9999999999998 5.70781220523839e-7
1778.0 5.701164061726804e-7
1779.0 5.694524738199297e-7
1780.0 5.687894268557036e-7
1781.0 5.681272685965882e-7
1782.0 5.674660022868771e-7
1783.0 5.668056310988129e-7
1784.0 5.661461581340015e-7
1785.0000000000002 5.654875864235112e-7
1786.0 5.64829918928669e-7
1787.0 5.641731585422891e-7
1787.9999999999998 5.635173080885624e-7
1789.0 5.628623703244927e-7
1790.0 5.622083479398357e-7
1791.0 5.615552435586391e-7
1792.0 5.60903059739155e-7
1793.0 5.602517989747278e-7
1794.0 5.596014636948276e-7
1795.0 5.589520562650055e-7
1796.0000000000002 5.58303578988299e-7
1797.0 5.576560341050259e-7
1798.0 5.570094237942749e-7
1798.9999999999998 5.563637501739455e-7
1800.0 5.557190153014145e-7
1801.0 5.550752211745741e-7
1802.0 5.544323697318547e-7
1803.0 5.537904628533984e-7
1804.0 5.531495023610669e-7
1805.0 5.525094900194879e-7
1806.0 5.518704275364825e-7
1807.0000000000002 5.512323165636502e-7
1808.0 5.505951586970973e-7
1809.0 5.499589554775447e-7
1809.9999999999998 5.493237083915913e-7
1811.0 5.486894188715437e-7
1812.0 5.48056088296552e-7
1813.0 5.474237179928896e-7
1814.0 5.467923092346337e-7
1815.0 5.461618632440594e-7
1816.0 5.455323811921696e-7
1817.0 5.449038641995844e-7
1818.0000000000002 5.442763133367258e-7
1819.0 5.436497296242951e-7
1820.0 5.430241140340569e-7
1820.9999999999998 5.42399467489419e-7
1822.0 5.417757908655436e-7
1823.0 5.411530849901782e-7
1824.0 5.405313506442356e-7
1825.0 5.39910588562105e-7
1826.0 5.392907994321888e-7
1827.0 5.386719838974908e-7
1828.0 5.380541425562061e-7
1829.0000000000002 5.374372759618214e-7
1830.0 5.368213846241038e-7
1831.0 5.36206469009378e-7
1831.9999999999998 5.355925295408546e-7
1833.0 5.349795665995396e-7
1834.0 5.34367580524284e-7
1835.0 5.337565716123854e-7
1836.0 5.331465401203131e-7
1837.0 5.325374862639078e-7
1838.0 5.319294102189976e-7
1839.0 5.313223121217786e-7
1840.0000000000002 5.307161920693576e-7
1841.0 5.301110501201721e-7
1842.0 5.295068862945752e-7
1842.9999999999998 5.289037005750876e-7
1844.0 5.283014929070875e-7
1845.0 5.277002631990778e-7
1846.0 5.271000113233508e-7
1847.0 5.265007371162116e-7
1848.0 5.259024403785402e-7
1849.0 5.25305120876405e-7
1850.0 5.247087783412092e-7
1851.0000000000002 5.241134124702022e-7
1852.0 5.23519022927368e-7
1853.0 5.229256093430234e-7
1853.9999999999998 5.22333171315272e-7
1855.0 5.217417084093779e-7
1856.0 5.211512201592088e-7
1857.0 5.205617060668631e-7
1858.0 5.199731656037911e-7
1859.0 5.19385598210534e-7
1860.0 5.187990032978085e-7
1861.0 5.182133802464246e-7
1862.0000000000002 5.17628728407974e-7
1863.0 5.17045047105336e-7
1864.0 5.16462335632794e-7
1864.9999999999998 5.15880593256707e-7
1866.0 5.152998192158503e-7
1867.0 5.147200127217934e-7
1868.0 5.141411729594942e-7
1869.0 5.135632990874879e-7
1870.0 5.129863902382862e-7
1871.0 5.124104455190512e-7
1872.0 5.118354640118574e-7
1873.0000000000002 5.112614447738663e-7
1874.0 5.106883868381838e-7
1875.0 5.101162892139925e-7
1875.9999999999998 5.095451508867937e-7
1877.0 5.089749708192839e-7
1878.0 5.084057479512661e-7
1878.9999999999998 5.078374812003339e-7
1880.0 5.072701694622492e-7
1881.0 5.067038116109785e-7
1882.0 5.061384064998097e-7
1883.0 5.055739529608431e-7
1884.0000000000002 5.050104498061921e-7
1885.0 5.044478958278305e-7
1886.0 5.038862897980861e-7
1886.9999999999998 5.033256304702629e-7
1888.0 5.02765916578807e-7
1889.0 5.022071468395723e-7
1889.9999999999998 5.016493199505146e-7
1891.0 5.010924345916776e-7
1892.0 5.005364894259651e-7
1893.0 4.999814830992358e-7
1894.0 4.994274142407577e-7
1895.0000000000002 4.988742814634893e-7
1896.0 4.983220833646033e-7
1897.0 4.977708185256449e-7
1897.9999999999998 4.972204855131418e-7
1899.0 4.966710828786017e-7
1900.0 4.961226091592463e-7
1900.9999999999998 4.955750628781875e-7
1902.0 4.950284425445156e-7
1903.0 4.944827466542633e-7
1904.0 4.939379736901701e-7
1905.0 4.933941221222083e-7
1906.0000000000002 4.92851190408054e-7
1907.0 4.923091769931816e-7
1908.0 4.917680803115021e-7
1908.9999999999998 4.912278987854462e-7
1910.0 4.906886308262838e-7
1911.0 4.901502748347026e-7
1911.9999999999998 4.89612829200717e-7
1913.0 4.890762923044091e-7
1914.0 4.885406625161058e-7
1915.0 4.88005938196552e-7
1916.0 4.874721176972723e-7
1917.0000000000002 4.86939199361059e-7
1918.0 4.864071815221282e-7
1919.0 4.858760625064003e-7
1919.9999999999998 4.853458406319318e-7
1921.0 4.848165142089813e-7
1922.0 4.842880815406909e-7
1922.9999999999998 4.83760540922928e-7
1924.0 4.832338906449407e-7
1925.0 4.827081289893497e-7
1926.0 4.821832542328607e-7
1927.0 4.816592646460088e-7
1928.0000000000002 4.811361584937551e-7
1929.0 4.806139340358022e-7
1930.0 4.800925895266658e-7
1931.0000000000002 4.795721232162718e-7
1932.0 4.790525333496888e-7
1933.0 4.785338181679565e-7
1933.9999999999998 4.780159759080092e-7
1935.0 4.774990048030862e-7
1936.0 4.769829030829566e-7
1937.0 4.7646766897396855e-7
1938.0 4.7595330069977524e-7
1939.0000000000002 4.7543979648115487e-7
1940.0 4.7492715453632896e-7
1941.0 4.744153730813585e-7
1942.0000000000002 4.73904450330244e-7
1943.0 4.733943844952712e-7
1944.0 4.728851737872589e-7
1944.9999999999998 4.7237681641553556e-7
1946.0 4.718693105885064e-7
1947.0 4.7136265451365385e-7
1948.0 4.7085684639777357e-7
1949.0 4.703518844474001e-7
1950.0000000000002 4.698477668687468e-7
1951.0 4.693444918681519e-7
1952.0 4.6884205765209245e-7
1953.0000000000002 4.6834046242753946e-7
1954.0 4.6783970440196327e-7
1955.0 4.6733978178393953e-7
1955.9999999999998 4.668406927828793e-7
1957.0 4.6634243560939004e-7
1958.0 4.6584500847568084e-7
1959.0 4.653484095954583e-7
1960.0 4.6485263718428993e-7
1961.0000000000002 4.6435768945958943e-7
1962.0 4.6386356464111155e-7
1963.0 4.633702609509476e-7
1964.0000000000002 4.628777766134408e-7
1965.0 4.623861098559458e-7
1966.0 4.6189525890851375e-7
1966.9999999999998 4.614052220042423e-7
1968.0 4.609159973793519e-7
1969.0 4.604275832734961e-7
1970.0 4.599399779297234e-7
1971.0 4.594531795948203e-7
1972.0 4.5896718651940266e-7
1973.0 4.58481996957893e-7
1974.0 4.579976091689427e-7
1975.0000000000002 4.5751402141535775e-7
1976.0 4.570312319642627e-7
1977.0 4.5654923908744063e-7
1977.9999999999998 4.560680410612371e-7
1979.0 4.5558763616665185e-7
1980.0 4.5510802268989936e-7
1981.0 4.5462919892181245e-7
1982.0 4.541511631586755e-7
1983.0 4.5367391370193193e-7
1984.0 4.5319744885831756e-7
1985.0 4.527217669401952e-7
1986.0000000000002 4.5224686626545626e-7
1987.0 4.517727451576843e-7
1988.0 4.5129940194633e-7
1988.9999999999998 4.508268349667489e-7
1990.0 4.503550425602294e-7
1991.0 4.4988402307426995e-7
1992.0 4.4941377486259536e-7
1993.0 4.489442962850539e-7
1994.0 4.4847558570803063e-7
1995.0 4.480076415043031e-7
1996.0 4.475404620533456e-7
1997.0000000000002 4.4707404574100226e-7
1998.0 4.4660839096007324e-7
1999.0 4.4614349611004734e-7
1999.9999999999998 4.456793595972026e-7
