0.0 1.4287449786009465e-5
1.0 1.4287486886107202e-5
2.0 1.4287598188574233e-5
3.0 1.4287783699924335e-5
4.0 1.4288043431005026e-5
5.0 1.4288377397019922e-5
6.0 1.4288785617520483e-5
7.0 1.4289268116405727e-5
8.0 1.428982492194472e-5
9.0 1.4290456066758407e-5
10.0 1.429116158786657e-5
10.999999999999998 1.4291941526651886e-5
12.0 1.4292795928906145e-5
13.000000000000002 1.4293724844838977e-5
14.0 1.4294728329051086e-5
14.999999999999998 1.4295806440597157e-5
16.0 1.429695924297847e-5
17.0 1.4298186804171083e-5
18.0 1.429948919660839e-5
19.0 1.4300866497264787e-5
20.0 1.4302318787597998e-5
21.0 1.4303846153631608e-5
21.999999999999996 1.4305448685955343e-5
23.0 1.4307126479734006e-5
24.0 1.430887963475845e-5
25.0 1.4310708255453287e-5
26.000000000000004 1.431261245092112e-5
27.0 1.431459233493289e-5
28.0 1.4316648026025334e-5
29.0 1.4318779647455234e-5
29.999999999999996 1.432098732729096e-5
31.0 1.4323271198421665e-5
32.0 1.4325631398598897e-5
33.0 1.4328068070454361e-5
34.0 1.4330581361566321e-5
35.0 1.4333171424501811e-5
36.0 1.433583841679384e-5
37.0 1.4338582501092892e-5
38.0 1.4341403845127245e-5
39.0 1.4344302621757572e-5
40.0 1.43472790090604e-5
41.0 1.4350333190347023e-5
42.0 1.4353465354240146e-5
43.0 1.4356675694688995e-5
43.99999999999999 1.4359964411050923e-5
45.0 1.4363331708159507e-5
46.0 1.4366777796328156e-5
47.0 1.4370302891489344e-5
48.0 1.4373907215168284e-5
49.0 1.4377590994622343e-5
50.0 1.4381354462861339e-5
51.0 1.4385197858722728e-5
52.00000000000001 1.4389121426960765e-5
53.0 1.4393125418291584e-5
54.0 1.4397210089474156e-5
55.0 1.4401375703416362e-5
56.0 1.4405622529180856e-5
57.0 1.4409950842151833e-5
58.0 1.4414360924063934e-5
59.0 1.441885306308639e-5
59.99999999999999 1.4423427553959483e-5
61.0 1.4428084698022267e-5
62.0 1.4432824803329272e-5
63.0 1.4437648184760132e-5
64.0 1.4442555164127167e-5
65.0 1.4447546070218858e-5
66.0 1.445262123895563e-5
67.0 1.4457781013502065e-5
68.0 1.4463025744326088e-5
69.0 1.446835578937105e-5
70.0 1.447377151412239e-5
71.0 1.4479273291763053e-5
72.0 1.448486150327602e-5
73.0 1.4490536537579966e-5
74.0 1.4496298791650123e-5
75.0 1.4502148670657622e-5
76.0 1.4508086588139078e-5
77.0 1.4514112966055071e-5
78.0 1.4520228235014613e-5
79.0 1.4526432834416318e-5
80.0 1.4532727212544634e-5
81.0 1.4539111826800105e-5
82.0 1.4545587143810363e-5
83.00000000000001 1.4552153639629604e-5
84.0 1.4558811799891075e-5
85.0 1.4565562119994798e-5
86.0 1.4572405105279292e-5
87.0 1.4579341271239418e-5
87.99999999999999 1.4586371143680202e-5
89.0 1.4593495258929249e-5
90.0 1.4600714164070094e-5
91.0 1.4608028417103633e-5
92.0 1.4615438587201303e-5
92.99999999999999 1.4622945254920495e-5
94.0 1.4630549012430358e-5
95.0 1.4638250463751267e-5
96.0 1.464605022499919e-5
97.0 1.4653948924621785e-5
98.0 1.466194720368648e-5
99.00000000000001 1.4670045716136621e-5
100.0 1.46782451290401e-5
101.0 1.4686546122920921e-5
102.0 1.4694949392003424e-5
103.0 1.4703455644528028e-5
104.00000000000001 1.471206560308578e-5
105.0 1.472078000492043e-5
106.0 1.4729599602221256e-5
107.0 1.473852516254882e-5
108.0 1.4747557469083304e-5
108.99999999999999 1.475669732107189e-5
110.0 1.4765945534149629e-5
111.0 1.477530294073732e-5
112.0 1.4784770390449338e-5
113.0 1.4794348750501743e-5
114.0 1.4804038906103244e-5
115.00000000000001 1.4813841760944414e-5
116.0 1.4823758237601641e-5
117.0 1.483378927803683e-5
118.0 1.4843935844038888e-5
119.0 1.4854198917763072e-5
119.99999999999999 1.4864579502239742e-5
121.0 1.4875078621847013e-5
122.0 1.4885697322937819e-5
123.0 1.4896436674354094e-5
124.0 1.4907297768038908e-5
124.99999999999999 1.4918281719633026e-5
126.0 1.4929389669093995e-5
127.0 1.494062278134466e-5
128.0 1.4951982246974088e-5
129.0 1.4963469282898156e-5
130.0 1.4975085133072536e-5
131.0 1.4986831069282514e-5
132.0 1.4998708391877665e-5
133.0 1.5010718430550463e-5
134.0 1.5022862545242807e-5
135.0 1.503514212689952e-5
136.0 1.5047558598443053e-5
137.0 1.5060113415657303e-5
138.0 1.5072808068129763e-5
139.0 1.5085644080265678e-5
140.0 1.5098623012304788e-5
141.0 1.5111746461428173e-5
142.0 1.5125016062769758e-5
143.0 1.5138433490681364e-5
144.0 1.5152000459825273e-5
145.0 1.516571872648617e-5
146.0 1.5179590089827265e-5
147.0 1.51936163932313e-5
148.0 1.5207799525700729e-5
149.0 1.5222141423294026e-5
150.0 1.5236644070636227e-5
151.0 1.525130950246956e-5
152.0 1.5266139805323953e-5
153.0 1.528113711918287e-5
154.0 1.529630363921891e-5
155.0 1.531164161771803e-5
156.0 1.5327153365907597e-5
157.0 1.5342841255988458e-5
158.0 1.5358707723228492e-5
159.0 1.5374755268143114e-5
160.0 1.539098645870885e-5
161.0 1.5407403932783235e-5
162.0 1.542401040050706e-5
163.0 1.5440808646973372e-5
164.0 1.545780153481847e-5
164.99999999999997 1.5474992007079296e-5
166.00000000000003 1.5492383090149226e-5
167.0 1.5509977896802678e-5
168.0 1.5527779629430966e-5
169.0 1.5545791583431786e-5
170.0 1.5564017150684124e-5
171.0 1.5582459823194123e-5
172.0 1.560112319710121e-5
173.0 1.56200109765301e-5
174.0 1.563912697798942e-5
174.99999999999997 1.5658475134713046e-5
175.99999999999997 1.56780595013571e-5
177.00000000000003 1.569788425892526e-5
178.0 1.571795371984646e-5
179.0 1.5738272333421314e-5
180.0 1.5758844691449034e-5
181.0 1.5779675534268057e-5
182.0 1.580076975691918e-5
183.0 1.5822132415864164e-5
184.0 1.584376873585166e-5
185.0 1.5865684117251822e-5
185.99999999999997 1.5887884143821706e-5
187.00000000000003 1.591037459076422e-5
188.0 1.5933161433373503e-5
189.0 1.5956250856064966e-5
190.0 1.5979649261909336e-5
191.0 1.6003363282818587e-5
192.0 1.6027399790129093e-5
193.0 1.6051765905973283e-5
194.0 1.607646901519729e-5
195.0 1.6101516778050003e-5
196.0 1.6126917143539643e-5
196.99999999999997 1.615267836376032e-5
198.00000000000003 1.6178809008888265e-5
199.0 1.620531798322466e-5
200.0 1.6232214542230938e-5
201.0 1.625950831056855e-5
202.0 1.6287209301379442e-5
203.0 1.63153279367285e-5
204.0 1.6343875069379916e-5
205.0 1.637286200608104e-5
206.0 1.640230053230074e-5
206.99999999999997 1.6432202938694954e-5
208.00000000000003 1.6462582049387386e-5
209.00000000000003 1.6493451252153363e-5
210.0 1.652482453068687e-5
211.0 1.6556716499322406e-5
212.0 1.6589142439986794e-5
213.0 1.662211834201768e-5
214.0 1.6655660944895066e-5
215.0 1.6689787784018895e-5
216.0 1.6724517240100412e-5
217.0 1.675986859224072e-5
217.99999999999997 1.6795862075092817e-5
219.00000000000003 1.683251894056494e-5
220.0 1.6869861524431202e-5
221.0 1.6907913318237712e-5
222.0 1.6946699047166422e-5
223.0 1.698624475426075e-5
224.0 1.7026577891893416e-5
225.0 1.7067727420734085e-5
226.0 1.7109723917640597e-5
227.0 1.7152599692657188e-5
228.0 1.7196388916648136e-5
228.99999999999997 1.7241127760375782e-5
230.00000000000003 1.728685454628765e-5
231.0 1.733360991439573e-5
232.0 1.7381437003874075e-5
233.0 1.7430381651989696e-5
234.0 1.7480492612263632e-5
235.0 1.7531821794308783e-5
236.0 1.7584424527488975e-5
237.0 1.7638359851506753e-5
238.0 1.7693690836807334e-5
238.99999999999997 1.775048493856892e-5
239.99999999999997 1.7808814388156832e-5
241.00000000000003 1.786875662706144e-5
242.0 1.7930394787782817e-5
243.0 1.799381822845613e-5
244.0 1.8059123127319522e-5
245.0 1.812641314526348e-5
246.0 1.8195800164639623e-5
247.0 1.8267405115037582e-5
248.0 1.8341358896740126e-5
249.0 1.841780341550385e-5
249.99999999999997 1.8496892743204e-5
251.00000000000003 1.8578794421326042e-5
252.0 1.866369092678206e-5
253.0 1.875178132227523e-5
254.0 1.8843283115864647e-5
255.0 1.8938434358933228e-5
256.0 1.903749601472718e-5
257.0 1.9140754634307374e-5
258.0 1.9248525381454246e-5
259.0 1.9361155453553723e-5
260.0 1.947902795036102e-5
261.0 1.9602566249965645e-5
262.0 1.9732238955583358e-5
263.0 1.9868565485186655e-5
264.0 2.001212238042628e-5
265.0 2.016355041888599e-5
266.0 2.032356261709259e-5
267.0 2.0492953216001757e-5
268.0 2.0672607743418197e-5
269.0 2.0863514245090107e-5
270.0 2.1066775775230064e-5
271.0 2.1283624227576556e-5
272.0 2.1515435579908954e-5
273.0 2.1763746611517065e-5
274.0 2.203027313883647e-5
275.0 2.2316929803886785e-5
276.0 2.262585144735642e-5
277.0 2.295941610995784e-5
278.0 2.3320269743913655e-5
279.0 2.371135279526239e-5
280.0 2.4135928945863143e-5
281.0 2.4597616507353295e-5
282.0 2.510042323326363e-5
283.0 2.564878568296979e-5
284.0 2.6247614716360325e-5
285.0 2.6902349217506686e-5
286.0 2.7619020693268856e-5
287.0 2.8404331958514707e-5
288.0 2.9265753619928894e-5
289.0 3.021164248274094e-5
290.0 3.1251386230194334e-5
291.0 3.2395578690121366e-5
292.0 3.365622953166316e-5
293.0 3.504701103825638e-5
294.0 3.658354211536277e-5
295.0 3.828370491133806e-5
296.0 4.0167980525196244e-5
297.0 4.225977404576986e-5
298.0 4.4585670174713393e-5
299.0 4.71755096565496e-5
300.0 5.0062088656619375e-5
301.0 5.328013474950821e-5
302.0 5.686397126921648e-5
303.0 6.084291000319264e-5
304.0 6.523289933588726e-5
305.0 7.002240661061111e-5
306.0 7.515037272346744e-5
307.0 8.047552899584424e-5
308.0 8.574168035656201e-5
309.0 9.055508227056436e-5
310.0 9.440505014789757e-5
311.0 9.676056289020392e-5
312.0 9.723664407693724e-5
313.0 9.575065695688139e-5
314.0 9.255907299228837e-5
315.0 8.81457336059309e-5
316.0 8.304637796617357e-5
317.0 7.771471870536738e-5
318.0 7.246936818538325e-5
319.0 6.750080222075207e-5
320.0 6.29032171739858e-5
321.0 5.870806683094743e-5
322.0 5.4910154345207325e-5
323.0 5.148515980541804e-5
324.0 4.840038515698943e-5
325.0 4.562089073457962e-5
326.0 4.3112754399185695e-5
327.0 4.0844631861827086e-5
328.0 3.878835890580277e-5
329.0 3.6919039125890316e-5
329.99999999999994 3.521487391646337e-5
331.0 3.365687891823613e-5
332.00000000000006 3.222856520737917e-5
333.0 3.091562571497723e-5
334.0 2.9705646142965116e-5
335.0 2.858784797103878e-5
336.0 2.7552865006451785e-5
337.0 2.6592551826716428e-5
338.0 2.569982109523896e-5
339.0 2.486850625267729e-5
340.0 2.4093246082189722e-5
340.99999999999994 2.3369387832797262e-5
342.0 2.2692905850895297e-5
343.00000000000006 2.2060332907563708e-5
344.0 2.1468701613507694e-5
345.0 2.091549344100889e-5
346.0 2.0398592962417333e-5
347.0 1.99162449665526e-5
348.0 1.946701219421977e-5
349.0 1.9049731604168645e-5
349.99999999999994 1.8663467415315255e-5
351.0 1.8307459768531094e-5
351.99999999999994 1.7981068755634954e-5
353.0 1.7683714769637117e-5
354.00000000000006 1.741481752434603e-5
355.0 1.7173737435558147e-5
356.0 1.6959724002774262e-5
357.0 1.67718760436743e-5
358.0 1.660911786631637e-5
359.0 1.6470193746716034e-5
360.0 1.6353680720404474e-5
360.99999999999994 1.6258017243143615e-5
362.0 1.618154331315599e-5
363.00000000000006 1.6122546605933892e-5
364.0 1.6079309178126653e-5
365.0 1.605015018839364e-5
366.0 1.6033461497621792e-5
367.0 1.6027734551452688e-5
368.0 1.6031578301690812e-5
369.0 1.604372891137728e-5
370.0 1.6063052573191414e-5
371.0 1.6088543002299533e-5
371.99999999999994 1.611931514001101e-5
373.0 1.615459642394867e-5
374.00000000000006 1.6193716728085358e-5
375.0 1.6236097811717193e-5
376.0 1.6281242874456168e-5
377.0 1.63287266126319e-5
378.0 1.6378186014013598e-5
379.0 1.6429312011319475e-5
380.0 1.648184203229662e-5
381.0 1.6535553430240478e-5
382.0 1.659025774464646e-5
382.99999999999994 1.6645795723756665e-5
384.0 1.6702033031847105e-5
385.00000000000006 1.675885656328844e-5
386.0 1.6816171288053792e-5
387.0 1.6873897558520704e-5
388.0 1.693196881471404e-5
389.0 1.6990329631046744e-5
390.0 1.7048934055388337e-5
391.0 1.7107744197280746e-5
392.0 1.7166729028108577e-5
393.0 1.7225863361497493e-5
393.99999999999994 1.728512698649728e-5
395.0 1.7344503930387465e-5
396.00000000000006 1.740398183166493e-5
397.0 1.7463551406061458e-5
398.0 1.7523205991865358e-5
399.0 1.758294116228445e-5
400.0 1.7642754394874343e-5
401.0 1.7702644789421543e-5
402.0 1.776261282705391e-5
403.0 1.782266016431266e-5
404.0 1.788278945725574e-5
404.99999999999994 1.7943004210892913e-5
406.0 1.8003308650480127e-5
407.00000000000006 1.806370761127505e-5
408.0 1.8124206444338425e-5
409.0 1.8184810935708518e-5
410.0 1.8245527237426507e-5
411.0 1.8306361808522996e-5
412.0 1.83673213644013e-5
413.0 1.8428412833867024e-5
413.99999999999994 1.8489643322235908e-5
415.0 1.8551020080142307e-5
416.00000000000006 1.8612550476811606e-5
417.0 1.8674241977492047e-5
418.00000000000006 1.87361021244304e-5
419.0 1.8798138520749696e-5
420.0 1.886035881703187e-5
421.0 1.8922770700004957e-5
422.0 1.8985381883354687e-5
423.0 1.9048200100066922e-5
424.0 1.9111233096324947e-5
424.99999999999994 1.9174488626534263e-5
426.0 1.9237974449648704e-5
427.00000000000006 1.930169832616502e-5
428.0 1.9365668016172592e-5
429.0 1.9429891277934787e-5
430.0 1.949437586718782e-5
431.0 1.955912953696052e-5
432.0 1.9624160037707676e-5
433.0 1.9689475118104735e-5
434.0 1.975508252581648e-5
435.0 1.9820990009002224e-5
435.99999999999994 1.988720531766115e-5
437.0 1.9953736205423105e-5
438.00000000000006 2.002059043149786e-5
439.0 2.0087775762795683e-5
440.0 2.015529997605926e-5
441.0 2.022317086032909e-5
442.0 2.0291396219310006e-5
443.0 2.035998387398133e-5
444.0 2.042894166517943e-5
445.0 2.0498277456299614e-5
446.0 2.056799913608886e-5
446.99999999999994 2.0638114621331013e-5
448.0 2.0708631859823163e-5
449.00000000000006 2.0779558833186132e-5
450.0 2.0850903559776884e-5
451.0 2.0922674097641768e-5
452.0 2.09948785475241e-5
453.0 2.1067525055835005e-5
454.0 2.1140621817658925e-5
455.0 2.121417707987744e-5
456.0 2.128819914416162e-5
457.0 2.1362696370103843e-5
457.99999999999994 2.1437677178299006e-5
459.0 2.1513150053559668e-5
460.00000000000006 2.1589123547992457e-5
461.0 2.166560628424249e-5
462.0 2.1742606958590155e-5
463.0 2.1820134344388547e-5
464.0 2.1898197295122923e-5
465.0 2.1976804747805386e-5
466.0 2.2055965726296876e-5
467.0 2.213568934455276e-5
468.0 2.2215984810150827e-5
468.99999999999994 2.2296861427646765e-5
470.0 2.2378328601968655e-5
471.00000000000006 2.2460395842048333e-5
472.0 2.2543072764226526e-5
473.0 2.2626369095915476e-5
474.0 2.2710294679168017e-5
475.0 2.2794859474413662e-5
476.0 2.2880073564168565e-5
477.0 2.296594715675941e-5
477.99999999999994 2.3052490590264768e-5
479.0 2.3139714336296356e-5
479.99999999999994 2.3227629003991216e-5
481.0 2.3316245344174462e-5
482.00000000000006 2.3405574253157837e-5
483.0 2.349562677716386e-5
484.0 2.358641411645869e-5
485.0 2.3677947629614004e-5
486.0 2.377023883795508e-5
487.0 2.386329943003019e-5
488.0 2.3957141266132355e-5
488.99999999999994 2.4051776382944253e-5
490.0 2.414721699832098e-5
491.00000000000006 2.4243475516088194e-5
492.0 2.434056453099718e-5
493.0 2.443849683371479e-5
494.0 2.4537285416054498e-5
495.0 2.4636943476131892e-5
496.0 2.4737484423845022e-5
497.0 2.4838921886256266e-5
498.0 2.4941269713339554e-5
499.0 2.5044541983576318e-5
499.99999999999994 2.5148753010001593e-5
501.0 2.52539173460769e-5
502.00000000000006 2.536004979190827e-5
503.0 2.5467165400632134e-5
504.0 2.55752794847089e-5
505.0 2.5684407622689607e-5
506.0 2.5794565665980288e-5
507.0 2.5905769745635704e-5
508.0 2.6018036279807033e-5
509.0 2.613138198071049e-5
510.0 2.6245823862327098e-5
510.99999999999994 2.6361379248066965e-5
512.0 2.6478065778577704e-5
513.0 2.6595901419947914e-5
514.0 2.6714904471975637e-5
515.0 2.6835093576630145e-5
516.0 2.6956487726997113e-5
517.0 2.7079106276032926e-5
518.0 2.7202968945989322e-5
519.0 2.73280958379331e-5
520.0 2.7454507441302897e-5
521.0 2.7582224644090542e-5
522.0 2.7711268743206748e-5
523.0 2.7841661454850274e-5
524.0 2.7973424925585188e-5
525.0 2.8106581743497848e-5
526.0 2.824115494971744e-5
527.0 2.8377168050188568e-5
528.0 2.8514645028010047e-5
529.0 2.8653610355830058e-5
530.0 2.879408900883413e-5
531.0 2.893610647799104e-5
532.0 2.9079688783711257e-5
533.0 2.9224862490047318e-5
534.0 2.937165471894135e-5
535.0 2.95200931653888e-5
536.0 2.9670206112643214e-5
537.0 2.9822022448139125e-5
538.0 2.9975571679659954e-5
539.0 3.0130883952312705e-5
540.0 3.0287990065741535e-5
541.0 3.0446921491829873e-5
542.0 3.060771039330164e-5
543.0 3.07703896425012e-5
544.0 3.0934992840989895e-5
545.0 3.110155433960498e-5
546.0 3.127010925916666e-5
547.0 3.144069351207837e-5
548.0 3.161334382406367e-5
549.0 3.178809775718231e-5
550.0 3.196499373315773e-5
551.0 3.2144071057587585e-5
552.0 3.2325369944790316e-5
553.0 3.250893154389451e-5
554.0 3.269479796498952e-5
555.0 3.288301230674572e-5
556.0 3.307361868467922e-5
557.0 3.326666226025525e-5
558.0 3.3462189271159806e-5
559.0 3.3660247062198966e-5
560.0 3.386088411749229e-5
561.0 3.406415009342828e-5
562.0 3.427009585306723e-5
563.0 3.447877350121615e-5
564.0 3.4690236420958475e-5
565.0 3.490453931117001e-5
566.0 3.512173822534489e-5
567.0 3.5341890611674144e-5
568.0 3.556505535435375e-5
569.0 3.5791292816295384e-5
570.0 3.602066488314606e-5
571.0 3.6253235008934716e-5
572.0 3.6489068262780623e-5
573.0 3.672823137760427e-5
574.0 3.6970792799943634e-5
575.0 3.721682274180698e-5
576.0 3.746639323376984e-5
577.0 3.7719578180098765e-5
578.0 3.7976453415405086e-5
579.0 3.8237096763237796e-5
580.0 3.850158809640513e-5
581.0 3.877000939932217e-5
582.0 3.9042444832317584e-5
583.0 3.931898079764728e-5
584.0 3.959970600788153e-5
585.0 3.988471155623351e-5
586.0 4.0174090989035525e-5
587.0 4.046794038023969e-5
588.0 4.0766358408672704e-5
589.0 4.1069446436645473e-5
590.0 4.137730859140712e-5
591.0 4.1690051849149915e-5
592.0 4.200778612083968e-5
593.0 4.233062434025157e-5
594.0 4.265868255507188e-5
595.0 4.299208001980063e-5
596.0 4.3330939291079954e-5
597.0 4.3675386325486546e-5
598.0 4.4025550579430435e-5
599.0 4.4381565111517207e-5
600.0 4.4743566686726754e-5
601.0 4.511169588322154e-5
602.0 4.548609720049665e-5
603.0 4.586691917003639e-5
604.0 4.62543144669366e-5
605.0 4.6648440023683605e-5
606.0 4.7049457144882905e-5
607.0 4.74575316233466e-5
608.0 4.787283385572183e-5
609.0 4.829553896045099e-5
610.0 4.872582689345062e-5
611.0 4.916388256540181e-5
612.0 4.9609895955388255e-5
613.0 5.006406222576507e-5
614.0 5.052658183164108e-5
615.0 5.099766062905229e-5
616.0 5.1477509977967105e-5
617.0 5.196634684012294e-5
618.0 5.246439387050035e-5
619.0 5.297187950079402e-5
620.0 5.3489038013042464e-5
621.0 5.4016109603013866e-5
622.0 5.4553340429454664e-5
623.0 5.510098264850043e-5
624.0 5.565929443017629e-5
625.0 5.622853995452998e-5
626.0 5.680898938325065e-5
627.0 5.740091880553792e-5
628.0 5.8004610151431945e-5
629.0 5.862035107072923e-5
630.0 5.924843477127992e-5
631.0 5.988915981156917e-5
632.0 6.054282984221355e-5
633.0 6.120975328799642e-5
634.0 6.189024296579625e-5
635.0 6.25846156265897e-5
636.0 6.329319141617075e-5
637.0 6.401629324134472e-5
638.0 6.475424603224422e-5
639.0 6.55073758880113e-5
640.0 6.627600909251752e-5
641.0 6.706047098367045e-5
642.0 6.786108466290442e-5
643.0 6.867816952381858e-5
644.0 6.951203958298879e-5
645.0 7.036300158990257e-5
646.0 7.12313528937114e-5
647.0 7.211737904259224e-5
648.0 7.302135108615215e-5
649.0 7.394352255694667e-5
650.0 7.488412609490283e-5
651.0 7.584336968665355e-5
652.0 7.682143248265039e-5
653.0000000000001 7.781846015989382e-5
654.0 7.883455978945459e-5
655.0 7.986979417550859e-5
656.0 8.092417562698877e-5
657.0 8.19976591252819e-5
658.0 8.309013485454769e-5
659.0 8.420142006366769e-5
659.9999999999999 8.533125023191624e-5
661.0 8.647926951851701e-5
662.0 8.76450204889263e-5
663.0 8.882793311174633e-5
664.0000000000001 9.00273130510161e-5
665.0 9.124232927755721e-5
666.0 9.247200106743626e-5
667.0 9.371518446077981e-5
668.0 9.497055830659547e-5
669.0 9.623661004039559e-5
670.0 9.75116213952429e-5
670.9999999999999 9.879365429073765e-5
672.0 0.00010008053719636511
673.0 0.00010136985232961858
674.0 0.00010265892410127092
675.0000000000001 0.00010394480929206642
676.0 0.00010522428949679801
677.0 0.00010649386643535895
678.0 0.00010774976077358416
679.0 0.00010898791513126847
680.0 0.0001102040019744508
681.0 0.0001113934370679684
681.9999999999999 0.00011255139913754329
683.0 0.00011367285629582756
684.0 0.0001147525996758665
685.0 0.00011578528453841613
686.0000000000001 0.00011676547891179519
687.0 0.00011768771954692203
688.0 0.00011854657468436836
688.9999999999999 0.00011933671278309242
690.0 0.0001200529760211833
691.0 0.00012069045703538787
692.0 0.00012124457704698083
692.9999999999999 0.00012171116326024739
694.0 0.00012208652323151
695.0 0.0001223675138158148
696.0 0.00012255160232742162
697.0000000000001 0.00012263691770123837
698.0 0.0001226222897236261
699.0 0.00012250727479351926
699.9999999999999 0.0001222921671720812
701.0 0.00012197799523626294
702.0 0.00012156650284793496
703.0 0.00012106011653604577
703.9999999999999 0.00012046189973477563
705.0 0.00011977549578608453
706.0 0.00011900506177634291
707.0 0.0001181551955162299
708.0000000000001 0.00011723085808560148
709.0 0.00011623729434853158
710.0 0.00011517995371743316
710.9999999999999 0.0001140644132247504
712.0 0.0001128963046691573
713.0 0.00011168124726702497
714.0 0.00011042478688594032
715.0000000000001 0.00010913234258203823
716.0 0.00010780916083514954
717.0 0.00010646027757142267
718.0 0.00010509048781795557
719.0000000000001 0.00010370432262344042
720.0 0.00010230603272465714
721.0 0.00010089957833093744
721.9999999999999 9.94886243335802e-5
723.0 9.80765402157743e-5
724.0 9.66664039427677e-5
725.0 9.526100913549215e-5
726.0000000000001 9.38628748771342e-5
727.0 9.247425755084604e-5
728.0 9.109716417633103e-5
729.0 8.97333667733186e-5
730.0 8.838441734714393e-5
731.0 8.705166315470003e-5
732.0 8.573626196765272e-5
732.9999999999999 8.443919710364659e-5
734.0 8.316129204747301e-5
735.0 8.190322452003117e-5
736.0 8.066553990088676e-5
737.0000000000001 7.944866392680535e-5
738.0 7.825291462988887e-5
739.0 7.707851348913624e-5
740.0 7.592559579300078e-5
741.0 7.479422022107998e-5
742.0 7.368437766392668e-5
743.0 7.259599931224746e-5
743.9999999999999 7.152896404411735e-5
745.0 7.04831051508623e-5
746.0 6.94582164402465e-5
747.0 6.845405775697689e-5
748.0000000000001 6.747035996325506e-5
749.0 6.650682941741515e-5
750.0 6.556315199216401e-5
751.0 6.463899666839e-5
752.0 6.373401874204663e-5
753.0 6.284786267742153e-5
754.0 6.198016463750556e-5
754.9999999999999 6.113055472396126e-5
756.0 6.029865895162336e-5
757.0 5.948410098445396e-5
758.0 5.8686503656745454e-5
759.0000000000001 5.790549029964045e-5
760.0 5.7140685894471704e-5
761.0 5.639171807027529e-5
762.0 5.565821796071204e-5
763.0 5.493982093799908e-5
764.0 5.423616723375892e-5
765.0 5.354690246326431e-5
765.9999999999999 5.287167805973569e-5
767.0 5.221015163212105e-5
768.0 5.1561987253090344e-5
769.0 5.092685568686673e-5
770.0000000000001 5.030443456277832e-5
771.0 4.969440850206002e-5
772.0 4.9096469203159784e-5
773.0 4.85103154910489e-5
774.0 4.793565333503944e-5
775.0 4.737219583889792e-5
776.0 4.681966320768991e-5
776.9999999999999 4.627778269468317e-5
778.0 4.5746288529837574e-5
779.0 4.522492183441166e-5
780.0 4.471343052245455e-5
781.0000000000001 4.421156919228114e-5
782.0 4.3719099009171866e-5
783.0 4.3235787580954e-5
784.0 4.27614088280928e-5
785.0 4.229574284907579e-5
786.0 4.183857578302697e-5
787.0 4.138969966962976e-5
787.9999999999999 4.094891230730576e-5
789.0 4.0516017111334095e-5
790.0 4.0090822970938e-5
791.0 3.967314410739294e-5
792.0000000000001 3.9262799932785096e-5
793.0 3.8859614909876397e-5
794.0 3.8463418413730456e-5
795.0 3.807404459542382e-5
796.0 3.769133224722615e-5
797.0 3.731512467083562e-5
798.0 3.694526954791324e-5
798.9999999999999 3.658161881285972e-5
800.0 3.622402852872899e-5
801.0 3.587235876601193e-5
802.0 3.552647348402322e-5
803.0000000000001 3.5186240415227614e-5
804.0 3.4851530952719e-5
805.0 3.452222004048563e-5
806.0 3.419818606671284e-5
807.0 3.3879310759817915e-5
808.0 3.35654790876983e-5
809.0 3.325657915964199e-5
809.9999999999999 3.295250213102208e-5
811.0 3.265314211104826e-5
812.0 3.2358396073057656e-5
813.0 3.2068163767497154e-5
814.0000000000001 3.1782347637660705e-5
815.0 3.150085273793188e-5
816.0 3.122358665454348e-5
816.9999999999999 3.095045942886914e-5
818.0 3.068138348302836e-5
819.0 3.0416273547846638e-5
820.0 3.0155046593231682e-5
820.9999999999999 2.9897621760510162e-5
822.0 2.964392029713302e-5
823.0 2.9393865493283326e-5
824.0 2.9147382620821884e-5
825.0000000000001 2.890439887372625e-5
826.0 2.8664843310943245e-5
827.0 2.842864680067862e-5
827.9999999999999 2.819574196672391e-5
829.0 2.7966063136416342e-5
830.0 2.7739546290384057e-5
831.0 2.7516129013725195e-5
832.0000000000001 2.729575044893129e-5
833.0 2.7078351250252683e-5
834.0 2.6863873539584085e-5
835.0 2.6652260863788515e-5
836.0000000000001 2.64434581531717e-5
837.0 2.6237411681764545e-5
838.0 2.603406902832676e-5
838.9999999999999 2.5833379039055373e-5
840.0 2.5635291791227124e-5
841.0 2.543975855810523e-5
842.0 2.524673177491898e-5
843.0000000000001 2.505616500604851e-5
844.0 2.486801291297006e-5
845.0 2.4682231223729215e-5
846.0 2.449877670272494e-5
847.0000000000001 2.4317607122037615e-5
848.0 2.4138681233290568e-5
849.0 2.396195874056406e-5
849.9999999999999 2.3787400274148382e-5
851.0 2.3614967365042282e-5
852.0 2.344462242031274e-5
853.0 2.327632869921536e-5
854.0000000000001 2.311005029003033e-5
855.0 2.2945752087685927e-5
856.0 2.2783399771943846e-5
857.0 2.2622959786373707e-5
858.0 2.2464399317976855e-5
859.0 2.2307686277297853e-5
860.0 2.2152789279307575e-5
860.9999999999999 2.1999677624795726e-5
862.0 2.1848321282281207e-5
863.0 2.169869087055401e-5
864.0 2.1550757641727e-5
865.0000000000001 2.1404493464736362e-5
866.0 2.1259870809408913e-5
867.0 2.111686273090762e-5
868.0 2.0975442854822002e-5
869.0 2.0835585362462976e-5
870.0 2.0697264976857413e-5
871.0 2.056045694880422e-5
871.9999999999999 2.0425137043763143e-5
873.0 2.029128152877332e-5
874.0 2.0158867159942535e-5
875.0 2.0027871170251575e-5
876.0000000000001 1.989827125771596e-5
877.0 1.9770045573804542e-5
878.0 1.9643172712409304e-5
879.0 1.9517631698844017e-5
880.0 1.939340197941994e-5
881.0 1.9270463411113096e-5
882.0 1.9148796251717048e-5
882.9999999999999 1.9028381150062868e-5
884.0 1.890919913668853e-5
885.0 1.8791231614684507e-5
886.0 1.867446035081175e-5
887.0000000000001 1.8558867466870414e-5
888.0 1.8444435431356006e-5
889.0 1.8331147051213916e-5
890.0 1.82189854639816e-5
891.0 1.8107934130027858e-5
892.0 1.799797682508241e-5
893.0 1.788909763287853e-5
893.9999999999999 1.7781280938140442e-5
895.0 1.767451141959378e-5
896.0 1.756877404328416e-5
897.0 1.7464054056057235e-5
898.0000000000001 1.7360336979123835e-5
899.0 1.725760860194381e-5
900.0 1.715585497614191e-5
901.0 1.7055062409627605e-5
902.0 1.6955217460982174e-5
903.0 1.6856306933760616e-5
904.0 1.6758317871187977e-5
904.9999999999999 1.6661237550796025e-5
906.0 1.65650534793496e-5
907.0 1.6469753387806677e-5
908.0 1.6375325226477563e-5
909.0000000000001 1.6281757160242333e-5
910.0 1.6189037563964906e-5
911.0 1.6097155017952154e-5
912.0 1.6006098303589694e-5
913.0 1.591585639904853e-5
914.0 1.5826418475126825e-5
915.0 1.5737773891190746e-5
915.9999999999999 1.5649912191199802e-5
917.0 1.5562823099890405e-5
918.0 1.5476496518932664e-5
919.0 1.5390922523341704e-5
920.0000000000001 1.530609135787274e-5
921.0 1.5221993433541913e-5
922.0 1.5138619324217093e-5
923.0 1.5055959763288662e-5
924.0 1.4974005640499587e-5
925.0 1.4892747998728295e-5
926.0 1.481217803093562e-5
926.9999999999999 1.4732287077179288e-5
928.0 1.4653066621690952e-5
929.0 1.4574508290002485e-5
930.0 1.4496603846161629e-5
931.0000000000001 1.4419345190071546e-5
932.0 1.4342724354756854e-5
933.0 1.4266733503843395e-5
934.0 1.4191364929045983e-5
935.0 1.4116611047627687e-5
936.0 1.404246440010528e-5
937.0 1.396891764784182e-5
937.9999999999999 1.3895963570744657e-5
939.0 1.3823595065117247e-5
940.0 1.3751805141404324e-5
941.0 1.368058692210819e-5
942.0000000000001 1.3609933639689318e-5
943.0 1.3539838634586036e-5
944.0 1.3470295353192968e-5
944.9999999999999 1.3401297345975466e-5
946.0 1.3332838265563617e-5
947.0 1.326491186492527e-5
948.0 1.3197511995581571e-5
948.9999999999999 1.3130632605857705e-5
950.0 1.3064267739174583e-5
951.0 1.2998411532375667e-5
952.0 1.2933058214138554e-5
953.0000000000001 1.286820210334839e-5
954.0 1.2803837607578577e-5
955.0 1.2739959221581206e-5
955.9999999999999 1.2676561525801384e-5
957.0 1.2613639184957392e-5
958.0 1.2551186946638194e-5
959.0 1.2489199639916935e-5
959.9999999999999 1.2427672174066775e-5
961.0 1.2366599537200394e-5
962.0 1.230597679506285e-5
963.0 1.2245799089739739e-5
964.0000000000001 1.2186061638504185e-5
965.0 1.2126759732604127e-5
966.0 1.206788873615082e-5
966.9999999999999 1.2009444084972391e-5
968.0 1.1951421285557402e-5
969.0 1.1893815913964243e-5
970.0 1.1836623614822579e-5
971.0000000000001 1.177984010030986e-5
972.0 1.172346114918401e-5
973.0 1.166748260581046e-5
974.0 1.161190037928445e-5
975.0000000000001 1.1556710442471571e-5
976.0 1.1501908831177787e-5
977.0 1.144749164326872e-5
977.9999999999999 1.1393455037855997e-5
979.0 1.1339795234495067e-5
980.0 1.1286508512408781e-5
981.0 1.123359120969864e-5
982.0000000000001 1.1181039722637103e-5
983.0 1.1128850504955758e-5
984.0 1.1077020067145466e-5
985.0 1.1025544975764305e-5
986.0 1.0974421852832482e-5
987.0 1.0923647375148568e-5
988.0 1.0873218273740212e-5
988.9999999999999 1.0823131333224474e-5
990.0 1.0773383391268246e-5
991.0 1.0723971338024613e-5
992.0 1.0674892115617681e-5
993.0000000000001 1.0626142717612332e-5
994.0 1.057772018854474e-5
995.0 1.0529621623422484e-5
996.0 1.0481844167296094e-5
997.0 1.0434385014804166e-5
998.0 1.038724140975691e-5
999.0 1.0340410644742556e-5
999.9999999999999 1.0293890060727017e-5
1001.0 1.0247677046694698e-5
1002.0 1.020176903931467e-5
1003.0 1.0156163522569441e-5
1004.0000000000001 1.011085802746173e-5
1005.0 1.006585013172385e-5
1006.0 1.0021137459494353e-5
1007.0 9.976717681072625e-6
1008.0 9.932588512668654e-6
1009.0 9.888747716141514e-6
1010.0 9.845193098785939e-6
1010.9999999999999 9.801922513123976e-6
1012.0 9.758933856690689e-6
1013.0 9.716225071864403e-6
1014.0 9.67379414569861e-6
1015.0000000000001 9.631639109751639e-6
1016.0 9.589758039947989e-6
1017.0 9.54814905644066e-6
1018.0 9.506810323497938e-6
1019.0 9.465740049396941e-6
1020.0 9.424936486295527e-6
1021.0 9.38439793018906e-6
1021.9999999999999 9.344122720784534e-6
1023.0 9.304109241464459e-6
1024.0 9.264355919221863e-6
1025.0 9.224861224571955e-6
1026.0 9.185623671573913e-6
1027.0 9.146641817714816e-6
1028.0 9.107914263946823e-6
1029.0 9.0694396545922e-6
1030.0 9.031216677385082e-6
1031.0 8.993244063400847e-6
1032.0 8.955520587069043e-6
1033.0 8.918045066136602e-6
1034.0 8.880816361667424e-6
1035.0 8.843833378012937e-6
1036.0 8.807095062806553e-6
1037.0 8.770600406927237e-6
1038.0 8.734348444481955e-6
1039.0 8.698338252780873e-6
1040.0 8.662568952268036e-6
1041.0 8.627039706514505e-6
1042.0 8.591749722110145e-6
1043.0 8.556698248646944e-6
1044.0 8.521884578576175e-6
1045.0 8.487308047149438e-6
1046.0 8.45296803226674e-6
1047.0 8.418863954354146e-6
1048.0 8.384995276196004e-6
1049.0 8.351361502731784e-6
1050.0 8.317962180863664e-6
1051.0 8.28479689918695e-6
1052.0 8.251865287726915e-6
1053.0 8.219167017605408e-6
1054.0 8.18670180070788e-6
1055.0 8.154469389288126e-6
1056.0 8.12246957549661e-6
1057.0 8.090702190945374e-6
1058.0 8.059167106126573e-6
1059.0 8.027864229840587e-6
1060.0 7.996793508552033e-6
1061.0 7.965954925647394e-6
1062.0 7.935348500707047e-6
1063.0 7.904974288604964e-6
1064.0 7.87483237864142e-6
1065.0 7.844922893499715e-6
1066.0 7.81524598820882e-6
1067.0 7.785801848952282e-6
1068.0 7.756590691838213e-6
1069.0 7.727612761536486e-6
1070.0 7.698868329854072e-6
1071.0 7.67035769417925e-6
1072.0 7.642081175832323e-6
1073.0 7.614039118318064e-6
1074.0 7.586231885446751e-6
1075.0 7.558659859329401e-6
1076.0 7.531323438308204e-6
1077.0 7.504223034658139e-6
1078.0 7.477359072285831e-6
1079.0 7.450731984190733e-6
1080.0 7.424342209850989e-6
1081.0 7.39819019246015e-6
1082.0 7.372276375998439e-6
1083.0 7.3466012022264644e-6
1084.0 7.321165107445181e-6
1085.0 7.2959685192021605e-6
1086.0 7.271011852788927e-6
1087.0 7.246295507636593e-6
1088.0 7.221819863532038e-6
1089.0 7.197585276723078e-6
1090.0 7.173592075867481e-6
1091.0 7.149840557848749e-6
1092.0 7.1263309834542546e-6
1093.0 7.1030635729333585e-6
1094.0 7.080038501422903e-6
1095.0 7.057255894263626e-6
1096.0 7.03471582219697e-6
1097.0 7.012418296477747e-6
1098.0 6.990363263875815e-6
1099.0 6.968550601612395e-6
1100.0 6.946980112220027e-6
1101.0 6.925651518358088e-6
1102.0 6.904564457569137e-6
1103.0 6.8837184770324395e-6
1104.0 6.863113028294416e-6
1105.0 6.842747462017116e-6
1106.0 6.82262102275026e-6
1107.0 6.80273284377535e-6
1108.0 6.783081941988242e-6
1109.0 6.763667212907823e-6
1110.0 6.744487425802308e-6
1111.0 6.725541218935613e-6
1112.0 6.70682709502862e-6
1113.0 6.688343416876731e-6
1114.0 6.670088403233936e-6
1115.0 6.652060124913626e-6
1116.0 6.63425650121149e-6
1117.0 6.616675296622988e-6
1118.0 6.599314117896356e-6
1119.0 6.582170411471952e-6
1120.0 6.565241461324899e-6
1121.0 6.54852438721385e-6
1122.0 6.53201614341322e-6
1123.0 6.515713517915557e-6
1124.0 6.49961313212901e-6
1125.0 6.4837114411273274e-6
1126.0 6.4680047344394205e-6
1127.0 6.452489137413393e-6
1128.0 6.43716061315969e-6
1129.0 6.4220149651132115e-6
1130.0 6.407047840197906e-6
1131.0 6.392254732609481e-6
1132.0 6.3776309882399804e-6
1133.0 6.3631718097076935e-6
1134.0 6.348872262034666e-6
1135.0 6.334727278925821e-6
1136.0 6.3207316696595734e-6
1137.0 6.306880126573248e-6
1138.0 6.29316723312356e-6
1139.0 6.279587472488323e-6
1140.0 6.266135236694845e-6
1141.0 6.252804836246553e-6
1142.0 6.239590510197717e-6
1143.0 6.22648643663604e-6
1144.0 6.213486743560032e-6
1145.0 6.2005855200612595e-6
1146.0 6.187776827798523e-6
1147.0 6.175054712697756e-6
1148.0 6.162413216818102e-6
1149.0 6.149846390337019e-6
1150.0 6.1373483036025285e-6
1151.0 6.124913059177017e-6
1152.0 6.1125348038343e-6
1153.0 6.100207740437552e-6
1154.0 6.087926139638976e-6
1155.0 6.0756843513699135e-6
1156.0 6.063476816026306e-6
1157.0 6.051298075330761e-6
1158.0 6.039142782803946e-6
1159.0 6.027005713801755e-6
1160.0 6.014881775068497e-6
1161.0 6.002766013781669e-6
1162.0 5.9906536260296896e-6
1163.0 5.978539964703684e-6
1164.0 5.966420546771942e-6
1165.0 5.954291059910388e-6
1166.0 5.942147368474133e-6
1167.0 5.929985518791444e-6
1168.0 5.917801743769581e-6
1169.0 5.905592466808306e-6
1170.0 5.893354305027555e-6
1171.0 5.8810840717927515e-6
1172.0 5.868778778567966e-6
1173.0 5.85643563609016e-6
1174.0 5.844052054893167e-6
1175.0 5.831625645192498e-6
1176.0 5.8191542161455415e-6
1177.0 5.806635774538527e-6
1178.0 5.79406852288838e-6
1179.0 5.78145085702278e-6
1180.0 5.768781363155496e-6
1181.0 5.756058814480955e-6
1182.0 5.743282167344243e-6
1183.0 5.730450556996445e-6
1184.0 5.717563292994164e-6
1185.0 5.7046198542554395e-6
1186.0 5.691619883834079e-6
1187.0 5.678563183423906e-6
1188.0 5.6654497076369925e-6
1189.0 5.652279558095052e-6
1190.0 5.639052977372656e-6
1191.0 5.625770342792756e-6
1192.0 5.612432160148999e-6
1193.0 5.599039057354929e-6
1194.0 5.585591778055722e-6
1195.0 5.572091175240709e-6
1196.0 5.558538204856955e-6
1197.0 5.544933919478779e-6
1198.0 5.531279462021556e-6
1199.0 5.5175760595500725e-6
1200.0 5.503825017182448e-6
1201.0 5.490027712106334e-6
1202.0 5.476185587727347e-6
1203.0 5.462300147966986e-6
1204.0 5.448372951708576e-6
1205.0 5.434405607413489e-6
1206.0 5.4203997679063154e-6
1207.0 5.406357125352912e-6
1208.0 5.392279406412659e-6
1209.0 5.3781683675858585e-6
1210.0 5.3640257907646035e-6
1211.0 5.349853478968481e-6
1212.0 5.335653252285072e-6
1213.0 5.321426944011873e-6
1214.0 5.307176396989802e-6
1215.0 5.2929034601366815e-6
1216.0 5.278609985173517e-6
1217.0 5.264297823544159e-6
1218.0 5.249968823523402e-6
1219.0 5.23562482750527e-6
1220.0 5.221267669473568e-6
1221.0 5.206899172653576e-6
1222.0 5.192521147317974e-6
1223.0 5.178135388777492e-6
1224.0 5.163743675513937e-6
1225.0 5.149347767476728e-6
1226.0 5.134949404520425e-6
1227.0 5.120550304992578e-6
1228.0 5.106152164444897e-6
1229.0 5.091756654485674e-6
1230.0 5.077365421750761e-6
1231.0 5.062980086989864e-6
1232.0 5.048602244267925e-6
1233.0 5.034233460273708e-6
1234.0 5.019875273722833e-6
1235.0 5.005529194862873e-6
1236.0 4.991196705061341e-6
1237.0 4.9768792564789386e-6
1238.0 4.962578271824338e-6
1239.0 4.948295144178502e-6
1240.0 4.934031236892824e-6
1241.0 4.919787883543794e-6
1242.0 4.905566387953707e-6
1243.0 4.891368024265555e-6
1244.0 4.877194037067371e-6
1245.0 4.863045641560498e-6
1246.0 4.848924023780897e-6
1247.0 4.834830340850559e-6
1248.0 4.820765721268127e-6
1249.0 4.80673126523812e-6
1250.0 4.792728045020086e-6
1251.0 4.778757105311176e-6
1252.0 4.76481946365377e-6
1253.0 4.750916110864314e-6
1254.0 4.737048011473044e-6
1255.0 4.723216104195395e-6
1256.0 4.709421302405773e-6
1257.0 4.6956644946291786e-6
1258.0 4.681946545043935e-6
1259.0 4.668268293991843e-6
1260.0 4.654630558495987e-6
1261.0 4.64103413278574e-6
1262.0 4.627479788824133e-6
1263.0 4.61396827683886e-6
1264.0 4.600500325858521e-6
1265.0 4.5870766442422456e-6
1266.0 4.5736979202172e-6
1267.0 4.560364822407735e-6
1268.0 4.54707800036879e-6
1269.0 4.5338380851108255e-6
1270.0 4.5206456896217455e-6
1271.0 4.507501409392143e-6
1272.0 4.494405822923255e-6
1273.0 4.481359492238494e-6
1274.0 4.468362963384819e-6
1275.0 4.455416766929144e-6
1276.0 4.442521418450568e-6
1277.0 4.429677419017773e-6
1278.0 4.416885255667834e-6
1279.0 4.404145401872195e-6
1280.0 4.391458317992711e-6
1281.0 4.378824451739647e-6
1282.0 4.36624423860634e-6
1283.0 4.353718102311915e-6
1284.0 4.341246455221129e-6
1285.0 4.328829698764001e-6
1286.0 4.3164682238454775e-6
1287.0 4.3041624112452935e-6
1288.0 4.2919126320093695e-6
1289.0 4.279719247834056e-6
1290.0 4.267582611439721e-6
1291.0 4.255503066938514e-6
1292.0 4.243480950189579e-6
1293.0 4.231516589152155e-6
1294.0 4.219610304223684e-6
1295.0 4.207762408575478e-6
1296.0 4.195973208474789e-6
1297.0 4.184243003603625e-6
1298.0 4.1725720873709875e-6
1299.0 4.1609607472075236e-6
1300.0 4.14940926486684e-6
1301.0 4.1379179167076494e-6
1302.0 4.126486973975482e-6
1303.0 4.115116703073473e-6
1304.0 4.103807365830109e-6
1305.0 4.092559219753895e-6
1306.0000000000002 4.081372518292299e-6
1307.0 4.070247511067957e-6
1308.0 4.0591844441253905e-6
1308.9999999999998 4.048183560162723e-6
1310.0 4.037245098755351e-6
1311.0 4.026369296580842e-6
1312.0 4.0155563876320005e-6
1313.0 4.0048066034291404e-6
1314.0 3.99412017322385e-6
1315.0 3.98349732419836e-6
1316.0 3.972938281659449e-6
1317.0000000000002 3.962443269229793e-6
1318.0 3.952012509030666e-6
1319.0 3.94164622186513e-6
1319.9999999999998 3.931344627390573e-6
1321.0 3.921107944293095e-6
1322.0 3.910936390453248e-6
1323.0 3.900830183110538e-6
1324.0 3.890789539021755e-6
1325.0 3.8808146746200584e-6
1326.0 3.870905806161299e-6
1327.0 3.861063149879275e-6
1328.0000000000002 3.85128692212649e-6
1329.0 3.84157733951946e-6
1330.0 3.831934619074539e-6
1330.9999999999998 3.822358978347846e-6
1332.0 3.812850635564758e-6
1333.0 3.8034098097527236e-6
1334.0 3.7940367208675208e-6
1335.0 3.7847315899178306e-6
1336.0 3.775494639090396e-6
1337.0 3.7663260918658656e-6
1338.0 3.757226173140536e-6
1339.0000000000002 3.7481951093377407e-6
1340.0 3.7392331285240174e-6
1341.0 3.730340460517254e-6
1341.9999999999998 3.7215173369983597e-6
1343.0 3.7127639916143998e-6
1344.0 3.7040806600845872e-6
1345.0 3.6954675803037525e-6
1346.0 3.6869249924403604e-6
1347.0 3.678453139037192e-6
1348.0 3.67005226510596e-6
1349.0 3.661722618222213e-6
1350.0000000000002 3.653464448617485e-6
1351.0 3.6452780092691026e-6
1352.0 3.637163555990408e-6
1352.9999999999998 3.629121347513765e-6
1354.0 3.6211516455771903e-6
1355.0 3.6132547150045023e-6
1356.0 3.605430823785597e-6
1357.0 3.597680243152014e-6
1358.0 3.5900032476540983e-6
1359.0 3.5824001152317113e-6
1360.0 3.5748711272845597e-6
1361.0000000000002 3.567416568737293e-6
1362.0 3.5600367281054366e-6
1363.0 3.5527318975553604e-6
1363.9999999999998 3.5455023729635355e-6
1365.0 3.5383484539685593e-6
1366.0 3.5312704440233937e-6
1366.9999999999998 3.524268650444964e-6
1368.0 3.5173433844524075e-6
1369.0 3.510494961212843e-6
1370.0 3.5037236998708355e-6
1371.0 3.497029923582324e-6
1372.0000000000002 3.490413959539846e-6
1373.0 3.4838761389924468e-6
1374.0 3.4774167972608648e-6
1374.9999999999998 3.4710362737500075e-6
1376.0 3.4647349119489214e-6
1377.0 3.4585130594323485e-6
1377.9999999999998 3.452371067847755e-6
1379.0 3.4463092929037517e-6
1380.0 3.4403280943452307e-6
1381.0 3.4344278359213296e-6
1382.0 3.428608885349068e-6
1383.0000000000002 3.4228716142665554e-6
1384.0 3.417216398175358e-6
1385.0 3.4116436163787062e-6
1385.9999999999998 3.406153651903118e-6
1387.0 3.400746891417594e-6
1388.0 3.3954237251379373e-6
1388.9999999999998 3.390184546719453e-6
1390.0 3.385029753141738e-6
1391.0 3.379959744579049e-6
1392.0 3.3749749242594157e-6
1393.0 3.3700756983108313e-6
1394.0000000000002 3.3652624755926136e-6
1395.0 3.360535667520066e-6
1396.0 3.355895687861057e-6
1396.9999999999998 3.3513429525347776e-6
1398.0 3.3468778793823375e-6
1399.0 3.342500887927392e-6
1399.9999999999998 3.338212399121816e-6
1401.0 3.3340128350717257e-6
1402.0 3.3299026187464444e-6
1403.0 3.325882173675028e-6
1404.0 3.3219519236182687e-6
1405.0000000000002 3.3181122922276094e-6
1406.0 3.3143637026828956e-6
1407.0 3.3107065773118538e-6
1407.9999999999998 3.307141337191838e-6
1409.0 3.3036684017277926e-6
1410.0 3.300288188214689e-6
1410.9999999999998 3.297001111378834e-6
1412.0 3.293807582896954e-6
1413.0 3.2907080108938897e-6
1414.0 3.287702799425145e-6
1415.0 3.284792347933732e-6
1416.0000000000002 3.281977050684135e-6
1417.0 3.2792572961845644e-6
1418.0 3.276633466575483e-6
1419.0000000000002 3.27410593700944e-6
1420.0 3.271675075000624e-6
1421.0 3.2693412397617646e-6
1421.9999999999998 3.2671047815164126e-6
1423.0 3.264966040787804e-6
1424.0 3.2629253476808687e-6
1425.0 3.2609830211294753e-6
1426.0 3.2591393681361567e-6
1427.0000000000002 3.257394682989619e-6
1428.0 3.255749246466619e-6
1429.0 3.2542033250160765e-6
1430.0000000000002 3.2527571699273117e-6
1431.0 3.2514110164869085e-6
1432.0 3.2501650831168197e-6
1432.9999999999998 3.2490195705036735e-6
1434.0 3.2479746607144643e-6
1435.0 3.2470305163038203e-6
1436.0 3.2461872794105133e-6
1437.0 3.2454450708481685e-6
1438.0000000000002 3.2448039891870425e-6
1439.0 3.244264109835286e-6
1440.0 3.2438254841124545e-6
1441.0000000000002 3.2434881383248625e-6
1442.0 3.243252072842179e-6
1443.0 3.243117261173251e-6
1443.9999999999998 3.2430836490456273e-6
1445.0 3.24315115349657e-6
1446.0 3.2433196619653728e-6
1447.0 3.243589031398028e-6
1448.0 3.2439590873647926e-6
1449.0000000000002 3.244429623192254e-6
1450.0 3.2450003991082548e-6
1451.0 3.2456711414056114e-6
1452.0000000000002 3.2464415416330222e-6
1453.0 3.24731125579558e-6
1454.0 3.248279903590981e-6
1454.9999999999998 3.249347067670602e-6
1456.0 3.2505122929182732e-6
1457.0 3.25177508577707e-6
1458.0 3.25313491359989e-6
1459.0 3.2545912040263093e-6
1460.0 3.2561433444167044e-6
1461.0 3.257790681303338e-6
1462.0 3.2595325198996856e-6
1463.0000000000002 3.2613681236385785e-6
1464.0 3.263296713760542e-6
1465.0 3.2653174689478427e-6
1465.9999999999998 3.2674295249993636e-6
1467.0 3.2696319745660054e-6
1468.0 3.2719238669241772e-6
1469.0 3.274304207797453e-6
1470.0 3.2767719592471966e-6
1471.0 3.279326039596878e-6
1472.0 3.2819653234180093e-6
1473.0 3.2846886415754766e-6
1474.0000000000002 3.2874947813193898e-6
1475.0 3.2903824864317133e-6
1476.0 3.2933504574351224e-6
1476.9999999999998 3.2963973518569294e-6
1478.0 3.299521784540727e-6
1479.0 3.3027223280201283e-6
1480.0 3.305997512952859e-6
1481.0 3.309345828596863e-6
1482.0 3.312765723351168e-6
1483.0 3.316255605352456e-6
1484.0 3.3198138431115143e-6
1485.0000000000002 3.3234387662202197e-6
1486.0 3.3271286661021093e-6
1487.0 3.3308817968050627e-6
1487.9999999999998 3.3346963758597292e-6
1489.0 3.3385705851741263e-6
1490.0 3.342502571982434e-6
1491.0 3.3464904498339798e-6
1492.0 3.3505322996290968e-6
1493.0 3.3546261706967853e-6
1494.0 3.35877008191583e-6
1495.0 3.3629620228686995e-6
1496.0000000000002 3.3671999550404633e-6
1497.0 3.371481813044988e-6
1498.0 3.3758055058950588e-6
1498.9999999999998 3.380168918292732e-6
1500.0 3.3845699119617555e-6
1501.0 3.389006326989352e-6
1502.0 3.393475983220561e-6
1503.0 3.397976681647077e-6
1504.0 3.402506205843211e-6
1505.0 3.407062323402764e-6
1506.0 3.411642787402419e-6
1507.0000000000002 3.4162453378769637e-6
1508.0 3.4208677033158145e-6
1509.0 3.4255076021601806e-6
1509.9999999999998 3.430162744311897e-6
1511.0 3.4348308326534132e-6
1512.0 3.4395095645773874e-6
1513.0 3.4441966335037724e-6
1514.0 3.4488897304113395e-6
1515.0 3.45358654536923e-6
1516.0 3.458284769054792e-6
1517.0 3.462982094275742e-6
1518.0000000000002 3.4676762174875495e-6
1519.0 3.4723648402934363e-6
1520.0 3.477045670943824e-6
1520.9999999999998 3.481716425816752e-6
1522.0 3.486374830894061e-6
1523.0 3.491018623210661e-6
1524.0 3.4956455522978694e-6
1525.0 3.5002533815990792e-6
1526.0 3.5048398898779594e-6
1527.0 3.5094028725906713e-6
1528.0 3.513940143251979e-6
1529.0000000000002 3.518449534754303e-6
1530.0 3.5229289006922703e-6
1531.0 3.5273761166291385e-6
1531.9999999999998 3.5317890813629683e-6
1533.0 3.5361657181414253e-6
1534.0 3.540503975861085e-6
1535.0 3.5448018302257076e-6
1536.0 3.5490572848853837e-6
1537.0 3.553268372528239e-6
1538.0 3.557433155943299e-6
1539.0 3.561549729055407e-6
1540.0000000000002 3.5656162179101946e-6
1541.0 3.5696307816364684e-6
1542.0 3.573591613369299e-6
1542.9999999999998 3.5774969411196674e-6
1544.0 3.581345028628096e-6
1545.0 3.5851341761705654e-6
1546.0 3.588862721312718e-6
1547.0 3.5925290396476553e-6
1548.0 3.5961315454725624e-6
1549.0 3.5996686924382e-6
1550.0 3.6031389741523838e-6
1551.0000000000002 3.606540924745713e-6
1552.0 3.6098731193869386e-6
1553.0 3.6131341747747995e-6
1553.9999999999998 3.6163227495718026e-6
1555.0 3.6194375448053185e-6
1556.0 3.6224773042254085e-6
1557.0 3.6254408146255784e-6
1558.0 3.628326906119294e-6
1559.0 3.631134452373161e-6
1560.0 3.6338623708113366e-6
1561.0 3.636509622760871e-6
1562.0000000000002 3.6390752135859314e-6
1563.0 3.6415581927503072e-6
1564.0 3.64395765387104e-6
1564.9999999999998 3.6462727347121583e-6
1566.0 3.6485026171561166e-6
1567.0 3.650646527127375e-6
1568.0 3.652703734490498e-6
1569.0 3.6546735529037703e-6
1570.0 3.656555339645917e-6
1571.0 3.658348495396861e-6
1572.0 3.6600524640037895e-6
1573.0000000000002 3.6616667321997342e-6
1574.0 3.663190829294687e-6
1575.0 3.664624326841053e-6
1575.9999999999998 3.6659668382627334e-6
1577.0 3.667218018462905e-6
1578.0 3.6683775633954152e-6
1579.0 3.6694452096159983e-6
1580.0 3.6704207338106166e-6
1581.0 3.6713039522865003e-6
1582.0 3.6720947204532006e-6
1583.0 3.672792932275436e-6
1584.0000000000002 3.673398519700707e-6
1585.0 3.673911452076404e-6
1586.0 3.674331735536388e-6
1586.9999999999998 3.67465941237504e-6
1588.0 3.674894560406081e-6
1589.0 3.675037292301107e-6
1590.0 3.675087754911756e-6
1591.0 3.6750461285848784e-6
1592.0 3.6749126264578577e-6
1593.0 3.6746874937441333e-6
1594.0 3.6743710070103362e-6
1595.0000000000002 3.6739634734390962e-6
1596.0 3.6734652300891036e-6
1597.0 3.6728766431378174e-6
1597.9999999999998 3.672198107129925e-6
1599.0 3.671430044207981e-6
1600.0 3.6705729033484436e-6
1601.0 3.669627159582901e-6
1602.0 3.668593313229254e-6
1603.0 3.6674718891088294e-6
1604.0 3.6662634357683008e-6
1605.0 3.6649685247023354e-6
1606.0000000000002 3.6635877495725277e-6
1607.0 3.662121725431668e-6
1608.0 3.6605710879449876e-6
1608.9999999999998 3.658936492623472e-6
1610.0 3.6572186140477797e-6
1611.0 3.6554181451087894e-6
1612.0 3.653535796244493e-6
1613.0 3.6515722946875303e-6
1614.0 3.6495283837174006e-6
1615.0 3.6474048219177454e-6
1616.0 3.6452023824440395e-6
1617.0000000000002 3.6429218522968397e-6
1618.0 3.640564031606159e-6
1619.0 3.6381297329196747e-6
1619.9999999999998 3.635619780508223e-6
1621.0 3.63303500967174e-6
1622.0 3.630376266066194e-6
1622.9999999999998 3.62764440502906e-6
1624.0 3.624840290926486e-6
1625.0 3.6219647965051425e-6
1626.0 3.6190188022578836e-6
1627.0 3.6160031958025074e-6
1628.0000000000002 3.6129188712689665e-6
1629.0 3.6097667287037316e-6
1630.0 3.60654767348063e-6
1630.9999999999998 3.6032626157326897e-6
1632.0 3.5999124697869125e-6
1633.0 3.5964981536208254e-6
1633.9999999999998 3.5930205883265387e-6
1635.0 3.5894806975894607e-6
1636.0 3.585879407184342e-6
1637.0 3.5822176444747343e-6
1638.0 3.5784963379382744e-6
1639.0000000000002 3.574716416693761e-6
1640.0 3.570878810051918e-6
1641.0 3.5669844470691695e-6
1641.9999999999998 3.5630342561245505e-6
1643.0 3.5590291645020157e-6
1644.0 3.5549700979911405e-6
1644.9999999999998 3.5508579804971654e-6
1646.0 3.5466937336674127e-6
1647.0 3.5424782765296263e-6
1648.0 3.538212525138366e-6
1649.0 3.5338973922437803e-6
1650.0000000000002 3.5295337869627637e-6
1651.0 3.5251226144691906e-6
1652.0 3.520664775693561e-6
1652.9999999999998 3.5161611670357183e-6
1654.0 3.51161268008847e-6
1655.0 3.5070202013731574e-6
1655.9999999999998 3.5023846120890276e-6
1657.0 3.4977067878686392e-6
1658.0 3.4929875985504558e-6
1659.0 3.4882279079595062e-6
1660.0 3.483428573697264e-6
1661.0000000000002 3.4785904469442807e-6
1662.0 3.473714372273713e-6
1663.0 3.4688011874720137e-6
1664.0000000000002 3.4638517233726186e-6
1665.0 3.4588668036958795e-6
1666.0 3.453847244903824e-6
1666.9999999999998 3.448793856056911e-6
1668.0 3.443707438685934e-6
1669.0 3.4385887866688568e-6
1670.0 3.4334386861197505e-6
1671.0 3.4282579152815493e-6
1672.0000000000002 3.4230472444302986e-6
1673.0 3.417807435785643e-6
1674.0 3.412539243431407e-6
1675.0000000000002 3.4072434132378816e-6
1676.0 3.4019206827995773e-6
1677.0 3.396571781372533e-6
1677.9999999999998 3.3911974298214764e-6
1679.0 3.385798340574268e-6
1680.0 3.3803752175818007e-6
1681.0 3.374928756283678e-6
1682.0 3.369459643579944e-6
1683.0000000000002 3.3639685578080475e-6
1684.0 3.3584561687282717e-6
1685.0 3.352923137509633e-6
1686.0000000000002 3.347370116725352e-6
1687.0 3.3417977503499127e-6
1688.0 3.336206673762932e-6
1688.9999999999998 3.3305975137578308e-6
1690.0 3.324970888552228e-6
1691.0 3.319327407806045e-6
1692.0 3.31366767263978e-6
1693.0 3.3079922756619346e-6
1694.0000000000002 3.3023018009936335e-6
1695.0 3.2965968243029594e-6
1696.0 3.2908779128376953e-6
1697.0000000000002 3.285145625462608e-6
1698.0 3.2794005127053405e-6
1699.0 3.27364311679463e-6
1699.9999999999998 3.2678739717112466e-6
1701.0 3.2620936032340422e-6
1702.0 3.2563025289955143e-6
1703.0 3.250501258533939e-6
1704.0 3.244690293348756e-6
1705.0000000000002 3.238870126962725e-6
1706.0 3.2330412449779994e-6
1707.0 3.227204125143672e-6
1708.0000000000002 3.2213592374156865e-6
1709.0 3.215507044024323e-6
1710.0 3.2096479995425313e-6
1710.9999999999998 3.203782550953699e-6
1712.0 3.1979111377207297e-6
1713.0 3.19203419186071e-6
1714.0 3.1861521380133746e-6
1715.0 3.1802653935184756e-6
1716.0 3.1743743684868676e-6
1717.0 3.1684794658779e-6
1718.0 3.16258108157597e-6
1719.0000000000002 3.156679604465355e-6
1720.0 3.150775416510492e-6
1721.0 3.1448688928312294e-6
1721.9999999999998 3.138960401782889e-6
1723.0 3.133050305035275e-6
1724.0 3.127138957652418e-6
1725.0 3.1212267081706058e-6
1726.0 3.115313898678941e-6
1727.0 3.1094008649002986e-6
1728.0 3.103487936271021e-6
1729.0 3.0975754360209387e-6
1730.0000000000002 3.091663681252013e-6
1731.0 3.0857529830227767e-6
1732.0 3.0798436464233986e-6
1732.9999999999998 3.0739359706593255e-6
1734.0 3.068030249130556e-6
1735.0 3.062126769509553e-6
1736.0 3.0562258138216635e-6
1737.0 3.05032765852547e-6
1738.0 3.0444325745896415e-6
1739.0 3.03854082757132e-6
1740.0 3.0326526776973156e-6
1741.0000000000002 3.0267683799385232e-6
1742.0 3.020888184087604e-6
1743.0 3.0150123348368355e-6
1743.9999999999998 3.0091410718549567e-6
1745.0 3.003274629859744e-6
1746.0 2.9974132386987482e-6
1747.0 2.9915571234173482e-6
1748.0 2.9857065043386043e-6
1749.0 2.9798615971339036e-6
1750.0 2.9740226128956722e-6
1751.0 2.9681897582121285e-6
1752.0000000000002 2.962363235237288e-6
1753.0 2.9565432417601338e-6
1754.0 2.9507299712797847e-6
1754.9999999999998 2.9449236130698078e-6
1756.0 2.939124352252177e-6
1757.0 2.9333323698621846e-6
1758.0 2.9275478429160382e-6
1759.0 2.921770944482169e-6
1760.0 2.9160018437404624e-6
1761.0 2.9102407060545715e-6
1762.0 2.9044876930310404e-6
1763.0000000000002 2.8987429625882153e-6
1764.0 2.8930066690161877e-6
1765.0 2.88727896303907e-6
1765.9999999999998 2.8815599918812856e-6
1767.0 2.8758498993219173e-6
1768.0 2.8701488257615786e-6
1769.0 2.864456908276283e-6
1770.0 2.85877428068091e-6
1771.0 2.8531010735850328e-6
1772.0 2.847437414449076e-6
1773.0 2.8417834276445e-6
1774.0000000000002 2.8361392345057774e-6
1775.0 2.8305049533885974e-6
1776.0 2.8248806997204873e-6
1776.9999999999998 2.819266586059544e-6
1778.0 2.813662722142985e-6
1779.0 2.8080692149397396e-6
1780.0 2.8024861687057666e-6
1781.0 2.796913685029791e-6
1782.0 2.7913518628861936e-6
1783.0 2.785800798682037e-6
1784.0 2.7802605863088937e-6
1785.0000000000002 2.7747313171879522e-6
1786.0 2.769213080317094e-6
1787.0 2.763705962320052e-6
1787.9999999999998 2.7582100474882288e-6
1789.0 2.752725417830088e-6
1790.0 2.747252153110057e-6
1791.0 2.741790330898412e-6
1792.0 2.7363400266101853e-6
1793.0 2.730901313546671e-6
1794.0 2.725474262942985e-6
1795.0 2.720058944001263e-6
1796.0000000000002 2.714655423937781e-6
1797.0 2.7092637680173255e-6
1798.0 2.703884039597131e-6
1798.9999999999998 2.6985163001625256e-6
1800.0 2.693160609364041e-6
1801.0 2.6878170250584624e-6
1802.0 2.6824856033410753e-6
1803.0 2.677166398585419e-6
1804.0 2.6718594634759506e-6
1805.0 2.6665648490442302e-6
1806.0 2.6612826047037834e-6
1807.0000000000002 2.656012778282664e-6
1808.0 2.6507554160590824e-6
1809.0 2.645510562788869e-6
1809.9999999999998 2.640278261744389e-6
1811.0 2.635058554739817e-6
1812.0 2.629851482166403e-6
1813.0 2.624657083021254e-6
1814.0 2.619475394937858e-6
1815.0 2.614306454214719e-6
1816.0 2.6091502958445708e-6
1817.0 2.604006953544038e-6
1818.0000000000002 2.598876459780622e-6
1819.0 2.593758845798937e-6
1820.0 2.58865414164979e-6
1820.9999999999998 2.583562376216758e-6
1822.0 2.5784835772397057e-6
1823.0 2.573417771342669e-6
1824.0 2.568364984058807e-6
1825.0 2.563325239854586e-6
1826.0 2.558298562153297e-6
1827.0 2.553284973360429e-6
1828.0 2.5482844948869592e-6
1829.0000000000002 2.543297147169541e-6
1830.0 2.538322949697305e-6
1831.0 2.533361921031257e-6
1831.9999999999998 2.528414078826116e-6
1833.0 2.5234794398539156e-6
1834.0 2.518558020021734e-6
1835.0 2.5136498343938048e-6
1836.0 2.508754897213087e-6
1837.0 2.503873221919026e-6
1838.0 2.499004821168173e-6
1839.0 2.4941497068523147e-6
1840.0000000000002 2.4893078901183653e-6
1841.0 2.4844793813862277e-6
1842.0 2.479664190366968e-6
1842.9999999999998 2.474862326080035e-6
1844.0 2.4700737968718253e-6
1845.0 2.4652986104310845e-6
1846.0 2.460536773808002e-6
1847.0 2.455788293427683e-6
1848.0 2.4510531751085737e-6
1849.0 2.4463314240779167e-6
1850.0 2.44162304498634e-6
1851.0000000000002 2.436928041922745e-6
1852.0 2.432246418432555e-6
1853.0 2.427578177526653e-6
1853.9999999999998 2.422923321702642e-6
1855.0 2.4182818529512235e-6
1856.0 2.4136537727771374e-6
1857.0 2.4090390822079155e-6
1858.0 2.404437781809998e-6
1859.0 2.3998498716991233e-6
1860.0 2.3952753515559766e-6
1861.0 2.390714220636021e-6
1862.0000000000002 2.3861664777833047e-6
1863.0 2.3816321214429696e-6
1864.0 2.377111149671097e-6
1864.9999999999998 2.3726035601473805e-6
1866.0 2.368109350187301e-6
1867.0 2.363628516750984e-6
1868.0 2.359161056456752e-6
1869.0 2.3547069655898655e-6
1870.0 2.3502662401123688e-6
1871.0 2.345838875676117e-6
1872.0 2.341424867630389e-6
1873.0000000000002 2.337024211031283e-6
1874.0 2.3326369006538873e-6
1875.0 2.328262930999729e-6
1875.9999999999998 2.3239022963056626e-6
1877.0 2.319554990554947e-6
1878.0 2.3152210074835067e-6
1878.9999999999998 2.3109003405904003e-6
1880.0 2.306592983146225e-6
1881.0 2.302298928199055e-6
1882.0 2.2980181685866903e-6
1883.0 2.2937506969399582e-6
1884.0000000000002 2.2894965056949386e-6
1885.0 2.285255587096606e-6
1886.0 2.281027933208657e-6
1886.9999999999998 2.2768135359201213e-6
1888.0 2.272612386952886e-6
1889.0 2.2684244778675937e-6
1889.9999999999998 2.264249800071604e-6
1891.0 2.2600883448240464e-6
1892.0 2.255940103244563e-6
1893.0 2.251805066318249e-6
1894.0 2.247683224901658e-6
1895.0000000000002 2.2435745697293534e-6
1896.0 2.2394790914199487e-6
1897.0 2.23539678048158e-6
1897.9999999999998 2.2313276273180804e-6
1899.0 2.2272716222332924e-6
1900.0 2.2232287554379884e-6
1900.9999999999998 2.2191990170544706e-6
1902.0 2.215182397120486e-6
1903.0 2.2111788855973705e-6
1904.0 2.2071884723716606e-6
1905.0 2.2032111472612786e-6
1906.0000000000002 2.1992469000203876e-6
1907.0 2.195295720342986e-6
1908.0 2.191357597869243e-6
1908.9999999999998 2.1874325221881426e-6
1910.0 2.1835204828412955e-6
1911.0 2.1796214693287603e-6
1911.9999999999998 2.1757354711114643e-6
1913.0 2.1718624776161424e-6
1914.0 2.1680024782391146e-6
1915.0 2.1641554623490546e-6
1916.0 2.1603214192905486e-6
1917.0000000000002 2.1565003383892165e-6
1918.0 2.1526922089534066e-6
1919.0 2.1488970202782678e-6
1919.9999999999998 2.1451147616489027e-6
1921.0 2.141345422342518e-6
1922.0 2.13758899163361e-6
1922.9999999999998 2.133845458794197e-6
1924.0 2.130114813098663e-6
1925.0 2.1263970438255497e-6
1926.0 2.1226921402613007e-6
1927.0 2.119000091700844e-6
1928.0000000000002 2.115320887451668e-6
1929.0 2.1116545168364e-6
1930.0 2.108000969193792e-6
1931.0000000000002 2.104360233882996e-6
1932.0 2.1007323002827776e-6
1933.0 2.097117157796521e-6
1933.9999999999998 2.0935147958528905e-6
1935.0 2.089925203908065e-6
1936.0 2.0863483714474588e-6
1937.0 2.0827842879868155e-6
1938.0 2.079232943076401e-6
1939.0000000000002 2.0756943262999766e-6
1940.0 2.0721684272769143e-6
1941.0 2.068655235665255e-6
1942.0000000000002 2.065154741161248e-6
1943.0 2.0616669335024653e-6
1944.0 2.058191802468067e-6
1944.9999999999998 2.054729337879887e-6
1946.0 2.0512795296046747e-6
1947.0 2.0478423675540847e-6
1948.0 2.0444178416861925e-6
1949.0 2.0410059420070496e-6
1950.0000000000002 2.037606658570971e-6
1951.0 2.034219981482248e-6
1952.0 2.0308459008942963e-6
1953.0000000000002 2.0274844070125568e-6
1954.0 2.024135490093106e-6
1955.0 2.02079914044597e-6
1955.9999999999998 2.017475348433131e-6
1957.0 2.014164104469877e-6
1958.0 2.0108653990267366e-6
1959.0 2.0075792226277665e-6
1960.0 2.0043055658529315e-6
1961.0000000000002 2.0010444193362122e-6
1962.0 1.9977957737685896e-6
1963.0 1.994559619896686e-6
1964.0000000000002 1.9913359485217908e-6
1965.0 1.9881247505034e-6
1966.0 1.98492601675621e-6
1966.9999999999998 1.981739738251725e-6
1968.0 1.9785659060175744e-6
1969.0 1.9754045111380987e-6
1970.0 1.9722555447536097e-6
1971.0 1.9691189980609313e-6
1972.0 1.96599486231335e-6
1973.0 1.962883128818887e-6
1974.0 1.9597837889423452e-6
1975.0000000000002 1.95669683410284e-6
1976.0 1.953622255774635e-6
1977.0 1.9505600454870577e-6
1977.9999999999998 1.9475101948235133e-6
1979.0 1.9444726954203244e-6
1980.0 1.941447538968551e-6
1981.0 1.938434717210083e-6
1982.0 1.9354342219406115e-6
1983.0 1.932446045006323e-6
1984.0 1.9294701783043054e-6
1985.0 1.9265066137822936e-6
1986.0000000000002 1.9235553434374264e-6
1987.0 1.920616359314978e-6
1988.0 1.917689653508688e-6
1988.9999999999998 1.914775218159309e-6
1990.0 1.911873045453491e-6
1991.0 1.9089831276234977e-6
1992.0 1.906105456946314e-6
1993.0 1.9032400257415304e-6
1994.0 1.9003868263718889e-6
1995.0 1.8975458512410828e-6
1996.0 1.894717092794154e-6
1997.0000000000002 1.8919005435139726e-6
1998.0 1.8890961959229158e-6
1999.0 1.8863040425798575e-6
1999.9999999999998 1.8835240760791761e-6
