0.0 1.5571945749313703e-5
1.0 1.557198303098646e-5
2.0 1.557209487836486e-5
3.0 1.557228129850175e-5
4.0 1.557254230314054e-5
5.0 1.5572877908740102e-5
6.0 1.5573288136484502e-5
7.0 1.5573773012253856e-5
8.0 1.5574332566639633e-5
9.0 1.557496683495865e-5
10.0 1.557567585728878e-5
10.999999999999998 1.5576459678388135e-5
12.0 1.557731834780037e-5
13.000000000000002 1.5578251919833232e-5
14.0 1.557926045353308e-5
14.999999999999998 1.558034401273476e-5
16.0 1.5581502666062517e-5
17.0 1.558273648696127e-5
18.0 1.5584045553644666e-5
19.0 1.5585429949209025e-5
20.0 1.5586889761572803e-5
21.0 1.558842508353973e-5
21.999999999999996 1.5590036012759233e-5
23.0 1.5591722651819194e-5
24.0 1.559348510821124e-5
25.0 1.559532349437979e-5
26.000000000000004 1.559723792772203e-5
27.0 1.5599228530629876e-5
28.0 1.5601295430498755e-5
29.0 1.560343875975998e-5
29.999999999999996 1.560565865591949e-5
31.0 1.560795526155259e-5
32.0 1.5610328724373532e-5
33.0 1.561277919721779e-5
34.0 1.5615306838109627e-5
35.0 1.5617911810297073e-5
36.0 1.5620594282201946e-5
37.0 1.562335442760613e-5
38.0 1.562619242553175e-5
39.0 1.5629108460369005e-5
40.0 1.563210272188155e-5
41.0 1.5635175405244273e-5
42.0 1.5638326711114276e-5
43.0 1.5641556845600668e-5
43.99999999999999 1.5644866020383194e-5
45.0 1.5648254452706372e-5
46.0 1.5651722365440108e-5
47.0 1.565526998713278e-5
48.0 1.5658897552011784e-5
49.0 1.5662605300122887e-5
50.0 1.566639347728126e-5
51.0 1.5670262335165205e-5
52.00000000000001 1.5674212131405323e-5
53.0 1.5678243129547532e-5
54.0 1.5682355599176776e-5
55.0 1.568654981597768e-5
56.0 1.5690826061733093e-5
57.0 1.5695184624448875e-5
58.0 1.56996257983406e-5
59.0 1.5704149883989613e-5
59.99999999999999 1.570875718833646e-5
61.0 1.5713448024744566e-5
62.0 1.5718222713095105e-5
63.0 1.5723081579854073e-5
64.0 1.572802495815205e-5
65.0 1.5733053187780315e-5
66.0 1.5738166615372053e-5
67.0 1.5743365594406465e-5
68.0 1.5748650485312254e-5
69.0 1.575402165550221e-5
70.0 1.5759479479556166e-5
71.0 1.576502433917798e-5
72.0 1.5770656623369196e-5
73.0 1.5776376728468556e-5
74.0 1.5782185058257773e-5
75.0 1.5788082024027875e-5
76.0 1.5794068044752523e-5
77.0 1.5800143547048618e-5
78.0 1.5806308965373875e-5
79.0 1.5812564742131278e-5
80.0 1.5818911327680278e-5
81.0 1.5825349180518225e-5
82.0 1.583187876735693e-5
83.00000000000001 1.5838500563239665e-5
84.0 1.5845215051644493e-5
85.0 1.585202272459534e-5
86.0 1.585892408277589e-5
87.0 1.5865919635673614e-5
87.99999999999999 1.5873009901653958e-5
89.0 1.58801954081027e-5
90.0 1.5887476691600268e-5
91.0 1.5894854297941935e-5
92.0 1.5902328782378867e-5
92.99999999999999 1.5909900709715718e-5
94.0 1.5917570654388994e-5
95.0 1.5925339200708236e-5
96.0 1.59332069429343e-5
97.0 1.5941174485419503e-5
98.0 1.5949242442816632e-5
99.00000000000001 1.595741144017389e-5
100.0 1.5965682113117475e-5
101.0 1.5974055108033198e-5
102.0 1.5982531082150706e-5
103.0 1.5991110703809184e-5
104.00000000000001 1.5999794652604163e-5
105.0 1.6008583619498625e-5
106.0 1.6017478307059957e-5
107.0 1.602647942969508e-5
108.0 1.6035587713694688e-5
108.99999999999999 1.6044803897541272e-5
110.0 1.605412873211425e-5
111.0 1.6063562980768434e-5
112.0 1.607310741967414e-5
113.0 1.6082762837996187e-5
114.0 1.609253003800708e-5
115.00000000000001 1.6102409835479938e-5
116.0 1.6112403059761176e-5
117.0 1.6122510554090595e-5
118.0 1.6132733175787295e-5
119.0 1.6143071796528085e-5
119.99999999999999 1.6153527302588972e-5
121.0 1.6164100595072694e-5
122.0 1.6174792590169682e-5
123.0 1.6185604219484154e-5
124.0 1.6196536430205786e-5
124.99999999999999 1.620759018549274e-5
126.0 1.6218766464658854e-5
127.0 1.62300662635082e-5
128.0 1.6241490594710238e-5
129.0 1.625304048793548e-5
130.0 1.626471699030011e-5
131.0 1.6276521166675874e-5
132.0 1.6288454099941962e-5
133.0 1.630051689139512e-5
134.0 1.6312710661094512e-5
135.0 1.6325036548125346e-5
136.0 1.6337495711087263e-5
137.0 1.6350089328374702e-5
138.0 1.6362818598590054e-5
139.0 1.6375684740880087e-5
140.0 1.638868899545677e-5
141.0 1.6401832623877703e-5
142.0 1.6415116909522906e-5
143.0 1.6428543158036657e-5
144.0 1.64421126977029e-5
145.0 1.6455826879999622e-5
146.0 1.6469687079973344e-5
147.0 1.648369469675144e-5
148.0 1.649785115400973e-5
149.0 1.6512157900505056e-5
150.0 1.6526616410537238e-5
151.0 1.6541228184540246e-5
152.0 1.6555994749564018e-5
153.0 1.6570917659861533e-5
154.0 1.6585998497448536e-5
155.0 1.660123887268392e-5
156.0 1.6616640424849604e-5
157.0 1.66322048228022e-5
158.0 1.6647933765583686e-5
159.0 1.6663828983082608e-5
160.0 1.667989223668639e-5
161.0 1.6696125319963483e-5
162.0 1.6712530059366407e-5
163.0 1.672910831500557e-5
164.0 1.6745861981268626e-5
164.99999999999997 1.6762792987728338e-5
166.00000000000003 1.6779903299818343e-5
167.0 1.6797194919708126e-5
168.0 1.681466988705071e-5
169.0 1.683233027993131e-5
170.0 1.6850178215694602e-5
171.0 1.6868215851793188e-5
172.0 1.6886445386845413e-5
173.0 1.690486906141745e-5
174.0 1.6923489159192837e-5
174.99999999999997 1.6942308007806307e-5
175.99999999999997 1.6961327979972993e-5
177.00000000000003 1.698055149459409e-5
178.0 1.6999981017735482e-5
179.0 1.7019619063876565e-5
180.0 1.7039468196989483e-5
181.0 1.7059531031856855e-5
182.0 1.7079810235120435e-5
183.0 1.7100308526758214e-5
184.0 1.7121028681290772e-5
185.0 1.7141973529091574e-5
185.99999999999997 1.716314595792544e-5
187.00000000000003 1.7184548914226356e-5
188.0 1.7206185404732492e-5
189.0 1.7228058497858967e-5
190.0 1.7250171325380446e-5
191.0 1.7272527084075777e-5
192.0 1.7295129037278637e-5
193.0 1.731798051675242e-5
194.0 1.7341084924368484e-5
195.0 1.7364445734054824e-5
196.0 1.738806649354479e-5
196.99999999999997 1.7411950826514088e-5
198.00000000000003 1.743610243452338e-5
199.0 1.7460525099087285e-5
200.0 1.7485222683919362e-5
201.0 1.7510199137083773e-5
202.0 1.7535458493402967e-5
203.0 1.756100487679719e-5
204.0 1.7586842502705002e-5
205.0 1.761297568074101e-5
206.0 1.7639408817254885e-5
206.99999999999997 1.7666146418145942e-5
208.00000000000003 1.7693193091594114e-5
209.00000000000003 1.772055355110342e-5
210.0 1.7748232618428914e-5
211.0 1.7776235226771218e-5
212.0 1.7804566424015013e-5
213.0 1.7833231376076054e-5
214.0 1.7862235370420825e-5
215.0 1.7891583819645787e-5
216.0 1.792128226521967e-5
217.0 1.7951336381413804e-5
217.99999999999997 1.7981751979264915e-5
219.00000000000003 1.8012535010711626e-5
220.0 1.8043691573111674e-5
221.0 1.8075227913485413e-5
222.0 1.8107150433331903e-5
223.0 1.8139465693352035e-5
224.0 1.8172180418643084e-5
225.0 1.8205301503702687e-5
226.0 1.8238836017969903e-5
227.0 1.8272791211430334e-5
228.0 1.830717452042227e-5
228.99999999999997 1.834199357372542e-5
230.00000000000003 1.8377256198975213e-5
231.0 1.841297042897038e-5
232.0 1.8449144508787256e-5
233.0 1.8485786902786503e-5
234.0 1.8522906301866237e-5
235.0 1.8560511631389844e-5
236.0 1.859861205902737e-5
237.0 1.8637217003193773e-5
238.0 1.867633614171644e-5
238.99999999999997 1.8715979420848602e-5
239.99999999999997 1.8756157064735022e-5
241.00000000000003 1.8796879585339196e-5
242.0 1.8838157792570376e-5
243.0 1.8880002805083167e-5
244.0 1.89224260613549e-5
245.0 1.896543933148827e-5
246.0 1.9009054729192217e-5
247.0 1.9053284724652233e-5
248.0 1.9098142157751265e-5
249.0 1.914364025183401e-5
249.99999999999997 1.9189792628328185e-5
251.00000000000003 1.923661332189632e-5
252.0 1.9284116796045055e-5
253.0 1.933231796009945e-5
254.0 1.9381232186126858e-5
255.0 1.9430875327256924e-5
256.0 1.948126373668884e-5
257.0 1.9532414287627176e-5
258.0 1.958434439388398e-5
259.0 1.9637072031966768e-5
260.0 1.9690615763732368e-5
261.0 1.9744994760432467e-5
262.0 1.9800228828004674e-5
263.0 1.985633843326015e-5
264.0 1.9913344731538943e-5
265.0 1.9971269596018035e-5
266.0 2.0030135647872725e-5
267.0 2.008996628850998e-5
268.0 2.015078573333157e-5
269.0 2.0212619046739856e-5
270.0 2.027549217961987e-5
271.0 2.0339432008451266e-5
272.0 2.040446637608498e-5
273.0 2.0470624135386364e-5
274.0 2.053793519457424e-5
275.0 2.0606430565170447e-5
276.0 2.0676142412488367e-5
277.0 2.0747104108832618e-5
278.0 2.0819350289464364e-5
279.0 2.0892916911860175e-5
280.0 2.0967841317525755e-5
281.0 2.1044162298201852e-5
282.0 2.1121920164852916e-5
283.0 2.120115682086606e-5
284.0 2.128191583900445e-5
285.0 2.1364242543318767e-5
286.0 2.1448184094855525e-5
287.0 2.1533789582718813e-5
288.0 2.1621110120251793e-5
289.0 2.1710198946376172e-5
290.0 2.1801111533358866e-5
291.0 2.189390570017724e-5
292.0 2.1988641732733834e-5
293.0 2.2085382511299554e-5
294.0 2.218419364500938e-5
295.0 2.2285143614454118e-5
296.0 2.2388303922750766e-5
297.0 2.2493749255824386e-5
298.0 2.26015576516628e-5
299.0 2.2711810680350672e-5
300.0 2.282459363444819e-5
301.0 2.293999573171877e-5
302.0 2.305811032901352e-5
303.0 2.3179035150663992e-5
304.0 2.3302872529423392e-5
305.0 2.3429729663715098e-5
306.0 2.3559718890157583e-5
307.0 2.369295797279443e-5
308.0 2.382957041145489e-5
309.0 2.3969685768809642e-5
310.0 2.4113440018404374e-5
311.0 2.4260975915146064e-5
312.0 2.441244338929634e-5
313.0 2.4567999965935438e-5
314.0 2.4727811212150797e-5
315.0 2.4892051212862308e-5
316.0 2.506090307863996e-5
317.0 2.523455948669874e-5
318.0 2.5413223258687988e-5
319.0 2.5597107977142993e-5
320.0 2.578643864392265e-5
321.0 2.598145238426674e-5
322.0 2.6182399199137465e-5
323.0 2.638954277114537e-5
324.0 2.660316132701703e-5
325.0 2.6823548562363954e-5
326.0 2.7051014633805858e-5
327.0 2.728588722376877e-5
328.0 2.7528512685919873e-5
329.0 2.7779257275580288e-5
329.99999999999994 2.8038508477553054e-5
331.0 2.8306676435924597e-5
332.00000000000006 2.858419549888152e-5
333.0 2.8871525888220143e-5
334.0 2.9169155507335244e-5
335.0 2.9477601900986788e-5
336.0 2.9797414383606462e-5
337.0 3.0129176353967304e-5
338.0 3.047350781659727e-5
339.0 3.08310681324821e-5
340.0 3.120255902744805e-5
340.99999999999994 3.158872788583652e-5
342.0 3.19903713630975e-5
343.00000000000006 3.240833935821469e-5
344.0 3.284353938744955e-5
345.0 3.3296941411004294e-5
346.0 3.3769583167224405e-5
347.0 3.4262576084152575e-5
348.0 3.4777111839197946e-5
349.0 3.5314469653003534e-5
349.99999999999994 3.5876024419678424e-5
351.0 3.646325578270454e-5
351.99999999999994 3.707775829087404e-5
353.0 3.772125278052997e-5
354.00000000000006 3.8395599166291114e-5
355.0 3.910281083612747e-5
356.0 3.984507088756744e-5
357.0 4.062475048455122e-5
358.0 4.1444429647285955e-5
359.0 4.230692085626678e-5
360.0 4.3215295902040696e-5
360.99999999999994 4.417291650549343e-5
362.0 4.5183469309959226e-5
363.00000000000006 4.6251005959890284e-5
364.0 4.737998912338371e-5
365.0 4.85753454580987e-5
366.0 4.984252671686633e-5
367.0 5.1187580411640905e-5
368.0 5.261723173621821e-5
369.0 5.4138978759286274e-5
370.0 5.576120328897525e-5
371.0 5.749330028380559e-5
371.99999999999994 5.934582919966997e-5
373.0 6.133069130606682e-5
374.00000000000006 6.34613376901392e-5
375.0 6.575301345902086e-5
376.0 6.822304441258792e-5
377.0 7.089117316187249e-5
378.0 7.377995211782607e-5
379.0 7.691520053839658e-5
380.0 8.03265313418427e-5
381.0 8.404794952116755e-5
382.0 8.811851569148115e-5
382.99999999999994 9.258305220507875e-5
384.0 9.749283945652065e-5
385.00000000000006 0.00010290619643485958
386.0 0.00010888874550641275
387.0 0.00011551299917453597
388.0 0.000122856633243841
389.0 0.00013099836287687973
390.0 0.00014000963903508247
391.0 0.00014993937946749408
392.0 0.00016078774521400418
393.0 0.00017246417508576218
393.99999999999994 0.00018472630464001077
395.0 0.00019710394078604552
396.00000000000006 0.0002088314964511619
397.0 0.00021884386864615455
398.0 0.00022591329771550563
399.0 0.00022896402665893579
400.0 0.00022746307571955922
401.0 0.00022165010937841357
402.0 0.0002124333701513875
403.0 0.00020103185454737794
404.0 0.00018860679362239435
404.99999999999994 0.0001760513432420263
406.0 0.00016394750287432102
407.00000000000006 0.00015261750243922127
408.0 0.00014220161402870858
409.0 0.00013272707081991343
410.0 0.00012415785769434034
411.0 0.00011642682167465533
412.0 0.00010945482659468837
413.0 0.00010316142929556593
413.99999999999994 9.747037254107942e-5
415.0 9.231206091728697e-5
416.00000000000006 8.762435762862897e-5
417.0 8.335249549903892e-5
418.00000000000006 7.944855832906433e-5
419.0 7.587078698072724e-5
420.0 7.258284685794799e-5
421.0 6.955312607454629e-5
422.0 6.675409583886394e-5
423.0 6.416174404330388e-5
424.0 6.175508226545468e-5
424.99999999999994 5.951572116313812e-5
426.0 5.7427507062252454e-5
427.00000000000006 5.547621203813428e-5
428.0 5.364927002373356e-5
429.0 5.193555220240282e-5
430.0 5.032517572848435e-5
431.0 4.880934061571703e-5
432.0 4.738019044186202e-5
433.0 4.6030693123294306e-5
434.0 4.47545386724418e-5
435.0 4.354605128138736e-5
435.99999999999994 4.2400113570306765e-5
437.0 4.1312101127580485e-5
438.00000000000006 4.0277825814323765e-5
439.0 3.9293486532633807e-5
440.0 3.8355626364806025e-5
441.0 3.74610951689544e-5
442.0 3.6607016855216154e-5
443.0 3.579076068613117e-5
444.0 3.500991605341281e-5
445.0 3.426227024886173e-5
446.0 3.3545788837751e-5
446.99999999999994 3.285859829219441e-5
448.0 3.219897058286104e-5
449.00000000000006 3.156530949032834e-5
450.0 3.0956138413702917e-5
451.0 3.037008949039726e-5
452.0 2.980589387172811e-5
453.0 2.9262373011878203e-5
454.0 2.87384308509442e-5
455.0 2.8233046789541675e-5
456.0 2.774526936302717e-5
457.0 2.7274210534281882e-5
457.99999999999994 2.6819040541160505e-5
459.0 2.6378983229967344e-5
460.00000000000006 2.5953311831796903e-5
461.0 2.5541345123999757e-5
462.0 2.514244394700892e-5
463.0 2.4756008028118756e-5
464.0 2.4381473092366246e-5
465.0 2.4018308221770514e-5
466.0 2.3666013444366334e-5
467.0 2.3324117527860567e-5
468.0 2.2992175957827433e-5
468.99999999999994 2.2669769084049547e-5
470.0 2.235650041913363e-5
471.00000000000006 2.205199507267571e-5
472.0 2.175589831252327e-5
473.0 2.1467874238026714e-5
474.0 2.1187604557859712e-5
475.0 2.0914787460395708e-5
476.0 2.0649136571833884e-5
477.0 2.039037999246263e-5
477.99999999999994 2.0138259403667867e-5
479.0 1.989252924310712e-5
479.99999999999994 1.9652955938379223e-5
481.0 1.9419317196944612e-5
482.00000000000006 1.91914013481012e-5
483.0 1.8969006730703472e-5
484.0 1.8751941124713124e-5
485.0 1.854002122403946e-5
486.0 1.8333072144617278e-5
487.0 1.8130926968516958e-5
488.0 1.793342631866458e-5
488.99999999999994 1.774041796476565e-5
490.0 1.7551756454698785e-5
491.00000000000006 1.7367302773774312e-5
492.0 1.718692402613216e-5
493.0 1.7010493139775073e-5
494.0 1.6837888592121103e-5
495.0 1.666899415509499e-5
496.0 1.6503698658740603e-5
497.0 1.6341895772349635e-5
498.0 1.6183483801825473e-5
499.0 1.6028365502454108e-5
499.99999999999994 1.5876447906279966e-5
501.0 1.5727642163386438e-5
502.00000000000006 1.558186339610942e-5
503.0 1.5439030565556622e-5
504.0 1.5299066350270496e-5
505.0 1.5161897035795285e-5
506.0 1.5027452414686247e-5
507.0 1.4895665697462465e-5
508.0 1.4766473431819803e-5
509.0 1.4639815432458881e-5
510.0 1.4515634718326521e-5
510.99999999999994 1.4393877458586882e-5
512.0 1.4274492926298106e-5
513.0 1.4157433458914917e-5
514.0 1.4042654425493475e-5
515.0 1.3930114200279313e-5
516.0 1.381977414115736e-5
517.0 1.3711598573689278e-5
518.0 1.3605554778548187e-5
519.0 1.3501612982520774e-5
520.0 1.3399746352520416e-5
521.0 1.3299930990306114e-5
522.0 1.3202145928454626e-5
523.0 1.3106373125267204e-5
524.0 1.3012597458404825e-5
525.0 1.2920806714601263e-5
526.0 1.2830991575326525e-5
527.0 1.2743145596031559e-5
528.0 1.2657265177188636e-5
529.0 1.2573349525870284e-5
530.0 1.2491400605176212e-5
531.0 1.2411423070440858e-5
532.0 1.2333424189194136e-5
533.0 1.2257413743328973e-5
534.0 1.218340391172354e-5
535.0 1.2111409130403011e-5
536.0 1.2041445929494718e-5
537.0 1.1973532744496044e-5
538.0 1.1907689701359453e-5
539.0 1.1843938373508266e-5
540.0 1.178230151127048e-5
541.0 1.1722802743432254e-5
542.0 1.1665466251444362e-5
543.0 1.1610316418411074e-5
544.0 1.155737745461975e-5
545.0 1.1506673003309933e-5
546.0 1.145822573031594e-5
547.0 1.141205690269257e-5
548.0 1.1368185962450668e-5
549.0 1.1326630101148676e-5
550.0 1.1287403843168171e-5
551.0 1.125051864471621e-5
552.0 1.1215982516728915e-5
553.0 1.1183799678695183e-5
554.0 1.1153970251890458e-5
555.0 1.1126489997832767e-5
556.0 1.1101350108620151e-5
557.0 1.1078537054116505e-5
558.0 1.1058032489371333e-5
559.0 1.1039813224865815e-5
560.0 1.1023851260117662e-5
561.0 1.1010113879775203e-5
562.0 1.0998563809779756e-5
563.0 1.0989159429857262e-5
564.0 1.0981855036798932e-5
565.0 1.0976601152693476e-5
566.0 1.097334487058834e-5
567.0 1.0972030230145467e-5
568.0 1.0972598615181515e-5
569.0 1.0974989165080554e-5
570.0 1.0979139192320694e-5
571.0 1.0984984598764358e-5
572.0 1.0992460283949616e-5
573.0 1.1001500539494898e-5
574.0 1.1012039424507691e-5
575.0 1.1024011117812015e-5
576.0 1.1037350243785173e-5
577.0 1.105199216942781e-5
578.0 1.106787327121675e-5
579.0 1.1084931171013407e-5
580.0 1.1103104941011019e-5
581.0 1.1122335278302127e-5
582.0 1.1142564650186663e-5
583.0 1.1163737411535115e-5
584.0 1.118579989621574e-5
585.0 1.1208700484300015e-5
586.0 1.1232389647346452e-5
587.0 1.1256819973803983e-5
588.0 1.1281946176836925e-5
589.0 1.1307725086550831e-5
590.0 1.1334115628805835e-5
591.0 1.1361078792541155e-5
592.0 1.1388577587365292e-5
593.0 1.1416576993182386e-5
594.0 1.1445043903347125e-5
595.0 1.1473947062716343e-5
596.0 1.150325700191933e-5
597.0 1.1532945968863853e-5
598.0 1.1562987858435571e-5
599.0 1.15933581412997e-5
600.0 1.1624033792426613e-5
601.0 1.1654993220060962e-5
602.0 1.1686216195470566e-5
603.0 1.1717683784108223e-5
604.0 1.1749378278275849e-5
605.0 1.1781283131826989e-5
606.0 1.1813382896896425e-5
607.0 1.1845663162947106e-5
608.0 1.1878110498121028e-5
609.0 1.1910712393143333e-5
610.0 1.1943457207585211e-5
611.0 1.1976334118751899e-5
612.0 1.2009333072885783e-5
613.0 1.2042444738991918e-5
614.0 1.2075660464892645e-5
615.0 1.2108972235717914e-5
616.0 1.2142372634618176e-5
617.0 1.2175854805643645e-5
618.0 1.2209412418788215e-5
619.0 1.2243039636973663e-5
620.0 1.2276731084987383e-5
621.0 1.2310481820302878e-5
622.0 1.2344287305557443e-5
623.0 1.2378143382797398e-5
624.0 1.2412046249196564e-5
625.0 1.2445992434357505e-5
626.0 1.247997877893187e-5
627.0 1.2514002414679763e-5
628.0 1.2548060745651489e-5
629.0 1.2582151430695615e-5
630.0 1.2616272366959301e-5
631.0 1.2650421674497075e-5
632.0 1.268459768186234e-5
633.0 1.2718798912575361e-5
634.0 1.2753024072526087e-5
635.0 1.2787272038158047e-5
636.0 1.2821541845363779e-5
637.0 1.2855832679200217e-5
638.0 1.289014386416601e-5
639.0 1.2924474855190895e-5
640.0 1.2958825229163788e-5
641.0 1.2993194677008149e-5
642.0 1.3027582996305461e-5
643.0 1.3061990084360403e-5
644.0 1.309641593175548e-5
645.0 1.313086061629139e-5
646.0 1.316532429732376e-5
647.0 1.3199807210518368e-5
648.0 1.3234309662871919e-5
649.0 1.3268832028118504e-5
650.0 1.3303374742414947e-5
651.0 1.3337938300291283e-5
652.0 1.3372523250885585e-5
653.0000000000001 1.3407130194440697e-5
654.0 1.3441759778984972e-5
655.0 1.3476412697259295e-5
656.0 1.3511089683868842e-5
657.0 1.3545791512550924e-5
658.0 1.3580518993691217e-5
659.0 1.3615272971990194e-5
659.9999999999999 1.3650054324252307e-5
661.0 1.3684863957337817e-5
662.0 1.3719702806267256e-5
663.0 1.3754571832407554e-5
664.0000000000001 1.378947202186039e-5
665.0 1.3824404383844971e-5
666.0 1.385936994931706e-5
667.0 1.3894369769534402e-5
668.0 1.3929404914860137e-5
669.0 1.3964476473568271e-5
670.0 1.3999585550736868e-5
670.9999999999999 1.4034733267233408e-5
672.0 1.4069920758772331e-5
673.0 1.4105149175011653e-5
674.0 1.4140419678761734e-5
675.0000000000001 1.417573344517608e-5
676.0 1.421109166108796e-5
677.0 1.4246495524315578e-5
678.0 1.4281946243057982e-5
679.0 1.4317445035352976e-5
680.0 1.435299312851811e-5
681.0 1.4388591758684988e-5
681.9999999999999 1.4424242170352298e-5
683.0 1.445994561595866e-5
684.0 1.4495703355532663e-5
685.0 1.4531516656283076e-5
686.0000000000001 1.4567386792372023e-5
687.0 1.4603315044516496e-5
688.0 1.4639302699807338e-5
688.9999999999999 1.467535105141868e-5
690.0 1.4711461398388548e-5
691.0 1.4747635045437939e-5
692.0 1.4783873302787077e-5
692.9999999999999 1.4820177485970958e-5
694.0 1.4856548915731745e-5
695.0 1.4892988917863245e-5
696.0 1.4929498823122613e-5
697.0000000000001 1.4966079967096184e-5
698.0 1.500273369016912e-5
699.0 1.503946133741189e-5
699.9999999999999 1.5076264258553607e-5
701.0 1.5113143807918965e-5
702.0 1.5150101344398765e-5
703.0 1.5187138231423594e-5
703.9999999999999 1.5224255836963322e-5
705.0 1.526145553351225e-5
706.0 1.5298738698079036e-5
707.0 1.5336106712231926e-5
708.0000000000001 1.5373560962092356e-5
709.0 1.541110283837039e-5
710.0 1.5448733736405542e-5
710.9999999999999 1.5486455056209213e-5
712.0 1.5524268202505576e-5
713.0 1.556217458478129e-5
714.0 1.5600175617366213e-5
715.0000000000001 1.5638272719475907e-5
716.0 1.5676467315298864e-5
717.0 1.5714760834062692e-5
718.0 1.5753154710121307e-5
719.0000000000001 1.579165038304567e-5
720.0 1.5830249297696042e-5
721.0 1.586895290433447e-5
721.9999999999999 1.5907762658715568e-5
723.0 1.594668002218744e-5
724.0 1.598570646179272e-5
725.0 1.602484345041897e-5
726.0000000000001 1.606409246684439e-5
727.0 1.6103454995912493e-5
728.0 1.614293252863545e-5
729.0 1.6182526562309623e-5
730.0 1.6222238600671276e-5
731.0 1.626207015398888e-5
732.0 1.6302022739232054e-5
732.9999999999999 1.634209788020498e-5
734.0 1.6382297107673245e-5
735.0 1.642262195954931e-5
736.0 1.6463073980987902e-5
737.0000000000001 1.650365472458634e-5
738.0 1.6544365750525657e-5
739.0 1.6585208626741372e-5
740.0 1.6626184929084883e-5
741.0 1.6667296241460265e-5
742.0 1.6708544156097423e-5
743.0 1.6749930273630303e-5
743.9999999999999 1.679145620333323e-5
745.0 1.6833123563300582e-5
746.0 1.687493398065212e-5
747.0 1.6916889091752026e-5
748.0000000000001 1.6958990542364745e-5
749.0 1.7001239987938016e-5
750.0 1.704363909378708e-5
751.0 1.708618953533947e-5
752.0 1.7128892998372503e-5
753.0 1.7171751179285616e-5
754.0 1.7214765785332148e-5
754.9999999999999 1.725793853491026e-5
756.0 1.7301271157826626e-5
757.0 1.7344765395658198e-5
758.0 1.7388423001949484e-5
759.0000000000001 1.7432245742650026e-5
760.0 1.7476235396401526e-5
761.0 1.752039375490495e-5
762.0 1.7564722623315803e-5
763.0 1.7609223820621888e-5
764.0 1.7653899180105816e-5
765.0 1.7698750549760528e-5
765.9999999999999 1.7743779792798783e-5
767.0 1.7788988788114917e-5
768.0 1.7834379430899236e-5
769.0 1.7879953633149996e-5
770.0000000000001 1.79257133243374e-5
771.0 1.7971660452025563e-5
772.0 1.8017796982655033e-5
773.0 1.806412490222315e-5
774.0 1.811064621713775e-5
775.0 1.8157362955129577e-5
776.0 1.820427716617287e-5
776.9999999999999 1.8251390923497073e-5
778.0 1.8298706324749814e-5
779.0 1.8346225493147812e-5
780.0 1.8393950578814205e-5
781.0000000000001 1.8441883760161754e-5
782.0 1.849002724543938e-5
783.0 1.853838327436457e-5
784.0 1.8586954119968886e-5
785.0 1.86357420905051e-5
786.0 1.868474953160957e-5
787.0 1.873397882859256e-5
787.9999999999999 1.8783432408976e-5
789.0 1.8833112745198608e-5
790.0 1.8883022357626894e-5
791.0 1.893316381778167e-5
792.0000000000001 1.898353975185121e-5
793.0 1.9034152844540848e-5
794.0 1.9085005843231848e-5
795.0 1.9136101562500835e-5
796.0 1.918744288904125e-5
797.0 1.923903278701843e-5
798.0 1.9290874303764352e-5
798.9999999999999 1.9342970576160097e-5
800.0 1.9395324837277255e-5
801.0 1.9447940423710095e-5
802.0 1.9500820783424157e-5
803.0000000000001 1.95539694841773e-5
804.0 1.9607390222553737e-5
805.0 1.9661086833544736e-5
806.0 1.9715063300854894e-5
807.0 1.9769323767712005e-5
808.0 1.982387254826383e-5
809.0 1.9878714139522005e-5
809.9999999999999 1.993385323380678e-5
811.0 1.998929473143026e-5
812.0 2.004504375373856e-5
813.0 2.0101105656113554e-5
814.0000000000001 2.0157486040786574e-5
815.0 2.0214190769207854e-5
816.0 2.027122597354171e-5
816.9999999999999 2.032859806675539e-5
818.0 2.038631375099932e-5
819.0 2.0444380023330068e-5
820.0 2.0502804178116118e-5
820.9999999999999 2.0561593805305838e-5
822.0 2.0620756783349826e-5
823.0 2.0680301265702897e-5
824.0 2.07402356595747e-5
825.0000000000001 2.0800568595664514e-5
826.0 2.08613088872203e-5
827.0 2.092246547724925e-5
827.9999999999999 2.0984047372338844e-5
829.0 2.1046063562015695e-5
830.0 2.1108522922992527e-5
831.0 2.1171434107754407e-5
832.0000000000001 2.1234805418145457e-5
833.0 2.129864466505793e-5
834.0 2.1362959016746156e-5
835.0 2.142775483922079e-5
836.0000000000001 2.1493037533872785e-5
837.0 2.155881137819483e-5
838.0 2.162507937739604e-5
838.9999999999999 2.1691843134912906e-5
840.0 2.175910275081875e-5
841.0 2.1826856756467885e-5
842.0 2.189510209339081e-5
843.0000000000001 2.196383414244387e-5
844.0 2.2033046806972036e-5
845.0 2.2102732650955393e-5
846.0 2.2172883089636644e-5
847.0000000000001 2.2243488626769787e-5
848.0 2.231453912939916e-5
849.0 2.2386024128842667e-5
849.9999999999999 2.245793313425028e-5
851.0 2.2530255944995642e-5
852.0 2.2602982948113212e-5
853.0 2.2676105388510457e-5
854.0000000000001 2.274961560197877e-5
855.0 2.282350720354044e-5
856.0 2.2897775227079563e-5
857.0 2.2972416214893195e-5
858.0 2.3047428258691833e-5
859.0 2.3122810996070907e-5
860.0 2.319856556767338e-5
860.9999999999999 2.3274694542111982e-5
862.0 2.3351201815569018e-5
863.0 2.3428092493282087e-5
864.0 2.350537275981332e-5
865.0000000000001 2.3583049744127526e-5
866.0 2.3661131384550743e-5
867.0 2.373962629791768e-5
868.0 2.3818543656101387e-5
869.0 2.389789307214562e-5
870.0 2.3977684497415655e-5
871.0 2.4057928130841087e-5
871.9999999999999 2.4138634339830438e-5
873.0 2.421981359324005e-5
874.0 2.4301476405350584e-5
875.0 2.4383633290274977e-5
876.0000000000001 2.4466294725639008e-5
877.0 2.4549471124874446e-5
878.0 2.4633172816585972e-5
879.0 2.4717410030491176e-5
880.0 2.4802192888591144e-5
881.0 2.4887531400972095e-5
882.0 2.4973435465289743e-5
882.9999999999999 2.5059914869299616e-5
884.0 2.5146979295797567e-5
885.0 2.523463832938582e-5
886.0 2.532290146478888e-5
887.0000000000001 2.541177811610336e-5
888.0 2.5501277626747423e-5
889.0 2.559140927999287e-5
890.0 2.5682182309658176e-5
891.0 2.5773605910905893e-5
892.0 2.586568925094198e-5
893.0 2.595844147963666e-5
893.9999999999999 2.60518717398683e-5
895.0 2.6145989177530377e-5
896.0 2.6240802951270136e-5
897.0 2.6336322241876103e-5
898.0000000000001 2.643255626130358e-5
899.0 2.6529514261165834e-5
900.0 2.662720554118923e-5
901.0 2.672563945700688e-5
902.0 2.6824825427677143e-5
903.0 2.6924772943021882e-5
904.0 2.7025491570405844e-5
904.9999999999999 2.7126990961504238e-5
906.0 2.72292808584632e-5
907.0 2.7332371100182192e-5
908.0 2.743627162797191e-5
909.0000000000001 2.754099249138733e-5
910.0 2.7646543853428877e-5
911.0 2.7752935996041163e-5
912.0 2.7860179325013827e-5
913.0 2.7968284375053078e-5
914.0 2.8077261814593364e-5
915.0 2.8187122450411884e-5
915.9999999999999 2.8297877232345335e-5
917.0 2.840953725777154e-5
918.0 2.8522113776070893e-5
919.0 2.8635618192986296e-5
920.0000000000001 2.8750062074990582e-5
921.0 2.8865457153527973e-5
922.0 2.898181532938358e-5
923.0 2.9099148676833435e-5
924.0 2.921746944789084e-5
925.0 2.9336790076552554e-5
926.0 2.9457123183005354e-5
926.9999999999999 2.95784815778535e-5
928.0 2.970087826638776e-5
929.0 2.9824326452803562e-5
930.0 2.9948839544566257e-5
931.0000000000001 3.007443115664421e-5
932.0 3.020111511596884e-5
933.0 3.0328905465774565e-5
934.0 3.0457816469987502e-5
935.0 3.058786261789189e-5
936.0 3.071905862849194e-5
937.0 3.085141945518979e-5
937.9999999999999 3.098496029056303e-5
939.0 3.1119696570904837e-5
940.0 3.125564398110331e-5
941.0 3.139281845956377e-5
942.0000000000001 3.1531236203091856e-5
943.0 3.167091367184657e-5
944.0 3.1811867594624856e-5
944.9999999999999 3.195411497382842e-5
946.0 3.209767309080848e-5
947.0 3.224255951128388e-5
948.0 3.238879209057686e-5
948.9999999999999 3.2536388979378765e-5
950.0 3.2685368629122435e-5
951.0 3.2835749797902064e-5
952.0 3.298755155607208e-5
953.0000000000001 3.3140793292295004e-5
954.0 3.329549471944795e-5
955.0 3.34516758807317e-5
955.9999999999999 3.3609357155942905e-5
957.0 3.376855926756262e-5
958.0 3.392930328737788e-5
959.0 3.40916106428659e-5
959.9999999999999 3.4255503123815304e-5
961.0 3.4421002888972835e-5
962.0 3.458813247297873e-5
963.0 3.4756914793144126e-5
964.0000000000001 3.492737315657777e-5
965.0 3.509953126720833e-5
966.0 3.527341323312048e-5
966.9999999999999 3.5449043573769666e-5
968.0 3.562644722749077e-5
969.0 3.5805649558978654e-5
970.0 3.598667636696257e-5
971.0000000000001 3.616955389185652e-5
972.0 3.635430882366194e-5
973.0 3.654096830986654e-5
974.0 3.672955996329752e-5
975.0000000000001 3.692011187045884e-5
976.0 3.711265259943901e-5
977.0 3.730721120835102e-5
977.9999999999999 3.7503817253523715e-5
979.0 3.770250079791147e-5
980.0 3.790329241951216e-5
981.0 3.810622321990368e-5
982.0000000000001 3.831132483274012e-5
983.0 3.8518629432267225e-5
984.0 3.872816974201511e-5
985.0 3.893997904334e-5
986.0 3.9154091184015476e-5
987.0 3.9370540586964066e-5
988.0 3.9589362258652874e-5
988.9999999999999 3.98105917977622e-5
990.0 4.0034265403586874e-5
991.0 4.0260419884667275e-5
992.0 4.04890926667849e-5
993.0000000000001 4.072032180149115e-5
994.0 4.095414597406113e-5
995.0 4.1190604511345004e-5
996.0 4.1429737389721176e-5
997.0 4.16715852424693e-5
998.0 4.191618936711258e-5
999.0 4.2163591732482156e-5
999.9999999999999 4.241383498534848e-5
1001.0 4.2666962456838444e-5
1002.0 4.292301816840295e-5
1003.0 4.318204683723123e-5
1004.0000000000001 4.344409388159992e-5
1005.0 4.370920542496487e-5
1006.0 4.397742830021774e-5
1007.0 4.424881005278564e-5
1008.0 4.452339894327856e-5
1009.0 4.480124394907227e-5
1010.0 4.5082394765495995e-5
1010.9999999999999 4.5366901805504945e-5
1012.0 4.5654816198827085e-5
1013.0 4.59461897897147e-5
1014.0 4.6241075133459784e-5
1015.0000000000001 4.653952549176075e-5
1016.0 4.6841594826669624e-5
1017.0 4.7147337792588213e-5
1018.0 4.7456809727244444e-5
1019.0 4.7770066640083336e-5
1020.0 4.8087165199458024e-5
1021.0 4.8408162717070085e-5
1021.9999999999999 4.873311713031754e-5
1023.0 4.9062086982429e-5
1024.0 4.9395131399393554e-5
1025.0 4.9732310064692296e-5
1026.0 5.0073683190116574e-5
1027.0 5.041931148394742e-5
1028.0 5.07692561153481e-5
1029.0 5.112357867470263e-5
1030.0 5.1482341129930855e-5
1031.0 5.1845605778679805e-5
1032.0 5.221343519530336e-5
1033.0 5.258589217299835e-5
1034.0 5.29630396604218e-5
1035.0 5.334494069277597e-5
1036.0 5.3731658315762645e-5
1037.0 5.4123255504304315e-5
1038.0 5.4519795072665045e-5
1039.0 5.492133957793046e-5
1040.0 5.5327951215055996e-5
1041.0 5.573969170319269e-5
1042.0 5.615662216300848e-5
1043.0 5.657880298385184e-5
1044.0 5.700629368099379e-5
1045.0 5.743915274123526e-5
1046.0 5.787743745694778e-5
1047.0 5.8321203747677576e-5
1048.0 5.8770505968336396e-5
1049.0 5.922539670344304e-5
1050.0 5.9685926546215845e-5
1051.0 6.0152143862188414e-5
1052.0 6.062409453607243e-5
1053.0 6.11018217010234e-5
1054.0 6.158536544959954e-5
1055.0 6.20747625243922e-5
1056.0 6.25700459898469e-5
1057.0 6.307124488066501e-5
1058.0 6.357838382885346e-5
1059.0 6.409148266707663e-5
1060.0 6.461055600651591e-5
1061.0 6.513561279064789e-5
1062.0 6.566665582019351e-5
1063.0 6.620368125253635e-5
1064.0 6.67466780704424e-5
1065.0 6.729562752280295e-5
1066.0 6.785050253368144e-5
1067.0 6.841126708078703e-5
1068.0 6.897787554166423e-5
1069.0 6.955027200750107e-5
1070.0 7.012838956402424e-5
1071.0 7.071214953893212e-5
1072.0 7.130146071684942e-5
1073.0 7.189621852051285e-5
1074.0 7.249630415990038e-5
1075.0 7.310158374994076e-5
1076.0 7.371190739699839e-5
1077.0 7.432710825749957e-5
1078.0 7.494700156806672e-5
1079.0 7.557138365327568e-5
1080.0 7.620003091056033e-5
1081.0 7.683269877805727e-5
1082.0 7.746912069010572e-5
1083.0 7.810900702286407e-5
1084.0 7.875204403995306e-5
1085.0 7.939789284113434e-5
1086.0 8.00461883241656e-5
1087.0 8.069653816770121e-5
1088.0 8.1348521843964e-5
1089.0 8.200168967411907e-5
1090.0 8.265556193541972e-5
1091.0 8.330962803535896e-5
1092.0 8.396334576517545e-5
1093.0 8.461614064823097e-5
1094.0 8.526740539964449e-5
1095.0 8.591649951355848e-5
1096.0 8.656274899659154e-5
1097.0 8.720544626456014e-5
1098.0 8.784385022406008e-5
1099.0 8.847718655600627e-5
1100.0 8.910464822183957e-5
1101.0 8.972539621233399e-5
1102.0 9.033856055663513e-5
1103.0 9.09432416110386e-5
1104.0 9.153851164314523e-5
1105.0 9.212341672769264e-5
1106.0 9.26969789660101e-5
1107.0 9.325819903933527e-5
1108.0 9.380605910458702e-5
1109.0 9.433952603362874e-5
1110.0 9.485755499640742e-5
1111.0 9.535909338279181e-5
1112.0 9.584308505061709e-5
1113.0 9.630847488543049e-5
1114.0 9.675421364807783e-5
1115.0 9.717926308378022e-5
1116.0 9.758260125618427e-5
1117.0 9.796322806757918e-5
1118.0 9.832017091884701e-5
1119.0 9.865249045677317e-5
1120.0 9.895928635190969e-5
1121.0 9.923970304770786e-5
1122.0 9.949293541436615e-5
1123.0 9.971823424237254e-5
1124.0 9.991491150742826e-5
1125.0 0.00010008234533896239
1126.0 0.00010021998462553998
1127.0 0.00010032735319497098
1128.0 0.00010040405350783672
1129.0 0.00010044976981251134
1130.0 0.00010046427071347275
1131.0 0.00010044741111433966
1132.0 0.00010039913350539299
1133.0 0.00010031946857487373
1134.0 0.00010020853513400423
1135.0 0.00010006653935548584
1136.0 9.989377333624396e-5
1137.0 9.969061300488173e-5
1138.0 9.945751540469461e-5
1139.0 9.919501539118948e-5
1140.0 9.89037217918474e-5
1141.0 9.858431308241826e-5
1142.0 9.82375326396054e-5
1143.0 9.786418363429787e-5
1144.0 9.746512363288014e-5
1145.0 9.704125897477044e-5
1146.0 9.659353899540675e-5
1147.0 9.612295016185302e-5
1148.0 9.563051018651503e-5
1149.0 9.511726218068849e-5
1150.0 9.458426890566208e-5
1151.0 9.403260717365545e-5
1152.0 9.346336244561329e-5
1153.0 9.287762366658238e-5
1154.0 9.227647837418003e-5
1155.0 9.166100810717451e-5
1156.0 9.103228413822901e-5
1157.0 9.039136354551834e-5
1158.0 8.973928563505924e-5
1159.0 8.907706871786625e-5
1160.0 8.840570724357571e-5
1161.0 8.772616928559102e-5
1162.0 8.703939437073289e-5
1163.0 8.634629164179661e-5
1164.0 8.564773833980325e-5
1165.0 8.494457858938489e-5
1166.0 8.423762246963505e-5
1167.0 8.35276453518633e-5
1168.0 8.281538748348352e-5
1169.0 8.210155379869929e-5
1170.0 8.138681393435589e-5
1171.0 8.067180243141251e-5
1172.0 7.995711910168237e-5
1173.0 7.924332954133694e-5
1174.0 7.853096577063397e-5
1175.0 7.782052698526025e-5
1176.0 7.711248039954916e-5
1177.0 7.640726216886157e-5
1178.0 7.57052783743122e-5
1179.0 7.500690605878011e-5
1180.0 7.431249430025805e-5
1181.0 7.362236531362139e-5
1182.0 7.29368155680457e-5
1183.0 7.22561169150161e-5
1184.0 7.158051771558689e-5
1185.0 7.091024396269156e-5
1186.0 7.024550039049127e-5
1187.0 6.958647156775138e-5
1188.0 6.8933322968932e-5
1189.0 6.828620202037209e-5
1190.0 6.764523911869747e-5
1191.0 6.701054861820623e-5
1192.0 6.638222978614052e-5
1193.0 6.576036772392888e-5
1194.0 6.51450342535612e-5
1195.0 6.453628876826719e-5
1196.0 6.393417904723446e-5
1197.0 6.33387420344494e-5
1198.0 6.275000458188143e-5
1199.0 6.216798415643562e-5
1200.0 6.159268951326697e-5
1201.0 6.102412133366862e-5
1202.0 6.046227283043192e-5
1203.0 5.990713032054203e-5
1204.0 5.9358673766212815e-5
1205.0 5.881687728583918e-5
1206.0 5.828170963556458e-5
1207.0 5.775313466259424e-5
1208.0 5.723111173171573e-5
1209.0 5.6715596126008686e-5
1210.0 5.620653942212745e-5
1211.0 5.570388984343304e-5
1212.0 5.5207592589200646e-5
1213.0 5.471759014351333e-5
1214.0 5.4233822563654994e-5
1215.0 5.375622774891806e-5
1216.0 5.3284741691797524e-5
1217.0 5.281929871185105e-5
1218.0 5.235983167296299e-5
1219.0 5.1906272185668285e-5
1220.0 5.145855079507731e-5
1221.0 5.101659715479374e-5
1222.0 5.058034018851027e-5
1223.0 5.0149708238999115e-5
1224.0 4.9724629206546654e-5
1225.0 4.930503067602562e-5
1226.0 4.889084003437949e-5
1227.0 4.8481984578876584e-5
1228.0 4.807839161640605e-5
1229.0 4.767998855461729e-5
1230.0 4.7286702985571225e-5
1231.0 4.689846276205334e-5
1232.0 4.651519606730038e-5
1233.0 4.6136831478533276e-5
1234.0 4.576329802469593e-5
1235.0 4.539452523861087e-5
1236.0 4.5030443204302733e-5
1237.0 4.4670982599424736e-5
1238.0 4.4316074733519314e-5
1239.0 4.396565158211517e-5
1240.0 4.3619645817084e-5
1241.0 4.3277990833306325e-5
1242.0 4.2940620772527456e-5
1243.0 4.260747054375815e-5
1244.0 4.227847584114848e-5
1245.0 4.1953573159299634e-5
1246.0 4.1632699805828185e-5
1247.0 4.13157939124346e-5
1248.0 4.10027944431052e-5
1249.0 4.069364120122838e-5
1250.0 4.0388274834382933e-5
1251.0 4.008663683781964e-5
1252.0 3.978866955661137e-5
1253.0 3.949431618614515e-5
1254.0 3.920352077163947e-5
1255.0 3.891622820650787e-5
1256.0 3.863238422960673e-5
1257.0 3.835193542162427e-5
1258.0 3.807482920068673e-5
1259.0 3.7801013817098364e-5
1260.0 3.753043834736241e-5
1261.0 3.7263052687739167e-5
1262.0 3.6998807547087686e-5
1263.0 3.673765443933136e-5
1264.0 3.647954567530976e-5
1265.0 3.6224434354297874e-5
1266.0 3.597227435539939e-5
1267.0 3.572302032823907e-5
1268.0 3.54766276836385e-5
1269.0 3.523305258401263e-5
1270.0 3.4992251933541635e-5
1271.0 3.475418336817356e-5
1272.0 3.451880524549141e-5
1273.0 3.42860766345583e-5
1274.0 3.40559573054468e-5
1275.0 3.382840771895181e-5
1276.0 3.3603389016124906e-5
1277.0 3.3380863007811436e-5
1278.0 3.3160792164157066e-5
1279.0 3.294313960421977e-5
1280.0 3.272786908530254e-5
1281.0 3.2514944992911546e-5
1282.0 3.2304332330000305e-5
1283.0 3.209599670696509e-5
1284.0 3.188990433120473e-5
1285.0 3.168602199710706e-5
1286.0 3.148431707579767e-5
1287.0 3.128475750533113e-5
1288.0 3.1087311780658544e-5
1289.0 3.089194894396228e-5
1290.0 3.0698638574849875e-5
1291.0 3.05073507809045e-5
1292.0 3.031805618809467e-5
1293.0 3.0130725931650842e-5
1294.0 2.9945331646654535e-5
1295.0 2.9761845459059775e-5
1296.0 2.9580239976804475e-5
1297.0 2.940048828079947e-5
1298.0 2.922256391644127e-5
1299.0 2.90464408849089e-5
1300.0 2.887209363482807e-5
1301.0 2.8699497053936046e-5
1302.0 2.852862646092587e-5
1303.0 2.8359457597422235e-5
1304.0 2.8191966620144484e-5
1305.0 2.8026130093037477e-5
1306.0000000000002 2.7861924979762655e-5
1307.0 2.769932863612196e-5
1308.0 2.75383188027292e-5
1308.9999999999998 2.737887359784e-5
1310.0 2.7220971510109434e-5
1311.0 2.7064591391756964e-5
1312.0 2.6909712451618273e-5
1313.0 2.675631424851039e-5
1314.0 2.660437668456414e-5
1315.0 2.6453879998808922e-5
1316.0 2.6304804760779874e-5
1317.0000000000002 2.6157131864276734e-5
1318.0 2.6010842521301315e-5
1319.0 2.586591825604769e-5
1319.9999999999998 2.5722340898963486e-5
1321.0 2.5580092581026527e-5
1322.0 2.543915572810321e-5
1323.0 2.529951305533285e-5
1324.0 2.516114756178092e-5
1325.0 2.5024042525032096e-5
1326.0 2.488818149596297e-5
1327.0 2.4753548293684874e-5
1328.0000000000002 2.4620127000428218e-5
1329.0 2.4487901956655703e-5
1330.0 2.4356857756276226e-5
1330.9999999999998 2.4226979241839866e-5
1332.0 2.409825149991047e-5
1333.0 2.3970659856563652e-5
1334.0 2.3844189872894585e-5
1335.0 2.3718827340663005e-5
1336.0 2.359455827800783e-5
1337.0 2.3471368925235596e-5
1338.0 2.334924574075059e-5
1339.0000000000002 2.3228175396997817e-5
1340.0 2.310814477650655e-5
1341.0 2.298914096804744e-5
1341.9999999999998 2.2871151262841382e-5
1343.0 2.2754163150791165e-5
1344.0 2.2638164316934207e-5
1345.0 2.252314263779419e-5
1346.0 2.240908617791711e-5
1347.0 2.2295983186439566e-5
1348.0 2.218382209376794e-5
1349.0 2.2072591508204954e-5
1350.0000000000002 2.1962280212820894e-5
1351.0 2.1852877162219656e-5
1352.0 2.1744371479514607e-5
1352.9999999999998 2.1636752453218834e-5
1354.0 2.1530009534323186e-5
1355.0 2.1424132333367473e-5
1356.0 2.131911061758062e-5
1357.0 2.1214934308106563e-5
1358.0 2.1111593477224543e-5
1359.0 2.100907834568234e-5
1360.0 2.090737928006875e-5
1361.0000000000002 2.0806486790216684e-5
1362.0 2.0706391526679548e-5
1363.0 2.060708427825343e-5
1363.9999999999998 2.0508555969523966e-5
1365.0 2.0410797658536617e-5
1366.0 2.0313800534399614e-5
1366.9999999999998 2.0217555915018323e-5
1368.0 2.0122055244867913e-5
1369.0 2.0027290092766716e-5
1370.0 1.9933252149747178e-5
1371.0 1.983993322691562e-5
1372.0000000000002 1.9747325253367533e-5
1373.0 1.9655420274197524e-5
1374.0 1.956421044848577e-5
1374.9999999999998 1.9473688047343816e-5
1376.0 1.9383845451968577e-5
1377.0 1.929467515181754e-5
1377.9999999999998 1.9206169742754397e-5
1379.0 1.9118321925199777e-5
1380.0 1.9031124502394262e-5
1381.0 1.894457037867579e-5
1382.0 1.8858652557754833e-5
1383.0000000000002 1.8773364141013137e-5
1384.0 1.8688698325954688e-5
1385.0 1.860464840447495e-5
1385.9999999999998 1.8521207761402552e-5
1387.0 1.8438369872898404e-5
1388.0 1.8356128304896284e-5
1388.9999999999998 1.8274476711722392e-5
1390.0 1.8193408834529758e-5
1391.0 1.811291849993982e-5
1392.0 1.803299961857589e-5
1393.0 1.7953646183749157e-5
1394.0000000000002 1.787485227007365e-5
1395.0 1.7796612032107066e-5
1396.0 1.77189197031371e-5
1396.9999999999998 1.764176959381079e-5
1398.0 1.7565156090931235e-5
1399.0 1.7489073656229826e-5
1399.9999999999998 1.7413516825125994e-5
1401.0 1.7338480205580712e-5
1402.0 1.726395847691677e-5
1403.0 1.7189946388657472e-5
1404.0 1.711643875946087e-5
1405.0000000000002 1.7043430475954673e-5
1406.0 1.6970916491723382e-5
1407.0 1.6898891826178763e-5
1407.9999999999998 1.6827351563585826e-5
1409.0 1.6756290852009117e-5
1410.0 1.6685704902301975e-5
1410.9999999999998 1.6615588987160496e-5
1412.0 1.6545938440101383e-5
1413.0 1.6476748654578485e-5
1414.0 1.6408015083005838e-5
1415.0 1.633973323584689e-5
1416.0000000000002 1.6271898680759665e-5
1417.0 1.620450704163498e-5
1418.0 1.6137553997818474e-5
1419.0000000000002 1.607103528320885e-5
1420.0 1.6004946685427053e-5
1421.0 1.5939284045015537e-5
1421.9999999999998 1.587404325462071e-5
1423.0 1.5809220258194656e-5
1424.0 1.574481105022947e-5
1425.0 1.5680811674993987e-5
1426.0 1.5617218225775635e-5
1427.0000000000002 1.555402684415442e-5
1428.0 1.5491233719276627e-5
1429.0 1.5428835087131595e-5
1430.0000000000002 1.5366827229874595e-5
1431.0 1.530520647511114e-5
1432.0 1.5243969195263292e-5
1432.9999999999998 1.5183111806868062e-5
1434.0 1.512263076995328e-5
1435.0 1.506252258738262e-5
1436.0 1.5002783804233658e-5
1437.0 1.4943411007180188e-5
1438.0000000000002 1.488440082387439e-5
1439.0 1.4825749922374072e-5
1440.0 1.476745501052871e-5
1441.0000000000002 1.4709512835425967e-5
1442.0 1.4651920182809242e-5
1443.0 1.4594673876524326e-5
1443.9999999999998 1.4537770777987476e-5
1445.0 1.4481207785611629e-5
1446.0 1.4424981834324939e-5
1447.0 1.4369089895006231e-5
1448.0 1.4313528974006951e-5
1449.0000000000002 1.4258296112627082e-5
1450.0 1.4203388386628088e-5
1451.0 1.414880290576439e-5
1452.0000000000002 1.4094536813256782e-5
1453.0 1.404058728539087e-5
1454.0 1.3986951530996223e-5
1454.9999999999998 1.3933626791015168e-5
1456.0 1.3880610338072983e-5
1457.0 1.3827899476008924e-5
1458.0 1.377549153945814e-5
1459.0 1.37233838934281e-5
1460.0 1.3671573932879332e-5
1461.0 1.3620059082316224e-5
1462.0 1.3568836795371938e-5
1463.0000000000002 1.3517904554420412e-5
1464.0 1.3467259870188997e-5
1465.0 1.3416900281369409e-5
1465.9999999999998 1.3366823354243248e-5
1467.0 1.3317026682289671e-5
1468.0 1.3267507885842308e-5
1469.0 1.3218264611729514e-5
1470.0 1.3169294532896931e-5
1471.0 1.3120595348080386e-5
1472.0 1.3072164781467516e-5
1473.0 1.3024000582330617e-5
1474.0000000000002 1.2976100524719939e-5
1475.0 1.2928462407134636e-5
1476.0 1.2881084052190286e-5
1476.9999999999998 1.2833963306310991e-5
1478.0 1.278709803941172e-5
1479.0 1.2740486144604898e-5
1480.0 1.2694125537878684e-5
1481.0 1.2648014157812489e-5
1482.0 1.2602149965302489e-5
1483.0 1.2556530943223314e-5
1484.0 1.251115509620756e-5
1485.0000000000002 1.246602045033022e-5
1486.0 1.2421125052820741e-5
1487.0 1.2376466971844471e-5
1487.9999999999998 1.233204429619057e-5
1489.0 1.2287855135033647e-5
1490.0 1.2243897617669503e-5
1491.0 1.2200169893262478e-5
1492.0 1.2156670130598118e-5
1493.0 1.2113396517840518e-5
1494.0 1.20703472622809e-5
1495.0 1.2027520590117325e-5
1496.0000000000002 1.1984914746198108e-5
1497.0 1.1942527993817093e-5
1498.0 1.1900358614460897e-5
1498.9999999999998 1.1858404907609792e-5
1500.0 1.1816665190501351e-5
1501.0 1.1775137797921197e-5
1502.0 1.173382108198648e-5
1503.0 1.1692713411952266e-5
1504.0 1.165181317397365e-5
1505.0 1.161111877092702e-5
1506.0 1.1570628622205813e-5
1507.0000000000002 1.1530341163528893e-5
1508.0 1.1490254846727089e-5
1509.0 1.145036813957355e-5
1509.9999999999998 1.1410679525579297e-5
1511.0 1.1371187503827018e-5
1512.0 1.13318905887712e-5
1513.0 1.1292787310064795e-5
1514.0 1.1253876212393527e-5
1515.0 1.1215155855276925e-5
1516.0 1.1176624812926425e-5
1517.0 1.1138281674057375e-5
1518.0000000000002 1.1100125041726358e-5
1519.0 1.1062153533175973e-5
1520.0 1.1024365779663165e-5
1520.9999999999998 1.0986760426316102e-5
1522.0 1.0949336131955596e-5
1523.0 1.0912091568963776e-5
1524.0 1.0875025423119437e-5
1525.0 1.0838136393457201e-5
1526.0 1.0801423192114973e-5
1527.0 1.0764884544197463e-5
1528.0 1.0728519187613779e-5
1529.0000000000002 1.0692325872978452e-5
1530.0 1.0656303363424775e-5
1531.0 1.0620450434511772e-5
1531.9999999999998 1.0584765874055523e-5
1533.0 1.054924848202602e-5
1534.0 1.0513897070405038e-5
1535.0 1.0478710463060833e-5
1536.0 1.044368749561769e-5
1537.0 1.040882701534358e-5
1538.0 1.0374127881019423e-5
1539.0 1.0339588962824827e-5
1540.0000000000002 1.0305209142222264e-5
1541.0 1.0270987311835625e-5
1542.0 1.023692237533307e-5
1542.9999999999998 1.0203013247329171e-5
1544.0 1.0169258853268083e-5
1545.0 1.013565812929931e-5
1546.0 1.0102210022199287e-5
1547.0 1.0068913489246722e-5
1548.0 1.0035767498118768e-5
1549.0 1.0002771026809043e-5
1550.0 9.969923063500937e-6
1551.0000000000002 9.937222606478095e-6
1552.0 9.904668664046659e-6
1553.0 9.872260254405511e-6
1553.9999999999998 9.83999640558193e-6
1555.0 9.807876155321118e-6
1556.0 9.775898551013743e-6
1557.0 9.744062649579543e-6
1558.0 9.712367517403267e-6
1559.0 9.680812230239918e-6
1560.0 9.649395873120257e-6
1561.0 9.618117540294789e-6
1562.0000000000002 9.586976335107267e-6
1563.0 9.555971369963068e-6
1564.0 9.525101766205092e-6
1564.9999999999998 9.494366654069874e-6
1566.0 9.463765172586902e-6
1567.0 9.433296469521678e-6
1568.0 9.402959701280126e-6
1569.0 9.372754032856774e-6
1570.0 9.342678637739313e-6
1571.0 9.31273269786843e-6
1572.0 9.282915403535939e-6
1573.0000000000002 9.253225953329719e-6
1574.0 9.223663554077322e-6
1575.0 9.194227420759244e-6
1575.9999999999998 9.164916776459863e-6
1577.0 9.135730852286459e-6
1578.0 9.106668887327041e-6
1579.0 9.077730128572156e-6
1580.0 9.048913830852991e-6
1581.0 9.0202192567951e-6
1582.0 8.991645676748686e-6
1583.0 8.9631923687232e-6
1584.0000000000002 8.934858618350306e-6
1585.0 8.906643718811632e-6
1586.0 8.878546970779401e-6
1586.9999999999998 8.85056768238424e-6
1588.0 8.8227051691319e-6
1589.0 8.794958753870266e-6
1590.0 8.767327766730479e-6
1591.0 8.739811545082285e-6
1592.0 8.712409433462324e-6
1593.0 8.685120783551425e-6
1594.0 8.65794495410488e-6
1595.0000000000002 8.63088131091348e-6
1596.0 8.603929226748936e-6
1597.0 8.57708808132376e-6
1597.9999999999998 8.550357261236739e-6
1599.0 8.523736159930526e-6
1600.0 8.497224177643778e-6
1601.0 8.47082072137104e-6
1602.0 8.444525204806946e-6
1603.0 8.418337048309245e-6
1604.0 8.392255678856358e-6
1605.0 8.366280530000194e-6
1606.0000000000002 8.340411041817699e-6
1607.0 8.314646660877551e-6
1608.0 8.28898684018919e-6
1608.9999999999998 8.263431039164946e-6
1610.0 8.237978723572957e-6
1611.0 8.212629365499886e-6
1612.0 8.187382443304928e-6
1613.0 8.16223744158007e-6
1614.0 8.137193851100284e-6
1615.0 8.112251168798645e-6
1616.0 8.087408897704383e-6
1617.0000000000002 8.062666546908168e-6
1618.0 8.038023631523928e-6
1619.0 8.013479672647278e-6
1619.9999999999998 7.989034197296713e-6
1621.0 7.96468673839396e-6
1622.0 7.940436834694855e-6
1622.9999999999998 7.91628403077049e-6
1624.0 7.89222787694889e-6
1625.0 7.868267929268452e-6
1626.0 7.844403749436968e-6
1627.0 7.820634904792592e-6
1628.0000000000002 7.796960968243756e-6
1629.0 7.773381518229494e-6
1630.0 7.749896138673043e-6
1630.9999999999998 7.726504418929012e-6
1632.0 7.703205953736865e-6
1633.0 7.680000343167436e-6
1633.9999999999998 7.65688719257171e-6
1635.0 7.633866112533796e-6
1636.0 7.610936718810362e-6
1637.0 7.58809863228239e-6
1638.0 7.565351478890268e-6
1639.0000000000002 7.542694889588321e-6
1640.0 7.520128500271305e-6
1641.0 7.497651951732164e-6
1641.9999999999998 7.4752648895861996e-6
1643.0 7.4529669642146674e-6
1644.0 7.430757830702592e-6
1644.9999999999998 7.408637148761403e-6
1646.0 7.386604582678002e-6
1647.0 7.364659801230371e-6
1648.0 7.342802477623216e-6
1649.0 7.3210322894150466e-6
1650.0000000000002 7.299348918441619e-6
1651.0 7.2777520507350115e-6
1652.0 7.256241376450194e-6
1652.9999999999998 7.23481658978149e-6
1654.0 7.21347738888402e-6
1655.0 7.192223475773617e-6
1655.9999999999998 7.171054556258881e-6
1657.0 7.14997033983032e-6
1658.0 7.12897053958872e-6
1659.0 7.108054872133776e-6
1660.0 7.087223057477828e-6
1661.0000000000002 7.0664748189369725e-6
1662.0 7.0458098830387195e-6
1663.0 7.0252279794074864e-6
1664.0000000000002 7.004728840673596e-6
1665.0 6.984312202339518e-6
1666.0 6.963977802698936e-6
1666.9999999999998 6.943725382690927e-6
1668.0 6.923554685806384e-6
1669.0 6.903465457957215e-6
1670.0 6.8834574473618505e-6
1671.0 6.863530404419192e-6
1672.0000000000002 6.843684081575434e-6
1673.0 6.823918233203572e-6
1674.0 6.80423261547615e-6
1675.0000000000002 6.784626986216713e-6
1676.0 6.765101104782849e-6
1677.0 6.745654731921122e-6
1677.9999999999998 6.726287629620506e-6
1679.0 6.706999560986505e-6
1680.0 6.68779029008927e-6
1681.0 6.668659581821905e-6
1682.0 6.649607201753593e-6
1683.0000000000002 6.630632915984712e-6
1684.0 6.611736490997609e-6
1685.0 6.592917693510239e-6
1686.0000000000002 6.57417629032266e-6
1687.0 6.555512048168845e-6
1688.0 6.536924733566536e-6
1688.9999999999998 6.5184141126635475e-6
1690.0 6.499979951092201e-6
1691.0 6.481622013810307e-6
1692.0 6.463340064961304e-6
1693.0 6.4451338677178965e-6
1694.0000000000002 6.427003184135457e-6
1695.0 6.408947775009701e-6
1696.0 6.39096739972251e-6
1697.0000000000002 6.373061816104098e-6
1698.0 6.355230780296219e-6
1699.0 6.337474046609317e-6
1699.9999999999998 6.31979136738247e-6
1701.0 6.30218249285923e-6
1702.0 6.2846471710570655e-6
1703.0 6.2671851476452395e-6
1704.0 6.249796165812147e-6
1705.0000000000002 6.232479966168427e-6
1706.0 6.2152362866200645e-6
1707.0 6.1980648622755515e-6
1708.0000000000002 6.180965425341219e-6
1709.0 6.163937705022962e-6
1710.0 6.146981427455659e-6
1710.9999999999998 6.13009631560537e-6
1712.0 6.113282089207297e-6
1713.0 6.096538464702916e-6
1714.0 6.079865155172645e-6
1715.0 6.063261870302196e-6
1716.0 6.046728316329822e-6
1717.0 6.030264196023282e-6
1718.0 6.0138692086564914e-6
1719.0000000000002 5.997543049993569e-6
1720.0 5.981285412300182e-6
1721.0 5.965095984333711e-6
1721.9999999999998 5.948974451374146e-6
1723.0 5.932920495250082e-6
1724.0 5.916933794377747e-6
1725.0 5.901014023815151e-6
1726.0 5.885160855319276e-6
1727.0 5.869373957421158e-6
1728.0 5.853652995513591e-6
1729.0 5.837997631945579e-6
1730.0000000000002 5.8224075261249695e-6
1731.0 5.8068823346458185e-6
1732.0 5.791421711411948e-6
1732.9999999999998 5.776025307781352e-6
1734.0 5.7606927727219205e-6
1735.0 5.745423752967488e-6
1736.0 5.730217893200912e-6
1737.0 5.7150748362383774e-6
1738.0 5.699994223220014e-6
1739.0 5.684975693824452e-6
1740.0 5.670018886478635e-6
1741.0000000000002 5.655123438592851e-6
1742.0 5.640288986785208e-6
1743.0 5.625515167133474e-6
1743.9999999999998 5.6108016154293646e-6
1745.0 5.596147967432314e-6
1746.0 5.581553859146322e-6
1747.0 5.567018927087931e-6
1748.0 5.552542808574014e-6
1749.0 5.538125142008128e-6
1750.0 5.52376556717065e-6
1751.0 5.5094637255216935e-6
1752.0000000000002 5.495219260503549e-6
1753.0 5.481031817836357e-6
1754.0 5.466901045843509e-6
1754.9999999999998 5.4528265957430475e-6
1756.0 5.438808121978143e-6
1757.0 5.424845282516487e-6
1758.0 5.410937739167825e-6
1759.0 5.397085157901538e-6
1760.0 5.383287209146897e-6
1761.0 5.36954356811495e-6
1762.0 5.355853915092129e-6
1763.0000000000002 5.3422179357577885e-6
1764.0 5.328635321472328e-6
1765.0 5.315105769575752e-6
1765.9999999999998 5.301628983683502e-6
1767.0 5.2882046739597704e-6
1768.0 5.2748325574074204e-6
1769.0 5.261512358124954e-6
1770.0 5.248243807585522e-6
1771.0 5.235026644881122e-6
1772.0 5.221860616971906e-6
1773.0 5.208745478930421e-6
1774.0000000000002 5.1956809941638996e-6
1775.0 5.1826669346371704e-6
1776.0 5.169703081078807e-6
1776.9999999999998 5.156789223186255e-6
1778.0 5.143925159809178e-6
1779.0 5.13111069912516e-6
1780.0 5.118345658815017e-6
1781.0 5.1056298662098215e-6
1782.0 5.092963158436648e-6
1783.0 5.080345382551252e-6
1784.0 5.067776395661345e-6
1785.0000000000002 5.055256065032876e-6
1786.0 5.042784268185862e-6
1787.0 5.030360892986964e-6
1787.9999999999998 5.0179858377132935e-6
1789.0 5.005659011128663e-6
1790.0 4.993380332518674e-6
1791.0 4.981149731747486e-6
1792.0 4.968967149276425e-6
1793.0 4.956832536184863e-6
1794.0 4.9447458541817165e-6
1795.0 4.932707075595428e-6
1796.0000000000002 4.920716183372219e-6
1797.0 4.908773171040107e-6
1798.0 4.896878042691445e-6
1798.9999999999998 4.885030812932515e-6
1800.0 4.873231506833777e-6
1801.0 4.8614801598796e-6
1802.0 4.849776817892381e-6
1803.0 4.838121536966272e-6
1804.0 4.826514383379433e-6
1805.0 4.814955433510895e-6
1806.0 4.803444773743124e-6
1807.0000000000002 4.791982500362927e-6
1808.0 4.780568719453579e-6
1809.0 4.7692035467811736e-6
1809.9999999999998 4.75788710768175e-6
1811.0 4.746619536935774e-6
1812.0 4.7354009786444425e-6
1813.0 4.724231586100907e-6
1814.0 4.713111521656364e-6
1815.0 4.702040956584492e-6
1816.0 4.691020070940909e-6
1817.0 4.680049053428721e-6
1818.0000000000002 4.669128101249544e-6
1819.0 4.6582574199612364e-6
1820.0 4.647437223332773e-6
1820.9999999999998 4.6366677332010125e-6
1822.0 4.625949179316887e-6
1823.0 4.615281799202943e-6
1824.0 4.604665838007329e-6
1825.0 4.594101548353781e-6
1826.0 4.583589190195697e-6
1827.0 4.573129030670213e-6
1828.0 4.5627213439566276e-6
1829.0000000000002 4.552366411127782e-6
1830.0 4.542064520012338e-6
1831.0 4.531815965052431e-6
1831.9999999999998 4.521621047165301e-6
1833.0 4.511480073608889e-6
1834.0 4.501393357843323e-6
1835.0 4.4913612194008125e-6
1836.0 4.481383983757612e-6
1837.0 4.471461982205851e-6
1838.0 4.461595551727851e-6
1839.0 4.451785034875298e-6
1840.0000000000002 4.4420307796509126e-6
1841.0 4.432333139392793e-6
1842.0 4.422692472660865e-6
1842.9999999999998 4.413109143125876e-6
1844.0 4.4035835194675305e-6
1845.0 4.3941159752631825e-6
1846.0 4.384706888897269e-6
1847.0 4.375356643454763e-6
1848.0 4.366065626634527e-6
1849.0 4.356834230654217e-6
1850.0 4.347662852166021e-6
1851.0000000000002 4.338551892169109e-6
1852.0 4.329501755934644e-6
1853.0 4.320512852919861e-6
1853.9999999999998 4.311585596702601e-6
1855.0 4.302720404901243e-6
1856.0 4.293917699114028e-6
1857.0 4.285177904849786e-6
1858.0 4.276501451467806e-6
1859.0 4.267888772115543e-6
1860.0 4.259340303678239e-6
1861.0 4.250856486720149e-6
1862.0000000000002 4.242437765436701e-6
1863.0 4.234084587607341e-6
1864.0 4.225797404550524e-6
1864.9999999999998 4.217576671079391e-6
1866.0 4.209422845464175e-6
1867.0 4.201336389394958e-6
1868.0 4.193317767946282e-6
1869.0 4.1853674495450375e-6
1870.0 4.1774859059396435e-6
1871.0 4.169673612173193e-6
1872.0 4.1619310465572715e-6
1873.0000000000002 4.154258690645913e-6
1874.0 4.146657029218633e-6
1875.0 4.13912655025554e-6
1875.9999999999998 4.131667744920916e-6
1877.0 4.124281107547769e-6
1878.0 4.116967135619232e-6
1878.9999999999998 4.109726329758946e-6
1880.0 4.102559193717178e-6
1881.0 4.095466234357726e-6
1882.0 4.088447961651924e-6
1883.0 4.081504888666717e-6
1884.0000000000002 4.074637531557866e-6
1885.0 4.067846409564359e-6
1886.0 4.061132044998724e-6
1886.9999999999998 4.054494963245814e-6
1888.0 4.047935692754308e-6
1889.0 4.0414547650322155e-6
1889.9999999999998 4.03505271464495e-6
1891.0 4.028730079207184e-6
1892.0 4.022487399382217e-6
1893.0 4.016325218875372e-6
1894.0 4.010244084429143e-6
1895.0000000000002 4.004244545818959e-6
1896.0 3.998327155847489e-6
1897.0 3.9924924703379216e-6
1897.9999999999998 3.986741048126795e-6
1899.0 3.981073451056382e-6
1900.0 3.9754902439654775e-6
1900.9999999999998 3.969991994678182e-6
1902.0 3.964579273991829e-6
1903.0 3.959252655665604e-6
1904.0 3.954012716401869e-6
1905.0 3.948860035831434e-6
1906.0000000000002 3.943795196492834e-6
1907.0 3.938818783811217e-6
1908.0 3.933931386073571e-6
1908.9999999999998 3.92913359440209e-6
1910.0 3.924426002724692e-6
1911.0 3.919809207740124e-6
1911.9999999999998 3.915283808884214e-6
1913.0 3.910850408289308e-6
1914.0 3.906509610739906e-6
1915.0 3.902262023625333e-6
1916.0 3.89810825689063e-6
1917.0000000000002 3.894048922976523e-6
1918.0 3.890084636762931e-6
1919.0 3.886216015500391e-6
1919.9999999999998 3.882443678742745e-6
1921.0 3.8787682482690296e-6
1922.0 3.8751903480026045e-6
1922.9999999999998 3.871710603926787e-6
1924.0 3.868329643988801e-6
1925.0 3.865048098002571e-6
1926.0 3.861866597542248e-6
1927.0 3.858785775831948e-6
1928.0000000000002 3.855806267624451e-6
1929.0 3.8529287090760185e-6
1930.0 3.850153737613987e-6
1931.0000000000002 3.847481991792689e-6
1932.0 3.844914111148413e-6
1933.0 3.8424507360398055e-6
1933.9999999999998 3.840092507484825e-6
1935.0 3.837840066984085e-6
1936.0 3.835694056343359e-6
1937.0 3.833655117479273e-6
1938.0 3.831723892220669e-6
1939.0000000000002 3.829901022099108e-6
1940.0 3.828187148133527e-6
1941.0 3.826582910598842e-6
1942.0000000000002 3.825088948791613e-6
1943.0 3.823705900782518e-6
1944.0 3.8224344031587446e-6
1944.9999999999998 3.821275090760238e-6
1946.0 3.8202285964028356e-6
1947.0 3.819295550591491e-6
1948.0 3.818476581224514e-6
1949.0 3.817772313288826e-6
1950.0000000000002 3.817183368542619e-6
1951.0 3.816710365190791e-6
1952.0 3.816353917550353e-6
1953.0000000000002 3.816114635702673e-6
1954.0 3.815993125142928e-6
1955.0 3.815989986408975e-6
1955.9999999999998 3.816105814715634e-6
1957.0 3.816341199568122e-6
1958.0 3.8166967243687225e-6
1959.0 3.8171729660204025e-6
1960.0 3.817770494514473e-6
1961.0000000000002 3.818489872517465e-6
1962.0 3.819331654942466e-6
1963.0 3.8202963885200195e-6
1964.0000000000002 3.821384611360591e-6
1965.0 3.822596852502477e-6
1966.0 3.823933631466516e-6
1966.9999999999998 3.82539545779436e-6
1968.0 3.826982830589259e-6
1969.0 3.8286962380441825e-6
1970.0 3.8305361569731505e-6
1971.0 3.832503052333058e-6
1972.0 3.834597376746204e-6
1973.0 3.8368195700213434e-6
1974.0 3.839170058666066e-6
1975.0000000000002 3.841649255407519e-6
1976.0 3.844257558705831e-6
1977.0 3.846995352265883e-6
1977.9999999999998 3.849863004558227e-6
1979.0 3.852860868337382e-6
1980.0 3.855989280152775e-6
1981.0 3.859248559886309e-6
1982.0 3.862639010263457e-6
1983.0 3.8661609163928e-6
1984.0 3.869814545300926e-6
1985.0 3.873600145469713e-6
1986.0000000000002 3.877517946388022e-6
1987.0 3.8815681581056124e-6
1988.0 3.885750970794349e-6
1988.9999999999998 3.890066554320628e-6
1990.0 3.894515057827463e-6
1991.0 3.899096609321719e-6
1992.0 3.903811315274829e-6
1993.0 3.908659260240585e-6
1994.0 3.913640506469378e-6
1995.0 3.918755093551137e-6
1996.0 3.924003038057314e-6
1997.0000000000002 3.929384333211027e-6
1998.0 3.934898948552924e-6
1999.0 3.940546829636256e-6
1999.9999999999998 3.946327897731277e-6
