0.0 1.3954748159578798e-5
1.0 1.3954780322595343e-5
2.0 1.3954876813345382e-5
3.0 1.3955037636951748e-5
4.0 1.3955262801916807e-5
5.0 1.3955552320184201e-5
6.0 1.3955906207092924e-5
7.0 1.3956324481396894e-5
8.0 1.3956807165269588e-5
9.0 1.3957354284299833e-5
10.0 1.3957965867517977e-5
10.999999999999998 1.3958641947347607e-5
12.0 1.3959382559674363e-5
13.000000000000002 1.3960187743820927e-5
14.0 1.3961057542536481e-5
14.999999999999998 1.396199200203272e-5
16.0 1.3962991171973937e-5
17.0 1.3964055105498275e-5
18.0 1.3965183859196923e-5
19.0 1.396637749315653e-5
20.0 1.3967636070955476e-5
21.0 1.3968959659659558e-5
21.999999999999996 1.397034832984911e-5
23.0 1.3971802155624938e-5
24.0 1.3973321214611809e-5
25.0 1.3974905587994372e-5
26.000000000000004 1.3976555360490886e-5
27.0 1.3978270620390953e-5
28.0 1.398005145956817e-5
29.0 1.3981897973486846e-5
29.999999999999996 1.398381026122311e-5
31.0 1.3985788425471546e-5
32.0 1.3987832572569355e-5
33.0 1.3989942812500686e-5
34.0 1.3992119258919178e-5
35.0 1.3994362029192825e-5
36.0 1.399667124434185e-5
37.0 1.3999047029164675e-5
38.0 1.4001489512170453e-5
39.0 1.4003998825636915e-5
40.0 1.4006575105629187e-5
41.0 1.4009218492005403e-5
42.0 1.4011929128470603e-5
43.0 1.4014707162534993e-5
43.99999999999999 1.4017552745620903e-5
45.0 1.4020466033014391e-5
46.0 1.4023447183924828e-5
47.0 1.4026496361507161e-5
48.0 1.4029613732869166e-5
49.0 1.4032799469121313e-5
50.0 1.4036053745380683e-5
51.0 1.4039376740814058e-5
52.00000000000001 1.4042768638672569e-5
53.0 1.4046229626288328e-5
54.0 1.4049759895126362e-5
55.0 1.4053359640829647e-5
56.0 1.4057029063202238e-5
57.0 1.4060768366297928e-5
58.0 1.4064577758404854e-5
59.0 1.4068457452111184e-5
59.99999999999999 1.407240766432199e-5
61.0 1.4076428616298716e-5
62.0 1.4080520533674389e-5
63.0 1.4084683646534356e-5
64.0 1.4088918189418999e-5
65.0 1.4093224401360277e-5
66.0 1.4097602525928851e-5
67.0 1.4102052811285467e-5
68.0 1.4106575510199521e-5
69.0 1.4111170880097062e-5
70.0 1.4115839183116497e-5
71.0 1.4120580686136581e-5
72.0 1.4125395660811912e-5
73.0 1.4130284383640846e-5
74.0 1.413524713598814e-5
75.0 1.4140284204148261e-5
76.0 1.4145395879394537e-5
77.0 1.415058245800743e-5
78.0 1.4155844241334052e-5
79.0 1.4161181535859233e-5
80.0 1.4166594653217544e-5
81.0 1.4172083910270365e-5
82.0 1.4177649629163344e-5
83.00000000000001 1.4183292137367993e-5
84.0 1.4189011767745225e-5
85.0 1.4194808858588198e-5
86.0 1.420068375370625e-5
87.0 1.4206636802457942e-5
87.99999999999999 1.4212668359825059e-5
89.0 1.421877878646954e-5
90.0 1.4224968448808745e-5
91.0 1.4231237719041927e-5
92.0 1.423758697526711e-5
92.99999999999999 1.4244016601514103e-5
94.0 1.4250526987815423e-5
95.0 1.4257118530282973e-5
96.0 1.4263791631173713e-5
97.0 1.4270546698961289e-5
98.0 1.4277384148408813e-5
99.00000000000001 1.428430440066248e-5
100.0 1.4291307883285574e-5
101.0 1.4298395030377293e-5
102.0 1.4305566282626891e-5
103.0 1.4312822087404355e-5
104.00000000000001 1.4320162898844557e-5
105.0 1.4327589177923846e-5
106.0 1.4335101392534e-5
107.0 1.4342700017629443e-5
108.0 1.4350385535210837e-5
108.99999999999999 1.435815843451001e-5
110.0 1.4366019212051047e-5
111.0 1.437396837171076e-5
112.0 1.4382006424871805e-5
113.0 1.4390133890485575e-5
114.0 1.439835129515943e-5
115.00000000000001 1.4406659173303905e-5
116.0 1.4415058067197252e-5
117.0 1.4423548527109092e-5
118.0 1.4432131111383191e-5
119.0 1.4440806386588294e-5
119.99999999999999 1.444957492759922e-5
121.0 1.4458437317707681e-5
122.0 1.4467394148772538e-5
123.0 1.4476446021297635e-5
124.0 1.448559354456966e-5
124.99999999999999 1.4494837336805503e-5
126.0 1.4504178025231579e-5
127.0 1.4513616246232793e-5
128.0 1.4523152645514372e-5
129.0 1.4532787878175191e-5
130.0 1.4542522608882636e-5
131.0 1.455235751201847e-5
132.0 1.4562293271788966e-5
133.0 1.457233058239135e-5
134.0 1.4582470148158567e-5
135.0 1.459271268369292e-5
136.0 1.4603058914049544e-5
137.0 1.4613509574868935e-5
138.0 1.4624065412540265e-5
139.0 1.4634727184349817e-5
140.0 1.4645495658692238e-5
141.0 1.4656371615197044e-5
142.0 1.4667355844908958e-5
143.0 1.4678449150482304e-5
144.0 1.4689652346323998e-5
145.0 1.4700966258838196e-5
146.0 1.4712391726546304e-5
147.0 1.472392960032751e-5
148.0 1.4735580743572644e-5
149.0 1.474734603242881e-5
150.0 1.4759226355960035e-5
151.0 1.477122261638299e-5
152.0 1.4783335729262295e-5
153.0 1.479556662375521e-5
154.0 1.4807916242775855e-5
155.0 1.4820385543288925e-5
156.0 1.4832975496485916e-5
157.0 1.4845687088035983e-5
158.0 1.485852131834587e-5
159.0 1.4871479202777823e-5
160.0 1.48845617719366e-5
161.0 1.4897770071854147e-5
162.0 1.4911105164328734e-5
163.0 1.4924568127171574e-5
164.0 1.4938160054425798e-5
164.99999999999997 1.4951882056723019e-5
166.00000000000003 1.4965735261505026e-5
167.0 1.4979720813366589e-5
168.0 1.4993839874292812e-5
169.0 1.5008093624025485e-5
170.0 1.5022483260341865e-5
171.0 1.5037009999341023e-5
172.0 1.5051675075844311e-5
173.0 1.5066479743649425e-5
174.0 1.5081425275922856e-5
174.99999999999997 1.5096512965517103e-5
175.99999999999997 1.5111744125315709e-5
177.00000000000003 1.5127120088655802e-5
178.0 1.5142642209610517e-5
179.0 1.5158311863434524e-5
180.0 1.5174130446924984e-5
181.0 1.5190099378821113e-5
182.0 1.5206220100191819e-5
183.0 1.5222494074894598e-5
184.0 1.523892278995533e-5
185.0 1.5255507756010596e-5
185.99999999999997 1.527225050778307e-5
187.00000000000003 1.5289152604480033e-5
188.0 1.530621563031401e-5
189.0 1.5323441194944198e-5
190.0 1.5340830933956433e-5
191.0 1.5358386509418195e-5
192.0 1.5376109610294172e-5
193.0 1.539400195306627e-5
194.0 1.5412065282189933e-5
195.0 1.543030137071737e-5
196.0 1.5448712020749962e-5
196.99999999999997 1.546729906414626e-5
198.00000000000003 1.548606436300339e-5
199.0 1.5505009810305517e-5
200.0 1.5524137330538725e-5
201.0 1.554344888029784e-5
202.0 1.5562946448983304e-5
203.0 1.558263205943726e-5
204.0 1.560250776858154e-5
205.0 1.5622575668198332e-5
206.0 1.5642837885571076e-5
206.99999999999997 1.5663296584274865e-5
208.00000000000003 1.568395396486796e-5
209.00000000000003 1.5704812265737975e-5
210.0 1.5725873763806398e-5
211.0 1.5747140775403833e-5
212.0 1.576861565707202e-5
213.0 1.579030080640817e-5
214.0 1.5812198662964853e-5
215.0 1.5834311709132563e-5
216.0 1.5856642471038625e-5
217.0 1.5879193519535027e-5
217.99999999999997 1.5901967471136155e-5
219.00000000000003 1.592496698899545e-5
220.0 1.5948194784001374e-5
221.0 1.597165361573691e-5
222.0 1.5995346293597498e-5
223.0 1.6019275677879474e-5
224.0 1.6043444680959043e-5
225.0 1.6067856268385055e-5
226.0 1.6092513460121258e-5
227.0 1.611741933178951e-5
228.0 1.614257701587502e-5
228.99999999999997 1.6167989703078287e-5
230.00000000000003 1.6193660643635855e-5
231.0 1.621959314864936e-5
232.0 1.624579059153743e-5
233.0 1.6272256409499887e-5
234.0 1.629899410493565e-5
235.0 1.6326007247044577e-5
236.0 1.635329947334593e-5
237.0 1.6380874491336237e-5
238.0 1.6408736080147853e-5
238.99999999999997 1.6436888092235206e-5
239.99999999999997 1.6465334455146415e-5
241.00000000000003 1.6494079173372324e-5
242.0 1.6523126330156484e-5
243.0 1.6552480089463118e-5
244.0 1.658214469789476e-5
245.0 1.6612124486810213e-5
246.0 1.6642423874332285e-5
247.0 1.6673047367567718e-5
248.0 1.6703999564824055e-5
249.0 1.673528515783537e-5
249.99999999999997 1.676690893420148e-5
251.00000000000003 1.67988757798015e-5
252.0 1.6831190681208794e-5
253.0 1.6863858728422522e-5
254.0 1.6896885117393826e-5
255.0 1.6930275152810027e-5
256.0 1.6964034250973967e-5
257.0 1.6998167942656637e-5
258.0 1.703268187612332e-5
259.0 1.706758182022633e-5
260.0 1.710287366760548e-5
261.0 1.7138563438020836e-5
262.0 1.7174657281713643e-5
263.0 1.7211161482968865e-5
264.0 1.7248082463669212e-5
265.0 1.7285426787164445e-5
266.0 1.7323201162009234e-5
267.0 1.736141244602695e-5
268.0 1.7400067650475875e-5
269.0 1.743917394421035e-5
270.0 1.7478738658160514e-5
271.0 1.7518769289914964e-5
272.0 1.7559273508307595e-5
273.0 1.7600259158400222e-5
274.0 1.764173426647027e-5
275.0 1.7683707045188924e-5
276.0 1.772618589904437e-5
277.0 1.7769179429864984e-5
278.0 1.7812696442630428e-5
279.0 1.785674595138459e-5
280.0 1.7901337185376398e-5
281.0 1.794647959552942e-5
282.0 1.7992182860984912e-5
283.0 1.80384568960147e-5
284.0 1.8085311856950773e-5
285.0 1.81327581497349e-5
286.0 1.8180806437392337e-5
287.0 1.8229467647956354e-5
288.0 1.827875298266104e-5
289.0 1.8328673924306024e-5
290.0 1.8379242246213426e-5
291.0 1.8430470021228645e-5
292.0 1.848236963113855e-5
293.0 1.8534953776561313e-5
294.0 1.8588235487079183e-5
295.0 1.8642228131777523e-5
296.0 1.8696945430240835e-5
297.0 1.8752401463908767e-5
298.0 1.8808610687889784e-5
299.0 1.8865587943284983e-5
300.0 1.8923348469824267e-5
301.0 1.8981907919318222e-5
302.0 1.9041282369185155e-5
303.0 1.9101488337029125e-5
304.0 1.9162542795311997e-5
305.0 1.9224463186959867e-5
306.0 1.928726744151376e-5
307.0 1.9350973991720995e-5
308.0 1.941560179118339e-5
309.0 1.9481170332405582e-5
310.0 1.9547699665728262e-5
311.0 1.961521041908672e-5
312.0 1.9683723818443124e-5
313.0 1.9753261709220856e-5
314.0 1.9823846578582867e-5
315.0 1.98955015786568e-5
316.0 1.9968250550827602e-5
317.0 2.004211805087458e-5
318.0 2.0117129375456614e-5
319.0 2.019331058955902e-5
320.0 2.027068855526569e-5
321.0 2.0349290961699766e-5
322.0 2.0429146356343105e-5
323.0 2.051028417777445e-5
324.0 2.0592734789838985e-5
325.0 2.067652951737172e-5
326.0 2.0761700683598785e-5
327.0 2.0848281649151383e-5
328.0 2.0936306853050325e-5
329.0 2.1025811855297158e-5
329.99999999999994 2.1116833381822454e-5
331.0 2.1209409371326686e-5
332.00000000000006 2.130357902435807e-5
333.0 2.139938285477927e-5
334.0 2.14968627436886e-5
335.0 2.15960619959474e-5
336.0 2.1697025399495914e-5
337.0 2.1799799287627308e-5
338.0 2.190443160415217e-5
339.0 2.201097197195911e-5
340.0 2.2119471765008782e-5
340.99999999999994 2.222998418405246e-5
342.0 2.234256433595794e-5
343.00000000000006 2.245726931731287e-5
344.0 2.2574158302311005e-5
345.0 2.269329263527145e-5
346.0 2.28147359277936e-5
347.0 2.293855416142801e-5
348.0 2.3064815795527968e-5
349.0 2.319359188101068e-5
349.99999999999994 2.3324956180305678e-5
351.0 2.345898529391934e-5
351.99999999999994 2.3595758793938947e-5
353.0 2.3735359364808448e-5
354.00000000000006 2.3877872952380916e-5
355.0 2.402338892121294e-5
356.0 2.417200022064472e-5
357.0 2.4323803560920668e-5
358.0 2.4478899599249787e-5
359.0 2.4637393136890892e-5
360.0 2.479939332785063e-5
360.99999999999994 2.496501390025722e-5
362.0 2.5134373391212603e-5
363.00000000000006 2.530759539547611e-5
364.0 2.5484808830074154e-5
365.0 2.5666148215183387e-5
366.0 2.585175397268958e-5
367.0 2.604177274355949e-5
368.0 2.6236357726195485e-5
369.0 2.6435669036251692e-5
370.0 2.6639874090140695e-5
371.0 2.6849148014309807e-5
371.99999999999994 2.7063674081826624e-5
373.0 2.7283644178685938e-5
374.00000000000006 2.7509259301954078e-5
375.0 2.7740730092936715e-5
376.0 2.7978277407623855e-5
377.0 2.822213292769152e-5
378.0 2.8472539815428595e-5
379.0 2.872975341701651e-5
380.0 2.8994042016971842e-5
381.0 2.9265687649518255e-5
382.0 2.9544986971114764e-5
382.99999999999994 2.983225219996522e-5
384.0 3.0127812128709515e-5
385.00000000000006 3.0432013216452305e-5
386.0 3.074522076883569e-5
387.0 3.1067820211555277e-5
388.0 3.14002184707049e-5
389.0 3.1742845466084304e-5
390.0 3.2096155731049074e-5
391.0 3.246063017040674e-5
392.0 3.283677797097527e-5
393.0 3.32251386800853e-5
393.99999999999994 3.362628446928704e-5
395.0 3.404082260331412e-5
396.00000000000006 3.446939813557234e-5
397.0 3.491269685543126e-5
398.0 3.537144851437086e-5
399.0 3.5846430362323085e-5
400.0 3.6338471029887854e-5
401.0 3.684845479497925e-5
402.0 3.7377326280333594e-5
403.0 3.792609563188784e-5
404.0 3.849584423642932e-5
404.99999999999994 3.908773104295833e-5
406.0 3.9702999567220194e-5
407.00000000000006 4.0342985658773446e-5
408.0 4.100912613638233e-5
409.0 4.170296839653608e-5
410.0 4.242618113231831e-5
411.0 4.3180566306933154e-5
412.0 4.396807255381277e-5
413.0 4.479081020728455e-5
413.99999999999994 4.56510681869725e-5
415.0 4.655133301196911e-5
416.00000000000006 4.7494310248304725e-5
417.0 4.848294875874895e-5
418.00000000000006 4.9520468177409066e-5
419.0 5.0610390106341576e-5
420.0 5.175657361811301e-5
421.0 5.2963255748360424e-5
422.0 5.423509778907134e-5
423.0 5.5577238335866146e-5
424.0 5.69953542103438e-5
424.99999999999994 5.849573059776196e-5
426.0 6.008534197244481e-5
427.00000000000006 6.177194567922978e-5
428.0 6.35641903841022e-5
429.0 6.547174200578453e-5
430.0 6.750543020517258e-5
431.0 6.967741905225507e-5
432.0 7.200140605749789e-5
433.0 7.44928544249405e-5
434.0 7.716926395976211e-5
435.0 8.005048665102695e-5
435.99999999999994 8.31590931399161e-5
437.0 8.652079604261021e-5
438.00000000000006 9.016493462424716e-5
439.0 9.412502190651975e-5
440.0 9.843934823945811e-5
441.0 0.00010315162204881329
442.0 0.00010831160441343992
443.0 0.00011397565181637311
444.0 0.00012020700846985026
445.0 0.0001270755663290462
446.0 0.00013465660598265775
446.99999999999994 0.0001430276999966066
448.0 0.00015226244381525566
449.00000000000006 0.00016241892595321764
450.0 0.00017351988264463304
451.0 0.00018552058707117973
452.0 0.0001982606534454353
453.0 0.00021139937254441017
454.0 0.00022434492801666185
455.0 0.0002362095056468756
456.0 0.00024584952002515046
457.0 0.0002520542500966224
457.99999999999994 0.000253880455745672
459.0 0.00025099671013992686
460.00000000000006 0.0002438224618223924
461.0 0.00023336001856743869
462.0 0.00022083965321238866
463.0 0.00020739351361611478
464.0 0.0001938825805614819
465.0 0.00018086893727879916
466.0 0.00016866718091803113
467.0 0.00015741722350509448
468.0 0.00014714868643389675
468.99999999999994 0.00013782804080886458
470.0 0.00012938960148958637
471.00000000000006 0.00012175444957219596
472.0 0.0001148412740968474
473.0 0.00010857215314824641
474.0 0.00010287531278887227
475.0 9.768615489145096e-5
476.0 9.294733908481179e-5
477.0 8.860838208299632e-5
477.99999999999994 8.462504021535219e-5
479.0 8.095862291323962e-5
479.99999999999994 7.757531550098863e-5
481.0 7.444554979644871e-5
482.00000000000006 7.154343851777343e-5
483.0 6.884627723164777e-5
484.0 6.633411126478472e-5
485.0 6.39893620224544e-5
486.0 6.179650604010013e-5
487.0 5.974180002849559e-5
488.0 5.78130455568964e-5
488.99999999999994 5.599938766816702e-5
490.0 5.429114239342011e-5
491.00000000000006 5.2679648849358155e-5
492.0 5.1157142188137104e-5
493.0 4.971664426658717e-5
494.0 4.8351869358060155e-5
495.0 4.70571426585765e-5
496.0 4.5827329688565e-5
497.0 4.46577749917011e-5
498.0 4.354424877903802e-5
499.0 4.248290037779866e-5
499.99999999999994 4.1470217522727106e-5
501.0 4.0502990673478825e-5
502.00000000000006 3.957828166531081e-5
503.0 3.8693396104229146e-5
504.0 3.784585900671769e-5
505.0 3.703339325550394e-5
506.0 3.625390050390013e-5
507.0 3.550544422038649e-5
508.0 3.478623459487459e-5
509.0 3.409461508570321e-5
510.0 3.3429050397408355e-5
510.99999999999994 3.27881157226258e-5
512.0 3.217048709557948e-5
513.0 3.1574932727145065e-5
514.0 3.100030520785701e-5
515.0 3.044553448211724e-5
516.0 2.990962150410108e-5
517.0 2.9391632503288806e-5
518.0 2.8890693790238574e-5
519.0 2.8405987045955982e-5
520.0 2.7936745045092723e-5
521.0 2.7482247763889712e-5
522.0 2.7041818837070053e-5
523.0 2.661482232529452e-5
524.0 2.6200659764649163e-5
525.0 2.5798767467105888e-5
526.0 2.5408614050313904e-5
527.0 2.502969817339618e-5
528.0 2.4661546458159467e-5
529.0 2.4303711580536635e-5
530.0 2.3955770513785462e-5
531.0 2.3617322912390445e-5
532.0 2.3287989621175408e-5
533.0 2.2967411299979093e-5
534.0 2.2655247154241523e-5
535.0 2.2351173759701773e-5
536.0 2.2054883976568454e-5
537.0 2.1766085941921936e-5
538.0 2.148450213725446e-5
539.0 2.1209868521615e-5
540.0 2.0941933727313203e-5
541.0 2.0680458312340653e-5
542.0 2.0425214064076955e-5
543.0 2.0175983351794906e-5
544.0 1.9932558522579096e-5
545.0 1.9694741338506745e-5
546.0 1.946234245095275e-5
547.0 1.9235180909497474e-5
548.0 1.9013083703484118e-5
549.0 1.8795885332404344e-5
550.0 1.8583427404441904e-5
551.0 1.837555825976224e-5
552.0 1.8172132618331652e-5
553.0 1.7973011248139443e-5
554.0 1.7778060655635925e-5
555.0 1.758715279340009e-5
556.0 1.7400164786202763e-5
557.0 1.721697867339143e-5
558.0 1.7037481166163845e-5
559.0 1.6861563419368902e-5
560.0 1.6689120816518413e-5
561.0 1.652005276687073e-5
562.0 1.6354262514301166e-5
563.0 1.619165695708775e-5
564.0 1.6032146477223913e-5
565.0 1.5875644779912096e-5
566.0 1.5722068741278277e-5
567.0 1.557133826463229e-5
568.0 1.5423376144526067e-5
569.0 1.5278107937919316e-5
570.0 1.5135461842242492e-5
571.0 1.4995368579949305e-5
572.0 1.4857761288971623e-5
573.0 1.4722575418836995e-5
574.0 1.4589748632218626e-5
575.0 1.4459220711405405e-5
576.0 1.4330933469415543e-5
577.0 1.420483066573879e-5
578.0 1.4080857926144388e-5
579.0 1.3958962666464873e-5
580.0 1.3839094019967248e-5
581.0 1.3721202768578683e-5
582.0 1.3605241276994873e-5
583.0 1.3491163430407308e-5
584.0 1.3378924574726502e-5
585.0 1.3268481459981721e-5
586.0 1.3159792186139107e-5
587.0 1.3052816151718556e-5
588.0 1.294751400428674e-5
589.0 1.2843847593952034e-5
590.0 1.2741779928408988e-5
591.0 1.2641275130206703e-5
592.0 1.2542298396027728e-5
593.0 1.244481595785693e-5
594.0 1.2348795045730422e-5
595.0 1.2254203852357932e-5
596.0 1.2161011499223734e-5
597.0 1.2069188004184827e-5
598.0 1.1978704250707683e-5
599.0 1.1889531958344542e-5
600.0 1.1801643654645542e-5
601.0 1.1715012648200459e-5
602.0 1.1629613003184587e-5
603.0 1.1545419514730326e-5
604.0 1.1462407685887636e-5
605.0 1.1380553705189447e-5
606.0 1.1299834425714034e-5
607.0 1.1220227344847284e-5
608.0 1.1141710585271707e-5
609.0 1.1064262876753596e-5
610.0 1.0987863538996591e-5
611.0 1.091249246524634e-5
612.0 1.0838130107015477e-5
613.0 1.0764757459354137e-5
614.0 1.0692356047306269e-5
615.0 1.0620907912948378e-5
616.0 1.0550395603341453e-5
617.0 1.0480802159326916e-5
618.0 1.0412111104955683e-5
619.0 1.0344306437843678e-5
620.0 1.027737262031175e-5
621.0 1.02112945710801e-5
622.0 1.0146057658024255e-5
623.0 1.0081647691361233e-5
624.0 1.0018050917872559e-5
625.0 9.955254015638573e-6
626.0 9.893244089744812e-6
627.0 9.832008668423476e-6
628.0 9.771535700296385e-6
629.0 9.711813552057558e-6
630.0 9.652831007060528e-6
631.0 9.594577264639225e-6
632.0 9.537041940057938e-6
633.0 9.480215065404874e-6
634.0 9.424087091013263e-6
635.0 9.368648887771864e-6
636.0 9.313891750143126e-6
637.0 9.259807399883165e-6
638.0 9.20638799060302e-6
639.0 9.153626112871812e-6
640.0 9.101514800235962e-6
641.0 9.050047535864084e-6
642.0 8.9992182598538e-6
643.0 8.949021377277881e-6
644.0 8.899451766826728e-6
645.0 8.85050479010388e-6
646.0 8.80217630153564e-6
647.0 8.75446265873061e-6
648.0 8.707360733440015e-6
649.0 8.66086792286489e-6
650.0 8.614982161363578e-6
651.0 8.569701932490541e-6
652.0 8.525026281148126e-6
653.0000000000001 8.480954825812978e-6
654.0 8.437487770843048e-6
655.0 8.394625918528028e-6
656.0 8.352370680782736e-6
657.0 8.310724090495559e-6
658.0 8.269688812049999e-6
659.0 8.229268151007696e-6
659.9999999999999 8.189466062744742e-6
661.0 8.150287159641377e-6
662.0 8.111736716689561e-6
663.0 8.073820675188304e-6
664.0000000000001 8.036545644123458e-6
665.0 7.999918899153963e-6
666.0 7.963948378489581e-6
667.0 7.928642675739547e-6
668.0 7.894011028923444e-6
669.0 7.860063305606978e-6
670.0 7.826809983576536e-6
670.9999999999999 7.794262126821546e-6
672.0 7.762431356333817e-6
673.0 7.731329815496765e-6
674.0 7.700970129647138e-6
675.0000000000001 7.671365359641355e-6
676.0 7.642528949138339e-6
677.0 7.6144746654176326e-6
678.0 7.587216533763523e-6
679.0 7.56076876527521e-6
680.0 7.535145678318549e-6
681.0 7.510361613772002e-6
681.9999999999999 7.486430844421671e-6
683.0 7.463367478978562e-6
684.0 7.441185361280823e-6
685.0 7.419897965511024e-6
686.0000000000001 7.399518288088866e-6
687.0 7.38005873759785e-6
688.0 7.361531023458715e-6
688.9999999999999 7.343946044956548e-6
690.0 7.327313781707896e-6
691.0 7.311643187107484e-6
692.0 7.296942086123337e-6
692.9999999999999 7.283217078947671e-6
694.0 7.270473451914918e-6
695.0 7.258715097072344e-6
696.0 7.2479444417142735e-6
697.0000000000001 7.238162389004452e-6
698.0 7.229368270738258e-6
699.0 7.221559813032517e-6
699.9999999999999 7.2147331155715555e-6
701.0 7.208882644773917e-6
702.0 7.204001241039543e-6
703.0 7.200080139915745e-6
703.9999999999999 7.197109006882726e-6
705.0 7.195075985160475e-6
706.0 7.1939677556876824e-6
707.0 7.193769608333195e-6
708.0000000000001 7.194465523132327e-6
709.0 7.196038260289132e-6
710.0 7.19846945750401e-6
710.9999999999999 7.201739733212442e-6
712.0 7.205828794231383e-6
713.0 7.210715546330018e-6
714.0 7.216378206300516e-6
715.0000000000001 7.2227944141496165e-6
716.0 7.229941344142693e-6
717.0 7.237795813512884e-6
718.0 7.2463343878139215e-6
719.0000000000001 7.25553348199782e-6
720.0 7.26536945644838e-6
721.0 7.275818707361904e-6
721.9999999999999 7.28685775097637e-6
723.0 7.298463301301313e-6
724.0 7.310612341141767e-6
725.0 7.3232821862871546e-6
726.0000000000001 7.336450542870293e-6
727.0 7.350095557989471e-6
728.0 7.364195863759258e-6
729.0 7.378730615020205e-6
730.0 7.3936795209863956e-6
731.0 7.409022871190963e-6
732.0 7.424741556041743e-6
732.9999999999999 7.44081708241495e-6
734.0 7.457231584647643e-6
735.0 7.473967831343487e-6
736.0 7.491009228358935e-6
737.0000000000001 7.508339818416953e-6
738.0 7.525944277646686e-6
739.0 7.543807909465195e-6
740.0 7.561916636119501e-6
741.0 7.580256988196593e-6
742.0 7.598816092457167e-6
743.0 7.617581658166901e-6
743.9999999999999 7.636541962291284e-6
745.0 7.655685833704964e-6
746.0 7.675002636663105e-6
747.0 7.694482253718614e-6
748.0000000000001 7.714115068226248e-6
749.0 7.733891946639295e-6
750.0 7.753804220657219e-6
751.0 7.773843669418254e-6
752.0 7.79400250176058e-6
753.0 7.814273338689087e-6
754.0 7.834649196115448e-6
754.9999999999999 7.855123467898068e-6
756.0 7.875689909265506e-6
757.0 7.896342620680019e-6
758.0 7.917076032087717e-6
759.0000000000001 7.937884887717202e-6
760.0 7.95876423132325e-6
761.0 7.979709391927305e-6
762.0 8.000715970123618e-6
763.0 8.02177982484254e-6
764.0 8.042897060683847e-6
765.0 8.064064015715252e-6
765.9999999999999 8.085277249819324e-6
767.0 8.106533533513568e-6
768.0 8.127829837291822e-6
769.0 8.149163321393769e-6
770.0000000000001 8.170531326109057e-6
771.0 8.191931362465827e-6
772.0 8.213361103412264e-6
773.0 8.234818375383644e-6
774.0 8.25630115029762e-6
775.0 8.27780753794599e-6
776.0 8.2993357787523e-6
776.9999999999999 8.320884236891473e-6
778.0 8.34245139376355e-6
779.0 8.364035841811462e-6
780.0 8.385636278629682e-6
781.0000000000001 8.407251501398842e-6
782.0 8.428880401592886e-6
783.0 8.450521959980197e-6
784.0 8.472175241875035e-6
785.0 8.493839392644196e-6
786.0 8.515513633447896e-6
787.0 8.537197257207172e-6
787.9999999999999 8.558889624794611e-6
789.0 8.580590161422467e-6
790.0 8.60229835321415e-6
791.0 8.624013743984677e-6
792.0000000000001 8.645735932168615e-6
793.0 8.667464567936773e-6
794.0 8.689199350451924e-6
795.0 8.710940025276999e-6
796.0 8.73268638193451e-6
797.0 8.754438251591893e-6
798.0 8.77619550485286e-6
798.9999999999999 8.797958049717193e-6
800.0 8.819725829607887e-6
801.0 8.841498821515901e-6
802.0 8.863277034261264e-6
803.0000000000001 8.885060506840695e-6
804.0 8.906849306867695e-6
805.0 8.9286435290869e-6
806.0 8.950443293983678e-6
807.0 8.972248746478854e-6
808.0 8.994060054665792e-6
809.0 9.015877408640219e-6
809.9999999999999 9.037701019402241e-6
811.0 9.059531117786916e-6
812.0 9.081367953484732e-6
813.0 9.103211794108914e-6
814.0000000000001 9.12506292430194e-6
815.0 9.146921644912381e-6
816.0 9.168788272195501e-6
816.9999999999999 9.190663137087883e-6
818.0 9.212546584484751e-6
819.0 9.234438972602076e-6
820.0 9.256340672334148e-6
820.9999999999999 9.278252066678867e-6
822.0 9.300173550174105e-6
823.0 9.322105528388928e-6
824.0 9.344048417412848e-6
825.0000000000001 9.366002643412027e-6
826.0 9.387968642178364e-6
827.0 9.4099468587356e-6
827.9999999999999 9.431937746941449e-6
829.0 9.453941769129274e-6
830.0 9.475959395767115e-6
831.0 9.497991105145423e-6
832.0000000000001 9.520037383069058e-6
833.0 9.542098722580737e-6
834.0 9.564175623704902e-6
835.0 9.586268593184048e-6
836.0000000000001 9.608378144279026e-6
837.0 9.630504796522671e-6
838.0 9.652649075552248e-6
838.9999999999999 9.674811512896626e-6
840.0 9.69699264582497e-6
841.0 9.719193017170836e-6
842.0 9.741413175205032e-6
843.0000000000001 9.763653673478974e-6
844.0 9.785915070719341e-6
845.0 9.808197930691482e-6
846.0 9.830502822120152e-6
847.0000000000001 9.852830318579673e-6
848.0 9.875180998405768e-6
849.0 9.89755544463071e-6
849.9999999999999 9.919954244902837e-6
851.0 9.942377991430767e-6
852.0 9.964827280937829e-6
853.0 9.98730271460106e-6
854.0000000000001 1.0009804898023956e-5
855.0 1.0032334441203201e-5
856.0 1.0054891958492918e-5
857.0 1.0077478068602905e-5
858.0 1.010009339457213e-5
859.0 1.0122738563766898e-5
860.0 1.0145414207873121e-5
860.9999999999999 1.0168120962905038e-5
862.0 1.019085946921782e-5
863.0 1.021363037151529e-5
864.0 1.0236434318866607e-5
865.0000000000001 1.0259271964729625e-5
866.0 1.0282143966988454e-5
867.0 1.030505098798126e-5
868.0 1.0327993694527732e-5
869.0 1.0350972757982772e-5
870.0 1.0373988854266954e-5
871.0 1.0397042663943185e-5
871.9999999999999 1.0420134872231805e-5
873.0 1.044326616910224e-5
874.0 1.0466437249308588e-5
875.0 1.0489648812468916e-5
876.0000000000001 1.0512901563119919e-5
877.0 1.05361962108081e-5
878.0 1.0559533470141619e-5
879.0 1.0582914060888508e-5
880.0 1.0606338708046045e-5
881.0 1.062980814192936e-5
882.0 1.0653323098256894e-5
882.9999999999999 1.0676884318245153e-5
884.0 1.0700492548709222e-5
885.0 1.0724148542143068e-5
886.0 1.0747853056842329e-5
887.0000000000001 1.0771606856997148e-5
888.0 1.0795410712791838e-5
889.0 1.0819265400531954e-5
890.0 1.0843171702736862e-5
891.0 1.0867130408280904e-5
892.0 1.0891142312493702e-5
893.0 1.0915208217287589e-5
893.9999999999999 1.0939328931283793e-5
895.0 1.0963505269942791e-5
896.0 1.0987738055685984e-5
897.0 1.1012028118034098e-5
898.0000000000001 1.1036376293753138e-5
899.0 1.106078342697172e-5
900.0 1.1085250369346787e-5
901.0 1.1109777980199607e-5
902.0 1.1134367126644732e-5
903.0 1.1159018683770201e-5
904.0 1.1183733534763636e-5
904.9999999999999 1.1208512571087705e-5
906.0 1.123335669261861e-5
907.0 1.1258266807822122e-5
908.0 1.1283243833902657e-5
909.0000000000001 1.1308288696974193e-5
910.0 1.1333402332216794e-5
911.0 1.1358585684066928e-5
912.0 1.1383839706346935e-5
913.0 1.1409165362484765e-5
914.0 1.1434563625652043e-5
915.0 1.1460035478947747e-5
915.9999999999999 1.1485581915578362e-5
917.0 1.1511203939025561e-5
918.0 1.1536902563235805e-5
919.0 1.1562678812785256e-5
920.0000000000001 1.158853372306652e-5
921.0 1.1614468340455997e-5
922.0 1.1640483722503527e-5
923.0 1.166658093810387e-5
924.0 1.1692761067669253e-5
925.0 1.1719025203306243e-5
926.0 1.1745374448992382e-5
926.9999999999999 1.177180992073112e-5
928.0 1.1798332746730819e-5
929.0 1.1824944067566622e-5
930.0 1.185164503633581e-5
931.0000000000001 1.1878436818805396e-5
932.0 1.1905320593563236e-5
933.0 1.1932297552171647e-5
934.0 1.1959368899264968e-5
935.0 1.1986535852716955e-5
936.0 1.2013799643719365e-5
937.0 1.204116151689481e-5
937.9999999999999 1.2068622730407109e-5
939.0 1.2096184555995904e-5
940.0 1.2123848279077819e-5
941.0 1.2151615198764631e-5
942.0000000000001 1.2179486627896009e-5
943.0 1.220746389303943e-5
944.0 1.2235548334476436e-5
944.9999999999999 1.2263741306150179e-5
946.0 1.2292044175581965e-5
947.0 1.232045832378683e-5
948.0 1.2348985145117229e-5
948.9999999999999 1.2377626047089029e-5
950.0 1.2406382450164748e-5
951.0 1.24352557874873e-5
952.0 1.2464247504561728e-5
953.0000000000001 1.2493359058900812e-5
954.0 1.252259191959039e-5
955.0 1.2551947566789508e-5
955.9999999999999 1.2581427491186532e-5
957.0 1.2611033193350173e-5
958.0 1.2640766182997195e-5
959.0 1.2670627978213008e-5
959.9999999999999 1.2700620104502774e-5
961.0 1.273074409378919e-5
962.0 1.2761001483261922e-5
963.0 1.2791393814133e-5
964.0000000000001 1.282192263020322e-5
965.0 1.28525894763212e-5
966.0 1.2883395896651303e-5
966.9999999999999 1.2914343432780919e-5
968.0 1.2945433621609189e-5
969.0 1.2976667993050037e-5
970.0 1.300804806748997e-5
971.0000000000001 1.303957535299538e-5
972.0 1.307125134225479e-5
973.0 1.3103077509235422e-5
974.0 1.3135055305484646e-5
975.0000000000001 1.3167186156141594e-5
976.0 1.3199471455517062e-5
977.0 1.3231912562313465e-5
977.9999999999999 1.3264510794366087e-5
979.0 1.3297267422925724e-5
980.0 1.3330183666410473e-5
981.0 1.3363260683636899e-5
982.0000000000001 1.3396499566368418e-5
983.0 1.3429901331281588e-5
984.0 1.3463466911157923e-5
985.0 1.3497197145374959e-5
986.0 1.3531092769479798e-5
987.0 1.3565154403968455e-5
988.0 1.3599382541960628e-5
988.9999999999999 1.3633777535965615e-5
990.0 1.366833958341435e-5
991.0 1.3703068711030098e-5
992.0 1.3737964757840404e-5
993.0000000000001 1.377302735681979e-5
994.0 1.3808255914973704e-5
995.0 1.3843649591820665e-5
996.0 1.3879207276072273e-5
997.0 1.3914927560490505e-5
998.0 1.3950808714678927e-5
999.0 1.3986848655752041e-5
999.9999999999999 1.4023044916685058e-5
1001.0 1.4059394612220168e-5
1002.0 1.4095894402160627e-5
1003.0 1.4132540451911219e-5
1004.0000000000001 1.4169328390079697e-5
1005.0 1.4206253262963123e-5
1006.0 1.4243309485832346e-5
1007.0 1.4280490790757836e-5
1008.0 1.4317790170888221e-5
1009.0 1.4355199821038599e-5
1010.0 1.4392711074440002e-5
1010.9999999999999 1.443031433555822e-5
1012.0 1.446799900891452e-5
1013.0 1.4505753423881297e-5
1014.0 1.4543564755400737e-5
1015.0000000000001 1.4581418940770919e-5
1016.0 1.461930059260711e-5
1017.0 1.4657192908136043e-5
1018.0 1.4695077575203006e-5
1019.0 1.4732934675409231e-5
1020.0 1.4770742584984932e-5
1021.0 1.4808477874007661e-5
1021.9999999999999 1.4846115205118135e-5
1023.0 1.4883627232579848e-5
1024.0 1.4920984503375073e-5
1025.0 1.4958155361792306e-5
1026.0 1.4995105859514327e-5
1027.0 1.5031799673696589e-5
1028.0 1.5068198035426716e-5
1029.0 1.5104259672038126e-5
1030.0 1.5139940766488442e-5
1031.0 1.5175194938052367e-5
1032.0 1.5209973248607573e-5
1033.0 1.5244224239570277e-5
1034.0 1.527789400472622e-5
1035.0 1.531092630478275e-5
1036.0 1.5343262729678157e-5
1037.0 1.5374842915002414e-5
1038.0 1.5405604818834924e-5
1039.0 1.543548506533299e-5
1040.0 1.546441936102212e-5
1041.0 1.5492342989010013e-5
1042.0 1.5519191385578045e-5
1043.0 1.5544900802066883e-5
1044.0 1.5569409053259607e-5
1045.0 1.5592656351198475e-5
1046.0 1.561458622058375e-5
1047.0 1.5635146488692038e-5
1048.0 1.565429033905792e-5
1049.0 1.567197741413196e-5
1050.0 1.568817494776937e-5
1051.0 1.570285890418971e-5
1052.0 1.5716015095615774e-5
1053.0 1.5727640247205276e-5
1054.0 1.5737742974673387e-5
1055.0 1.5746344637994217e-5
1056.0 1.5753480033894606e-5
1057.0 1.5759197890879294e-5
1058.0 1.5763561133186616e-5
1059.0 1.576664688528996e-5
1060.0 1.5768546195080093e-5
1061.0 1.5769363462826115e-5
1062.0 1.5769215573364495e-5
1063.0 1.5768230739974242e-5
1064.0 1.576654708070459e-5
1065.0 1.5764310958807898e-5
1066.0 1.5761675129907438e-5
1067.0 1.5758796746706284e-5
1068.0 1.575583527856671e-5
1069.0 1.5752950406405767e-5
1070.0 1.575029995371519e-5
1071.0 1.5748037911430907e-5
1072.0 1.5746312608828802e-5
1073.0 1.5745265074423422e-5
1074.0 1.5745027621038075e-5
1075.0 1.5745722678507178e-5
1076.0 1.5747461886541482e-5
1077.0 1.5750345449534944e-5
1078.0 1.575446174608895e-5
1079.0 1.5759887177597617e-5
1080.0 1.5766686234469475e-5
1081.0 1.577491175390245e-5
1082.0 1.57846053405918e-5
1083.0 1.5795797920978182e-5
1084.0 1.5808510401597345e-5
1085.0 1.5822754404016875e-5
1086.0 1.583853305064102e-5
1087.0 1.5855841778777413e-5
1088.0 1.587466916314037e-5
1089.0 1.5894997730153505e-5
1090.0 1.59168047504822e-5
1091.0 1.5940062999036607e-5
1092.0 1.5964741474270134e-5
1093.0 1.599080607095102e-5
1094.0 1.6018220202588654e-5
1095.0 1.6046945371379112e-5
1096.0 1.6076941684961166e-5
1097.0 1.6108168320442507e-5
1098.0 1.6140583937052393e-5
1099.0 1.6174147039492735e-5
1100.0 1.6208816294539506e-5
1101.0 1.6244550803910324e-5
1102.0 1.628131033647949e-5
1103.0 1.6319055523219507e-5
1104.0 1.635774801814245e-5
1105.0 1.6397350628575828e-5
1106.0 1.643782741790342e-5
1107.0 1.6479143783905896e-5
1108.0 1.6521266515530402e-5
1109.0 1.6564163830821453e-5
1110.0 1.660780539851652e-5
1111.0 1.665216234559217e-5
1112.0 1.6697207252886246e-5
1113.0 1.6742914140635147e-5
1114.0 1.6789258445682594e-5
1115.0 1.683621699187375e-5
1116.0 1.6883767954865807e-5
1117.0 1.693189082273001e-5
1118.0 1.698056635316603e-5
1119.0 1.7029776528368844e-5
1120.0 1.7079504508270213e-5
1121.0 1.7129734582737003e-5
1122.0 1.718045212343716e-5
1123.0 1.723164353569791e-5
1124.0 1.7283296210795625e-5
1125.0 1.733539847901956e-5
1126.0 1.738793956374215e-5
1127.0 1.7440909536683273e-5
1128.0 1.7494299274564046e-5
1129.0 1.7548100417242835e-5
1130.0 1.7602305327427192e-5
1131.0 1.7656907052027667e-5
1132.0 1.7711899285179693e-5
1133.0 1.7767276332902305e-5
1134.0 1.7823033079519686e-5
1135.0 1.787916495565056e-5
1136.0 1.7935667907879408e-5
1137.0 1.7992538370007334e-5
1138.0 1.8049773235855207e-5
1139.0 1.8107369833543667e-5
1140.0 1.8165325901282096e-5
1141.0 1.822363956444348e-5
1142.0 1.8282309314077913e-5
1143.0 1.834133398664344e-5
1144.0 1.840071274496053e-5
1145.0 1.8460445060325876e-5
1146.0 1.8520530695735172e-5
1147.0 1.858096969014555e-5
1148.0 1.864176234372807e-5
1149.0 1.8702909204038742e-5
1150.0 1.8764411053121132e-5
1151.0 1.882626889538281e-5
1152.0 1.8888483946332186e-5
1153.0 1.8951057621989627e-5
1154.0 1.9013991529043816e-5
1155.0 1.907728745567061e-5
1156.0 1.9140947362955353e-5
1157.0 1.9204973376879232e-5
1158.0 1.9269367780919764e-5
1159.0 1.9334133009117956e-5
1160.0 1.939927163963364e-5
1161.0 1.9464786388777523e-5
1162.0 1.95306801054611e-5
1163.0 1.9596955766049725e-5
1164.0 1.9663616469598796e-5
1165.0 1.9730665433451196e-5
1166.0 1.9798105989135548e-5
1167.0 1.9865941578618246e-5
1168.0 1.9934175750843484e-5
1169.0 2.0002812158523555e-5
1170.0 2.007185455521701e-5
1171.0 2.014130679262495e-5
1172.0 2.0211172818154806e-5
1173.0 2.028145667266864e-5
1174.0 2.035216248843486e-5
1175.0 2.04232944872904e-5
1176.0 2.0494856978970162e-5
1177.0 2.0566854359608097e-5
1178.0 2.0639291110383443e-5
1179.0 2.0712171796353247e-5
1180.0 2.078550106539994e-5
1181.0 2.0859283647290627e-5
1182.0 2.093352435292353e-5
1183.0 2.1008228073640458e-5
1184.0 2.1083399780680373e-5
1185.0 2.1159044524703276e-5
1186.0 2.1235167435471557e-5
1187.0 2.1311773721593396e-5
1188.0 2.1388868670320997e-5
1189.0 2.1466457647528917e-5
1190.0 2.1544546097671426e-5
1191.0 2.1623139543878507e-5
1192.0 2.1702243588140256e-5
1193.0 2.1781863911472044e-5
1194.0 2.1862006274241755e-5
1195.0 2.1942676516545103e-5
1196.0 2.202388055857611e-5
1197.0 2.2105624401125808e-5
1198.0 2.218791412610857e-5
1199.0 2.2270755897153968e-5
1200.0 2.235415596022007e-5
1201.0 2.2438120644300943e-5
1202.0 2.2522656362149485e-5
1203.0 2.2607769611041307e-5
1204.0 2.2693466973623725e-5
1205.0 2.2779755118721566e-5
1206.0 2.2866640802338263e-5
1207.0 2.2954130868491707e-5
1208.0 2.304223225027329e-5
1209.0 2.313095197082124e-5
1210.0 2.3220297144412213e-5
1211.0 2.3310274977520834e-5
1212.0 2.3400892769951885e-5
1213.0 2.3492157916005974e-5
1214.0 2.3584077905662342e-5
1215.0 2.3676660325793873e-5
1216.0 2.376991286143216e-5
1217.0 2.3863843297031488e-5
1218.0 2.3958459517793645e-5
1219.0 2.4053769510991574e-5
1220.0 2.414978136735551e-5
1221.0 2.4246503282437963e-5
1222.0 2.434394355805605e-5
1223.0 2.444211060374161e-5
1224.0 2.4541012938162953e-5
1225.0 2.464065919069632e-5
1226.0 2.4741058102882364e-5
1227.0 2.484221853000608e-5
1228.0 2.4944149442625562e-5
1229.0 2.5046859928210796e-5
1230.0 2.51503591926915e-5
1231.0 2.52546565621379e-5
1232.0 2.5359761484390106e-5
1233.0 2.546568353072156e-5
1234.0 2.5572432397547477e-5
1235.0 2.5680017908117038e-5
1236.0 2.5788450014219527e-5
1237.0 2.589773879798452e-5
1238.0 2.6007894473568798e-5
1239.0 2.6118927388970017e-5
1240.0 2.6230848027792355e-5
1241.0 2.634366701104603e-5
1242.0 2.6457395098989672e-5
1243.0 2.6572043192884066e-5
1244.0 2.6687622336890555e-5
1245.0 2.680414371985443e-5
1246.0 2.69216186771822e-5
1247.0 2.7040058692676375e-5
1248.0 2.7159475400393956e-5
1249.0 2.7279880586494735e-5
1250.0 2.740128619108852e-5
1251.0 2.7523704310124566e-5
1252.0 2.764714719720225e-5
1253.0 2.777162726541386e-5
1254.0 2.789715708925185e-5
1255.0 2.8023749406301313e-5
1256.0 2.8151417119190254e-5
1257.0 2.8280173297291746e-5
1258.0 2.84100311785657e-5
1259.0 2.8541004171274583e-5
1260.0 2.867310585573998e-5
1261.0 2.88063499860107e-5
1262.0 2.8940750491596502e-5
1263.0 2.9076321479038578e-5
1264.0 2.9213077233558693e-5
1265.0 2.9351032220582916e-5
1266.0 2.949020108724872e-5
1267.0 2.9630598663867732e-5
1268.0 2.9772239965273372e-5
1269.0 2.991514019221154e-5
1270.0 3.0059314732545698e-5
1271.0 3.0204779162467643e-5
1272.0 3.0351549247531003e-5
1273.0 3.0499640943739574e-5
1274.0 3.064907039839636e-5
1275.0 3.079985395092643e-5
1276.0 3.095200813352231e-5
1277.0 3.1105549671787004e-5
1278.0 3.126049548507979e-5
1279.0 3.14168626868388e-5
1280.0 3.1574668584770764e-5
1281.0 3.173393068069618e-5
1282.0 3.1894666670496975e-5
1283.0 3.2056894443593694e-5
1284.0 3.22206320824647e-5
1285.0 3.238589786175429e-5
1286.0 3.255271024732625e-5
1287.0 3.272108789489217e-5
1288.0 3.289104964855082e-5
1289.0 3.306261453896451e-5
1290.0 3.3235801781206426e-5
1291.0 3.3410630772404646e-5
1292.0 3.3587121088947e-5
1293.0 3.376529248341613e-5
1294.0 3.394516488096484e-5
1295.0 3.412675837569043e-5
1296.0 3.431009322606582e-5
1297.0 3.449518985034335e-5
1298.0 3.4682068821244694e-5
1299.0 3.4870750860263156e-5
1300.0 3.506125683134827e-5
1301.0 3.5253607734086453e-5
1302.0 3.544782469623015e-5
1303.0 3.564392896565786e-5
1304.0 3.5841941901572306e-5
1305.0 3.604188496506031e-5
1306.0000000000002 3.624377970886958e-5
1307.0 3.644764776639453e-5
1308.0 3.665351083981071e-5
1308.9999999999998 3.68613906873964e-5
1310.0 3.707130910978276e-5
1311.0 3.7283287935320344e-5
1312.0 3.7497349004410316e-5
1313.0 3.771351415268465e-5
1314.0 3.7931805193063144e-5
1315.0 3.815224389656779e-5
1316.0 3.837485197185771e-5
1317.0000000000002 3.859965104358266e-5
1318.0 3.882666262884451e-5
1319.0 3.90559081127987e-5
1319.9999999999998 3.928740872224453e-5
1321.0 3.952118549763428e-5
1322.0 3.975725926356203e-5
1323.0 3.999565059708483e-5
1324.0 4.0236379794499126e-5
1325.0 4.047946683585119e-5
1326.0 4.072493134748994e-5
1327.0 4.0972792562267606e-5
1328.0000000000002 4.1223069277723256e-5
1329.0 4.1475779811502005e-5
1330.0 4.173094195452687e-5
1330.9999999999998 4.19885729213389e-5
1332.0 4.2248689297897284e-5
1333.0 4.251130698621262e-5
1334.0 4.277644114635059e-5
1335.0 4.3044106134921764e-5
1336.0 4.331431544058122e-5
1337.0 4.3587081616089756e-5
1338.0 4.386241620663583e-5
1339.0000000000002 4.414032967494159e-5
1340.0 4.442083132199575e-5
1341.0 4.470392920440457e-5
1341.9999999999998 4.498963004719195e-5
1343.0 4.5277939152601424e-5
1344.0 4.556886030464769e-5
1345.0 4.5862395668816114e-5
1346.0 4.615854568746964e-5
1347.0 4.6457308970231655e-5
1348.0 4.675868217951046e-5
1349.0 4.7062659911249e-5
1350.0000000000002 4.736923456997462e-5
1351.0 4.7678396239268366e-5
1352.0 4.799013254615003e-5
1352.9999999999998 4.83044285206564e-5
1354.0 4.8621266449483355e-5
1355.0 4.89406257241373e-5
1356.0 4.9262482683560476e-5
1357.0 4.958681045089842e-5
1358.0 4.991357876475038e-5
1359.0 5.024275380479565e-5
1360.0 5.057429801168175e-5
1361.0000000000002 5.0908169901635026e-5
1362.0 5.1244323875398864e-5
1363.0 5.158271002222799e-5
1363.9999999999998 5.1923273918847535e-5
1365.0 5.2265956423171335e-5
1366.0 5.261069346431998e-5
1366.9999999999998 5.2957415827865225e-5
1368.0 5.3306048937620125e-5
1369.0 5.365651263417663e-5
1370.0 5.400872095083648e-5
1371.0 5.4362581887290304e-5
1372.0000000000002 5.471799718214486e-5
1373.0 5.507486208485758e-5
1374.0 5.543306512761948e-5
1374.9999999999998 5.579248789927969e-5
1376.0 5.615300482082935e-5
1377.0 5.651448292480107e-5
1377.9999999999998 5.6876781639610745e-5
1379.0 5.7239752579720045e-5
1380.0 5.760323934392772e-5
1381.0 5.796707732252144e-5
1382.0 5.8331093515980286e-5
1383.0000000000002 5.8695106366229355e-5
1384.0 5.905892560297291e-5
1385.0 5.942235210685806e-5
1385.9999999999998 5.978517779182356e-5
1387.0 6.014718550907538e-5
1388.0 6.0508148974419746e-5
1388.9999999999998 6.086783272234735e-5
1390.0 6.122599208871288e-5
1391.0 6.158237322458289e-5
1392.0 6.193671314476737e-5
1393.0 6.228873981219403e-5
1394.0000000000002 6.263817226216634e-5
1395.0 6.298472076848768e-5
1396.0 6.332808705388412e-5
1396.9999999999998 6.366796454742191e-5
1398.0 6.40040386914181e-5
1399.0 6.433598729965681e-5
1399.9999999999998 6.466348096904604e-5
1401.0 6.498618354657553e-5
1402.0 6.530375265299674e-5
1403.0 6.561584026413448e-5
1404.0 6.592209335092315e-5
1405.0000000000002 6.622215457823272e-5
1406.0 6.651566306293184e-5
1407.0 6.680225518949074e-5
1407.9999999999998 6.708156548336649e-5
1409.0 6.735322753938918e-5
1410.0 6.761687500344594e-5
1410.9999999999998 6.787214260424667e-5
1412.0 6.811866723179523e-5
1413.0 6.83560890581294e-5
1414.0 6.858405269574597e-5
1415.0 6.880220838801875e-5
1416.0000000000002 6.901021322538776e-5
1417.0 6.92077323807764e-5
1418.0 6.939444035688241e-5
1419.0000000000002 6.957002223743263e-5
1420.0 6.973417493429018e-5
1421.0 6.988660842179224e-5
1421.9999999999998 7.002704694928562e-5
1423.0 7.015523022299634e-5
1424.0 7.027091454773372e-5
1425.0 7.03738739196967e-5
1426.0 7.046390106090064e-5
1427.0000000000002 7.05408083867119e-5
1428.0 7.060442889808385e-5
1429.0 7.06546169903212e-5
1430.0000000000002 7.069124917134358e-5
1431.0 7.071422468251852e-5
1432.0 7.072346601639113e-5
1432.9999999999998 7.071891932634569e-5
1434.0 7.070055472410995e-5
1435.0 7.06683664622478e-5
1436.0 7.062237299972989e-5
1437.0 7.056261694977614e-5
1438.0000000000002 7.04891649103109e-5
1439.0 7.040210717858871e-5
1440.0 7.03015573523751e-5
1441.0000000000002 7.018765182146567e-5
1442.0 7.006054915405704e-5
1443.0 6.992042938348886e-5
1443.9999999999998 6.976749320187407e-5
1445.0 6.960196106761836e-5
1446.0 6.942407223471119e-5
1447.0 6.923408371212349e-5
1448.0 6.903226916204145e-5
1449.0000000000002 6.881891774592653e-5
1450.0 6.859433292788117e-5
1451.0 6.835883124436974e-5
1452.0000000000002 6.811274104969794e-5
1453.0 6.785640124638702e-5
1454.0 6.759016000934853e-5
1454.9999999999998 6.731437351214663e-5
1456.0 6.702940466395513e-5
1457.0 6.673562186418724e-5
1458.0 6.643339778245755e-5
1459.0 6.612310817013077e-5
1460.0 6.580513070912818e-5
1461.0 6.547984390350119e-5
1462.0 6.514762601815466e-5
1463.0000000000002 6.480885406849455e-5
1464.0 6.446390286451574e-5
1465.0 6.411314411142177e-5
1465.9999999999998 6.375694556914001e-5
1467.0 6.339567027167905e-5
1468.0 6.302967580738104e-5
1469.0 6.265931366023315e-5
1470.0 6.228492861176284e-5
1471.0 6.190685820317648e-5
1472.0 6.152543225631706e-5
1473.0 6.114097245221866e-5
1474.0000000000002 6.0753791965398906e-5
1475.0 6.0364195151869294e-5
1476.0 5.9972477288744905e-5
1476.9999999999998 5.957892436279767e-5
1478.0 5.918381290572412e-5
1479.0 5.8787409873169955e-5
1480.0 5.83899725648606e-5
1481.0 5.7991748583436274e-5
1482.0 5.7592975828453965e-5
1483.0 5.7193882523662045e-5
1484.0 5.6794687274091416e-5
1485.0000000000002 5.6395599150866715e-5
1486.0 5.59968178006457e-5
1487.0 5.5598533577567714e-5
1487.9999999999998 5.5200927695243975e-5
1489.0 5.4804172396043444e-5
1490.0 5.440843113611146e-5
1491.0 5.401385878368625e-5
1492.0 5.3620601828662784e-5
1493.0 5.322879860191882e-5
1494.0 5.283857950232904e-5
1495.0 5.245006723011941e-5
1496.0000000000002 5.206337702491593e-5
1497.0 5.1678616907371855e-5
1498.0 5.129588792279715e-5
1498.9999999999998 5.091528438602737e-5
1500.0 5.053689412608717e-5
1501.0 5.016079873031862e-5
1502.0 4.9787073786302e-5
1503.0 4.9415789121818454e-5
1504.0 4.904700904133703e-5
1505.0 4.868079255894533e-5
1506.0 4.831719362718153e-5
1507.0000000000002 4.795626136106539e-5
1508.0 4.759804025725394e-5
1509.0 4.724257040791695e-5
1509.9999999999998 4.68898877090303e-5
1511.0 4.654002406295265e-5
1512.0 4.619300757498857e-5
1513.0 4.5848862744124106e-5
1514.0 4.5507610647563544e-5
1515.0 4.5169269118979e-5
1516.0 4.48338529207982e-5
1517.0 4.45013739102559e-5
1518.0000000000002 4.417184119936625e-5
1519.0 4.384526130861131e-5
1520.0 4.3521638315016016e-5
1520.9999999999998 4.320097399398477e-5
1522.0 4.288326795541126e-5
1523.0 4.256851777424352e-5
1524.0 4.22567191152235e-5
1525.0 4.194786585252106e-5
1526.0 4.164195018372221e-5
1527.0 4.1338962738886025e-5
1528.0 4.103889268455592e-5
1529.0000000000002 4.074172782289691e-5
1530.0 4.044745468612053e-5
1531.0 4.015605862643333e-5
1531.9999999999998 3.986752390141732e-5
1533.0 3.9581833755494115e-5
1534.0 3.929897049701156e-5
1535.0 3.9018915571543214e-5
1536.0 3.874164963141509e-5
1537.0 3.846715260149266e-5
1538.0 3.819540374174381e-5
1539.0 3.79263817061318e-5
1540.0000000000002 3.766006459862473e-5
1541.0 3.7396430025906864e-5
1542.0 3.7135455147302744e-5
1542.9999999999998 3.687711672188558e-5
1544.0 3.662139115288519e-5
1545.0 3.636825452955471e-5
1546.0 3.6117682666646296e-5
1547.0 3.5869651141516836e-5
1548.0 3.562413532908257e-5
1549.0 3.5381110434668096e-5
1550.0 3.514055152478634e-5
1551.0000000000002 3.4902433556124926e-5
1552.0 3.466673140267085e-5
1553.0 3.443341988115184e-5
1553.9999999999998 3.4202473774841335e-5
1555.0 3.3973867855783604e-5
1556.0 3.3747576905646966e-5
1557.0 3.352357573510528e-5
1558.0 3.330183920195422e-5
1559.0 3.308234222800104e-5
1560.0 3.286505981469493e-5
1561.0 3.2649967057757575e-5
1562.0000000000002 3.2437039160685546e-5
1563.0 3.2226251447297736e-5
1564.0 3.201757937324695e-5
1564.9999999999998 3.181099853689454e-5
1566.0 3.160648468900073e-5
1567.0 3.1404013741902947e-5
1568.0 3.120356177780812e-5
1569.0 3.100510505644432e-5
1570.0 3.080862002199962e-5
1571.0 3.0614083309507725e-5
1572.0 3.0421471750553378e-5
1573.0000000000002 3.0230762378487512e-5
1574.0 3.004193243313179e-5
1575.0 2.9854959364914268e-5
1575.9999999999998 2.9669820838679332e-5
1577.0 2.9486494736895994e-5
1578.0 2.9304959162588546e-5
1579.0 2.9125192441858642e-5
1580.0 2.8947173125989513e-5
1581.0 2.8770879993297524e-5
1582.0 2.8596292050624734e-5
1583.0 2.842338853449924e-5
1584.0000000000002 2.8252148912136884e-5
1585.0 2.80825528820375e-5
1586.0 2.7914580374446416e-5
1586.9999999999998 2.774821155155429e-5
1588.0 2.7583426807493682e-5
1589.0 2.7420206768095523e-5
1590.0 2.7258532290555578e-5
1591.0 2.709838446285674e-5
1592.0 2.693974460302041e-5
1593.0 2.678259425828484e-5
1594.0 2.6626915204089975e-5
1595.0000000000002 2.647268944296525e-5
1596.0 2.6319899203258545e-5
1597.0 2.6168526937799646e-5
1597.9999999999998 2.601855532249242e-5
1599.0 2.5869967254702236e-5
1600.0 2.572274585169603e-5
1601.0 2.5576874448913443e-5
1602.0 2.5432336598194053e-5
1603.0 2.5289116065974487e-5
1604.0 2.514719683136146e-5
1605.0 2.500656308421179e-5
1606.0000000000002 2.4867199223154647e-5
1607.0 2.472908985351356e-5
1608.0 2.4592219785302477e-5
1608.9999999999998 2.445657403106924e-5
1610.0 2.4322137803811173e-5
1611.0 2.4188896514771877e-5
1612.0 2.4056835771316867e-5
1613.0 2.3925941374704834e-5
1614.0 2.3796199317885334e-5
1615.0 2.3667595783315266e-5
1616.0 2.3540117140644767e-5
1617.0000000000002 2.3413749944567215e-5
1618.0 2.3288480932536313e-5
1619.0 2.3164297022559797e-5
1619.9999999999998 2.3041185310888987e-5
1621.0 2.2919133069850144e-5
1622.0 2.2798127745573496e-5
1622.9999999999998 2.267815695576032e-5
1624.0 2.2559208487511318e-5
1625.0 2.2441270295047606e-5
1626.0 2.2324330497510346e-5
1627.0 2.220837737686482e-5
1628.0000000000002 2.209339937559056e-5
1629.0 2.197938509459568e-5
1630.0 2.186632329106354e-5
1630.9999999999998 2.1754202876297768e-5
1632.0 2.1643012913590488e-5
1633.0 2.1532742616177844e-5
1633.9999999999998 2.1423381345085336e-5
1635.0 2.1314918607124395e-5
1636.0 2.1207344052802933e-5
1637.0 2.110064747433644e-5
1638.0 2.099481880362524e-5
1639.0000000000002 2.0889848110242272e-5
1640.0 2.078572559952868e-5
1641.0 2.0682441610590282e-5
1641.9999999999998 2.0579986614433164e-5
1643.0 2.0478351212004964e-5
1644.0 2.0377526132371033e-5
1644.9999999999998 2.0277502230811036e-5
1646.0 2.017827048702285e-5
1647.0 2.0079822003304845e-5
1648.0 1.9982148002742636e-5
1649.0 1.98852398274554e-5
1650.0000000000002 1.9789088936881497e-5
1651.0 1.9693686905996665e-5
1652.0 1.959902542367031e-5
1652.9999999999998 1.950509629097405e-5
1654.0 1.9411891419502447e-5
1655.0 1.9319402829769185e-5
1655.9999999999998 1.92276226495911e-5
1657.0 1.9136543112487415e-5
1658.0 1.904615655614128e-5
1659.0 1.8956455420823052e-5
1660.0 1.886743224789329e-5
1661.0000000000002 1.8779079678295504e-5
1662.0 1.869139045106846e-5
1663.0 1.8604357401902236e-5
1664.0000000000002 1.8517973461702295e-5
1665.0 1.8432231655146382e-5
1666.0 1.834712509934288e-5
1666.9999999999998 1.8262647002390644e-5
1668.0 1.8178790662088537e-5
1669.0 1.8095549464548732e-5
1670.0 1.8012916882922975e-5
1671.0 1.793088647609093e-5
1672.0000000000002 1.784945188737959e-5
1673.0 1.7768606843315592e-5
1674.0 1.768834515239586e-5
1675.0000000000002 1.760866070386344e-5
1676.0 1.7529547466495556e-5
1677.0 1.7450999487464246e-5
1677.9999999999998 1.73730108911063e-5
1679.0 1.729557587785064e-5
1680.0 1.7218688723042308e-5
1681.0 1.7142343775862137e-5
1682.0 1.7066535458216292e-5
1683.0000000000002 1.6991258263660333e-5
1684.0 1.6916506756364324e-5
1685.0 1.6842275570045477e-5
1686.0000000000002 1.6768559406957425e-5
1687.0 1.6695353036864257e-5
1688.0 1.6622651296074805e-5
1688.9999999999998 1.655044908643653e-5
1690.0 1.647874137438847e-5
1691.0 1.640752319001049e-5
1692.0 1.633678962608485e-5
1693.0 1.6266535837187978e-5
1694.0000000000002 1.619675703879045e-5
1695.0 1.6127448506346015e-5
1696.0 1.6058605574440654e-5
1697.0000000000002 1.5990223635912805e-5
1698.0 1.5922298141028522e-5
1699.0 1.585482459662496e-5
1699.9999999999998 1.5787798565293532e-5
1701.0 1.5721215664586796e-5
1702.0 1.5655071566204316e-5
1703.0 1.5589361995236205e-5
1704.0 1.5524082729352868e-5
1705.0000000000002 1.545922959809073e-5
1706.0 1.5394798482070945e-5
1707.0 1.5330785312288716e-5
1708.0000000000002 1.5267186069393625e-5
1709.0 1.5203996782945253e-5
1710.0 1.514121353075087e-5
1710.9999999999998 1.5078832438170602e-5
1712.0 1.5016849677415706e-5
1713.0 1.495526146691088e-5
1714.0 1.4894064070616188e-5
1715.0 1.4833253797398022e-5
1716.0 1.4772827000386693e-5
1717.0 1.4712780076341043e-5
1718.0 1.4653109465056059e-5
1719.0000000000002 1.4593811648726879e-5
1720.0 1.4534883151383047e-5
1721.0 1.44763205382834e-5
1721.9999999999998 1.4418120415334518e-5
1723.0 1.4360279428539936e-5
1724.0 1.4302794263424387e-5
1725.0 1.4245661644492421e-5
1726.0 1.4188878334684461e-5
1727.0 1.4132441134832225e-5
1728.0 1.4076346883158901e-5
1729.0 1.4020592454737162e-5
1730.0000000000002 1.3965174760984634e-5
1731.0 1.3910090749173822e-5
1732.0 1.3855337401940599e-5
1732.9999999999998 1.3800911736779395e-5
1734.0 1.3746810805588532e-5
1735.0 1.3693031694178128e-5
1736.0 1.3639571521826812e-5
1737.0 1.3586427440818636e-5
1738.0 1.3533596635981554e-5
1739.0 1.3481076324271974e-5
1740.0 1.3428863754316224e-5
1741.0000000000002 1.3376956206000812e-5
1742.0 1.3325350990029645e-5
1743.0 1.327404544753001e-5
1743.9999999999998 1.3223036949639949e-5
1745.0 1.3172322897092728e-5
1746.0 1.3121900719836026e-5
1747.0 1.3071767876630598e-5
1748.0 1.3021921854682724e-5
1749.0 1.297236016924388e-5
1750.0 1.2923080363259787e-5
1751.0 1.287408000698829e-5
1752.0000000000002 1.2825356697652899e-5
1753.0 1.2776908059071405e-5
1754.0 1.2728731741322775e-5
1754.9999999999998 1.2680825420381971e-5
1756.0 1.2633186797808566e-5
1757.0 1.2585813600389816e-5
1758.0 1.2538703579813828e-5
1759.0 1.2491854512362112e-5
1760.0 1.2445264198570583e-5
1761.0 1.2398930462933365e-5
1762.0 1.2352851153568751e-5
1763.0000000000002 1.2307024141946937e-5
1764.0 1.2261447322566973e-5
1765.0 1.2216118612657849e-5
1765.9999999999998 1.2171035951912045e-5
1767.0 1.2126197302172178e-5
1768.0 1.2081600647166422e-5
1769.0 1.203724399221337e-5
1770.0 1.1993125363971655e-5
1771.0 1.1949242810147548e-5
1772.0 1.1905594399235878e-5
1773.0 1.1862178220270474e-5
1774.0000000000002 1.1818992382544141e-5
1775.0 1.1776035015376534e-5
1776.0 1.1733304267842703e-5
1776.9999999999998 1.1690798308545423e-5
1778.0 1.1648515325363502e-5
1779.0 1.1606453525202585e-5
1780.0 1.1564611133785547e-5
1781.0 1.1522986395392594e-5
1782.0 1.1481577572647411e-5
1783.0 1.1440382946282273e-5
1784.0 1.1399400814932182e-5
1785.0000000000002 1.135862949489671e-5
1786.0 1.131806731993565e-5
1787.0 1.1277712641054745e-5
1787.9999999999998 1.123756382628972e-5
1789.0 1.1197619260516826e-5
1790.0 1.1157877345222971e-5
1791.0 1.1118336498332048e-5
1792.0 1.107899515399223e-5
1793.0 1.1039851762379436e-5
1794.0 1.1000904789520741e-5
1795.0 1.0962152717089379e-5
1796.0000000000002 1.0923594042227288e-5
1797.0 1.0885227277357058e-5
1798.0 1.0847050950008545e-5
1798.9999999999998 1.0809063602632138e-5
1800.0 1.0771263792422582e-5
1801.0 1.0733650091160364e-5
1802.0 1.0696221085020803e-5
1803.0 1.065897537442304e-5
1804.0 1.0621911573853459e-5
1805.0 1.0585028311706404e-5
1806.0 1.0548324230123559e-5
1807.0000000000002 1.051179798483463e-5
1808.0 1.0475448245010337e-5
1809.0 1.043927369308283e-5
1809.9999999999998 1.0403273024623526e-5
1811.0 1.0367444948177423e-5
1812.0 1.0331788185114286e-5
1813.0 1.0296301469491665e-5
1814.0 1.0260983547910003e-5
1815.0 1.0225833179363236e-5
1816.0 1.0190849135107918e-5
1817.0 1.0156030198522701e-5
1818.0000000000002 1.0121375164978507e-5
1819.0 1.0086882841694048e-5
1820.0 1.0052552047612879e-5
1820.9999999999998 1.0018381613276374e-5
1822.0 9.984370380684823e-6
1823.0 9.950517203182586e-6
1824.0 9.916820945327993e-6
1825.0 9.883280482777261e-6
1826.0 9.849894702152126e-6
1827.0 9.816662500933128e-6
1828.0 9.783582787341378e-6
1829.0000000000002 9.750654480212536e-6
1830.0 9.717876508892746e-6
1831.0 9.685247813128507e-6
1831.9999999999998 9.652767342942725e-6
1833.0 9.62043405854476e-6
1834.0 9.588246930206436e-6
1835.0 9.55620493816245e-6
1836.0 9.52430707251014e-6
1837.0 9.492552333099274e-6
1838.0 9.46093972943524e-6
1839.0 9.429468280578992e-6
1840.0000000000002 9.398137015043658e-6
1841.0 9.366944970707124e-6
1842.0 9.335891194706537e-6
1842.9999999999998 9.304974743348051e-6
1844.0 9.27419468201653e-6
1845.0 9.243550085076945e-6
1846.0 9.213040035795672e-6
1847.0 9.182663626234988e-6
1848.0 9.15241995718087e-6
1849.0 9.122308138050313e-6
1850.0 9.092327286801978e-6
1851.0000000000002 9.062476529858422e-6
1852.0 9.032755002026797e-6
1853.0 9.003161846401574e-6
1853.9999999999998 8.973696214304187e-6
1855.0 8.944357265185927e-6
1856.0 8.915144166566474e-6
1857.0 8.886056093941386e-6
1858.0 8.857092230720846e-6
1859.0 8.828251768142002e-6
1860.0 8.799533905207761e-6
1861.0 8.770937848602078e-6
1862.0000000000002 8.742462812626566e-6
1863.0 8.71410801913125e-6
1864.0 8.685872697442007e-6
1864.9999999999998 8.65775608428786e-6
1866.0 8.629757423744148e-6
1867.0 8.601875967159409e-6
1868.0 8.574110973092218e-6
1869.0 8.546461707246631e-6
1870.0 8.518927442409589e-6
1871.0 8.49150745838414e-6
1872.0 8.464201041941631e-6
1873.0000000000002 8.437007486740288e-6
1874.0 8.409926093286388e-6
1875.0 8.382956168863418e-6
1875.9999999999998 8.35609702747919e-6
1877.0 8.329347989807322e-6
1878.0 8.302708383132988e-6
1878.9999999999998 8.276177541295849e-6
1880.0 8.249754804642154e-6
1881.0 8.223439519958588e-6
1882.0 8.197231040438617e-6
1883.0 8.17112872561098e-6
1884.0000000000002 8.145131941308073e-6
1885.0 8.119240059600829e-6
1886.0 8.093452458756753e-6
1886.9999999999998 8.067768523192783e-6
1888.0 8.042187643429588e-6
1889.0 8.016709216032614e-6
1889.9999999999998 7.991332643586177e-6
1891.0 7.966057334627861e-6
1892.0 7.94088270362185e-6
1893.0 7.915808170903457e-6
1894.0 7.890833162642309e-6
1895.0000000000002 7.86595711080075e-6
1896.0 7.84117945308763e-6
1897.0 7.816499632923983e-6
1897.9999999999998 7.791917099398578e-6
1899.0 7.76743130723184e-6
1900.0 7.743041716738047e-6
1900.9999999999998 7.718747793783255e-6
1902.0 7.69454900975355e-6
1903.0 7.670444841517869e-6
1904.0 7.646434771391772e-6
1905.0 7.622518287099073e-6
1906.0000000000002 7.598694881745161e-6
1907.0 7.57496405377611e-6
1908.0 7.551325306954364e-6
1908.9999999999998 7.527778150319413e-6
1910.0 7.504322098157129e-6
1911.0 7.4809566699757534e-6
1911.9999999999998 7.457681390464322e-6
1913.0 7.43449578947454e-6
1914.0 7.411399401986602e-6
1915.0 7.38839176808234e-6
1916.0 7.365472432913561e-6
1917.0000000000002 7.34264094668254e-6
1918.0 7.319896864609877e-6
1919.0 7.297239746913721e-6
1919.9999999999998 7.274669158779061e-6
1921.0 7.252184670334659e-6
1922.0 7.229785856637792e-6
1922.9999999999998 7.207472297636375e-6
1924.0 7.1852435781597036e-6
1925.0 7.163099287886591e-6
1926.0 7.141039021333135e-6
1927.0 7.1190623778233655e-6
1928.0000000000002 7.097168961473892e-6
1929.0 7.075358381173611e-6
1930.0 7.053630250563873e-6
1931.0000000000002 7.031984188021799e-6
1932.0 7.010419816639572e-6
1933.0 6.988936764207577e-6
1933.9999999999998 6.967534663201004e-6
1935.0 6.946213150760663e-6
1936.0 6.924971868678809e-6
1937.0 6.9038104633801046e-6
1938.0 6.882728585915968e-6
1939.0000000000002 6.861725891941491e-6
1940.0 6.8408020417054225e-6
1941.0 6.819956700040359e-6
1942.0000000000002 6.799189536344022e-6
1943.0 6.778500224574267e-6
1944.0 6.757888443235972e-6
1944.9999999999998 6.737353875366869e-6
1946.0 6.716896208530772e-6
1947.0 6.69651513480743e-6
1948.0 6.676210350782405e-6
1949.0 6.6559815575411035e-6
1950.0000000000002 6.635828460658772e-6
1951.0 6.615750770194025e-6
1952.0 6.595748200679514e-6
1953.0000000000002 6.575820471120219e-6
1954.0 6.555967304981112e-6
1955.0 6.53618843019168e-6
1955.9999999999998 6.516483579129592e-6
1957.0 6.496852488621894e-6
1958.0 6.47729489994532e-6
1959.0 6.457810558814868e-6
1960.0 6.438399215387593e-6
1961.0000000000002 6.419060624255494e-6
1962.0 6.399794544447216e-6
1963.0 6.380600739428262e-6
1964.0000000000002 6.361478977089476e-6
1965.0 6.342429029764167e-6
1966.0 6.323450674213131e-6
1966.9999999999998 6.3045436916341055e-6
1968.0 6.2857078676567754e-6
1969.0 6.266942992351843e-6
1970.0 6.248248860224552e-6
1971.0 6.229625270225692e-6
1972.0 6.211072025751053e-6
1973.0 6.192588934640055e-6
1974.0 6.174175809189839e-6
1975.0000000000002 6.155832466152152e-6
1976.0 6.137558726738492e-6
1977.0 6.119354416631581e-6
1977.9999999999998 6.10121936598776e-6
1979.0 6.083153409436455e-6
1980.0 6.065156386103247e-6
1981.0 6.047228139598332e-6
1982.0 6.029368518039984e-6
1983.0 6.011577374052161e-6
1984.0 5.993854564775926e-6
1985.0 5.97619995188321e-6
1986.0000000000002 5.958613401579167e-6
1987.0 5.9410947846160025e-6
1988.0 5.923643976302981e-6
1988.9999999999998 5.906260856515156e-6
1990.0 5.888945309705272e-6
1991.0 5.871697224917094e-6
1992.0 5.854516495795558e-6
1993.0 5.837403020595993e-6
1994.0 5.820356702202579e-6
1995.0 5.803377448136116e-6
1996.0 5.786465170573164e-6
1997.0000000000002 5.769619786350811e-6
1998.0 5.752841216989872e-6
1999.0 5.736129388704008e-6
1999.9999999999998 5.719484232413034e-6
