0.0 7.935034267267239e-6
1.0 7.935051308833316e-6
2.0 7.935102434403297e-6
3.0 7.935187646603113e-6
4.0 7.935306949790466e-6
5.0 7.93546035008783e-6
6.0 7.93564785535707e-6
7.0 7.935869475211069e-6
8.0 7.936125221014777e-6
9.0 7.936415105884104e-6
10.0 7.936739144698572e-6
10.999999999999998 7.937097354076224e-6
12.0 7.937489752409714e-6
13.000000000000002 7.93791635985322e-6
14.0 7.938377198315814e-6
14.999999999999998 7.938872291481433e-6
16.0 7.939401664802511e-6
17.0 7.939965345511532e-6
18.0 7.940563362609342e-6
19.0 7.94119574688767e-6
20.0 7.941862530926747e-6
21.0 7.942563749092408e-6
21.999999999999996 7.943299437550855e-6
23.0 7.944069634270381e-6
24.0 7.944874379023957e-6
25.0 7.945713713407218e-6
26.000000000000004 7.94658768082405e-6
27.0 7.947496326506533e-6
28.0 7.948439697521081e-6
29.0 7.949417842771133e-6
29.999999999999996 7.950430813008804e-6
31.0 7.951478660836836e-6
32.0 7.952561440721243e-6
33.0 7.953679208993486e-6
34.0 7.954832023861055e-6
35.0 7.956019945431511e-6
36.0 7.957243035678256e-6
37.0 7.958501358506998e-6
38.0 7.959794979719147e-6
39.0 7.961123967041956e-6
40.0 7.962488390137977e-6
41.0 7.963888320606513e-6
42.0 7.965323832012633e-6
43.0 7.966794999863139e-6
43.99999999999999 7.968301901663314e-6
45.0 7.969844616889731e-6
46.0 7.971423227021578e-6
47.0 7.973037815551297e-6
48.0 7.974688467987676e-6
49.0 7.976375271881124e-6
50.0 7.978098316824795e-6
51.0 7.979857694477103e-6
52.00000000000001 7.981653498578107e-6
53.0 7.983485824947466e-6
54.0 7.98535477151027e-6
55.0 7.987260438320529e-6
56.0 7.98920292755066e-6
57.0 7.991182343537078e-6
58.0 7.993198792771738e-6
59.0 7.995252383934714e-6
59.99999999999999 7.997343227902937e-6
61.0 7.999471437768824e-6
62.0 8.00163712884749e-6
63.0 8.003840418718744e-6
64.0 8.006081427226189e-6
65.0 8.008360276495784e-6
66.0 8.010677090959256e-6
67.0 8.013031997379619e-6
68.0 8.015425124860311e-6
69.0 8.017856604867831e-6
70.0 8.020326571260588e-6
71.0 8.022835160302025e-6
72.0 8.025382510677377e-6
73.0 8.02796876352823e-6
74.0 8.030594062462813e-6
75.0 8.033258553587561e-6
76.0 8.03596238553144e-6
77.0 8.03870570945919e-6
78.0 8.041488679100515e-6
79.0 8.044311450786432e-6
80.0 8.04717418345287e-6
81.0 8.050077038680044e-6
82.0 8.053020180720604e-6
83.00000000000001 8.056003776519388e-6
84.0 8.059027995744966e-6
85.0 8.062093010810071e-6
86.0 8.065198996913989e-6
87.0 8.068346132057005e-6
87.99999999999999 8.071534597078102e-6
89.0 8.07476457568188e-6
90.0 8.078036254476363e-6
91.0 8.081349822984031e-6
92.0 8.084705473701554e-6
92.99999999999999 8.08810340211393e-6
94.0 8.091543806729874e-6
95.0 8.09502688911918e-6
96.0 8.098552853944839e-6
97.0 8.102121908997579e-6
98.0 8.105734265231914e-6
99.00000000000001 8.109390136812228e-6
100.0 8.113089741127425e-6
101.0 8.116833298851262e-6
102.0 8.120621033966765e-6
103.0 8.124453173811401e-6
104.00000000000001 8.128329949117906e-6
105.0 8.132251594051525e-6
106.0 8.13621834624479e-6
107.0 8.140230446872612e-6
108.0 8.144288140638911e-6
108.99999999999999 8.148391675871152e-6
110.0 8.15254130454834e-6
111.0 8.156737282328694e-6
112.0 8.16097986862711e-6
113.0 8.165269326643616e-6
114.0 8.169605923404962e-6
115.00000000000001 8.173989929838217e-6
116.0 8.178421620800542e-6
117.0 8.18290127513938e-6
118.0 8.187429175731622e-6
119.0 8.192005609558335e-6
119.99999999999999 8.196630867742558e-6
121.0 8.201305245602567e-6
122.0 8.206029042726598e-6
123.0 8.210802563007611e-6
124.0 8.215626114711198e-6
124.99999999999999 8.220500010547822e-6
126.0 8.225424567708271e-6
127.0 8.230400107937205e-6
128.0 8.235426957611833e-6
129.0 8.240505447774649e-6
130.0 8.245635914219641e-6
131.0 8.250818697562283e-6
132.0 8.256054143291347e-6
133.0 8.261342601849494e-6
134.0 8.266684428703066e-6
135.0 8.272079984405246e-6
136.0 8.277529634685417e-6
137.0 8.283033750511588e-6
138.0 8.288592708168789e-6
139.0 8.294206889329455e-6
140.0 8.299876681156716e-6
141.0 8.305602476363025e-6
142.0 8.311384673296159e-6
143.0 8.31722367603333e-6
144.0 8.323119894447904e-6
145.0 8.32907374432838e-6
146.0 8.33508564743307e-6
147.0 8.341156031606928e-6
148.0 8.347285330852316e-6
149.0 8.353473985448014e-6
150.0 8.359722442024266e-6
151.0 8.366031153674644e-6
152.0 8.372400580049787e-6
153.0 8.378831187473572e-6
154.0 8.385323449018788e-6
155.0 8.391877844650342e-6
156.0 8.398494861305096e-6
157.0 8.405174993011973e-6
158.0 8.411918741016217e-6
159.0 8.418726613880748e-6
160.0 8.425599127623676e-6
161.0 8.4325368058021e-6
162.0 8.439540179676234e-6
163.0 8.446609788324647e-6
164.0 8.45374617874435e-6
164.99999999999997 8.460949906023737e-6
166.00000000000003 8.46822153344268e-6
167.0 8.475561632637281e-6
168.0 8.482970783708111e-6
169.0 8.490449575395326e-6
170.0 8.497998605208527e-6
171.0 8.505618479558772e-6
172.0 8.513309813951318e-6
173.0 8.521073233099364e-6
174.0 8.528909371111623e-6
174.99999999999997 8.536818871638873e-6
175.99999999999997 8.544802388034501e-6
177.00000000000003 8.552860583555773e-6
178.0 8.560994131490498e-6
179.0 8.569203715368327e-6
180.0 8.577490029128165e-6
181.0 8.585853777303887e-6
182.0 8.594295675204135e-6
183.0 8.602816449128323e-6
184.0 8.611416836540297e-6
185.0 8.62009758627436e-6
185.99999999999997 8.628859458758017e-6
187.00000000000003 8.63770322619291e-6
188.0 8.646629672799746e-6
189.0 8.655639595020592e-6
190.0 8.664733801740282e-6
191.0 8.673913114546472e-6
192.0 8.683178367915715e-6
193.0 8.692530409505553e-6
194.0 8.701970100360365e-6
195.0 8.71149831520294e-6
196.0 8.7211159426357e-6
196.99999999999997 8.730823885475186e-6
198.00000000000003 8.740623060966269e-6
199.0 8.750514401083218e-6
200.0 8.76049885281066e-6
201.0 8.770577378421443e-6
202.0 8.780750955797926e-6
203.0 8.791020578722214e-6
204.0 8.801387257163498e-6
205.0 8.81185201764212e-6
206.0 8.822415903515828e-6
206.99999999999997 8.833079975344818e-6
208.00000000000003 8.843845311201948e-6
209.00000000000003 8.85471300706468e-6
210.0 8.865684177127654e-6
211.0 8.876759954206805e-6
212.0 8.887941490100372e-6
213.0 8.899229955971898e-6
214.0 8.91062654275943e-6
215.0 8.922132461575444e-6
216.0 8.93374894411012e-6
217.0 8.945477243082274e-6
217.99999999999997 8.957318632661005e-6
219.00000000000003 8.969274408903881e-6
220.0 8.981345890257142e-6
221.0 8.993534417981243e-6
222.0 9.005841356657036e-6
223.0 9.018268094674454e-6
224.0 9.030816044764348e-6
225.0 9.043486644484055e-6
226.0 9.056281356777872e-6
227.0 9.069201670534724e-6
228.0 9.08224910112333e-6
228.99999999999997 9.095425191000503e-6
230.00000000000003 9.108731510300545e-6
231.0 9.122169657425023e-6
232.0 9.135741259692988e-6
233.0 9.149447973995218e-6
234.0 9.163291487419253e-6
235.0 9.177273517967607e-6
236.0 9.19139581522664e-6
237.0 9.205660161107352e-6
238.0 9.220068370578645e-6
238.99999999999997 9.234622292412727e-6
239.99999999999997 9.24932380996959e-6
241.00000000000003 9.264174842018357e-6
242.0 9.27917734353094e-6
243.0 9.294333306555119e-6
244.0 9.309644761055566e-6
245.0 9.325113775852409e-6
246.0 9.340742459498625e-6
247.0 9.356532961261366e-6
248.0 9.372487472094359e-6
249.0 9.388608225610074e-6
249.99999999999997 9.404897499156238e-6
251.00000000000003 9.421357614872031e-6
252.0 9.437990940736354e-6
253.0 9.454799891776535e-6
254.0 9.471786931160229e-6
255.0 9.488954571414365e-6
256.0 9.506305375685654e-6
257.0 9.52384195897749e-6
258.0 9.541566989471025e-6
259.0 9.559483189867437e-6
260.0 9.577593338781117e-6
261.0 9.595900272189146e-6
262.0 9.614406884884553e-6
263.0 9.633116132026966e-6
264.0 9.65203103067442e-6
265.0 9.671154661468934e-6
266.0 9.690490170241975e-6
267.0 9.71004076977686e-6
268.0 9.729809741610684e-6
269.0 9.749800437821436e-6
270.0 9.770016282966565e-6
271.0 9.790460776058128e-6
272.0 9.811137492529753e-6
273.0 9.832050086389995e-6
274.0 9.853202292362022e-6
275.0 9.874597928108041e-6
276.0 9.896240896561018e-6
277.0 9.918135188291255e-6
278.0 9.940284884003332e-6
279.0 9.962694157065806e-6
280.0 9.985367276140233e-6
281.0 1.0008308607957607e-5
282.0 1.0031522620112469e-5
283.0 1.0055013884024177e-5
284.0 1.0078787077886511e-5
285.0 1.0102846989909438e-5
286.0 1.0127198521499891e-5
287.0 1.0151846690646988e-5
288.0 1.0176796635419578e-5
289.0 1.0202053617524393e-5
290.0 1.0227623026139979e-5
291.0 1.0253510381742836e-5
292.0 1.0279721340118018e-5
293.0 1.0306261696578852e-5
294.0 1.0333137390278622e-5
295.0 1.036035450869567e-5
296.0 1.03879192923176e-5
297.0 1.0415838139472213e-5
298.0 1.0444117611354985e-5
299.0 1.0472764437276025e-5
300.0 1.050178552002864e-5
301.0 1.0531187941628334e-5
302.0 1.0560978969048967e-5
303.0 1.0591166060447054e-5
304.0 1.0621756871388092e-5
305.0 1.0652759261499291e-5
306.0 1.0684181301349096e-5
307.0 1.0716031279496092e-5
308.0 1.0748317710025808e-5
309.0 1.0781049340227671e-5
310.0 1.0814235158669998e-5
311.0 1.0847884403627955e-5
312.0 1.0882006571794472e-5
313.0 1.0916611427432663e-5
314.0 1.0951709011889703e-5
315.0 1.0987309653521935e-5
316.0 1.102342397808647e-5
317.0 1.1060062919489547e-5
318.0 1.1097237731136316e-5
319.0 1.1134959997691698e-5
320.0 1.1173241647426085e-5
321.0 1.121209496506866e-5
322.0 1.1251532605268826e-5
323.0 1.1291567606685917e-5
324.0 1.1332213406702861e-5
325.0 1.137348385683438e-5
326.0 1.141539323887724e-5
327.0 1.1457956281775069e-5
328.0 1.1501188179366235e-5
329.0 1.1545104608838334e-5
329.99999999999994 1.1589721750253324e-5
331.0 1.1635056306915376e-5
332.00000000000006 1.1681125526740975e-5
333.0 1.172794722471571e-5
334.0 1.1775539806457922e-5
335.0 1.1823922292965024e-5
336.0 1.187311434663292e-5
337.0 1.1923136298625097e-5
338.0 1.1974009177561749e-5
339.0 1.2025754739771939e-5
340.0 1.2078395501125828e-5
340.99999999999994 1.213195477059446e-5
342.0 1.2186456685470858e-5
343.00000000000006 1.2241926248586335e-5
344.0 1.22983893675259e-5
345.0 1.2355872896007621e-5
346.0 1.2414404677436626e-5
347.0 1.2474013591063207e-5
348.0 1.2534729600579661e-5
349.0 1.2596583805519775e-5
349.99999999999994 1.2659608495603577e-5
351.0 1.2723837208228989e-5
351.99999999999994 1.2789304789289899e-5
353.0 1.28560474574774e-5
354.00000000000006 1.2924102872568803e-5
355.0 1.2993510207691932e-5
356.0 1.3064310225846011e-5
357.0 1.3136545361299534e-5
358.0 1.321025980582496e-5
359.0 1.3285499600325701e-5
360.0 1.3362312732148071e-5
360.99999999999994 1.3440749238621828e-5
362.0 1.3520861317232471e-5
363.00000000000006 1.3602703442639289e-5
364.0 1.3686332491565341e-5
365.0 1.3771807875765779e-5
366.0 1.385919168379199e-5
367.0 1.3948548832139111e-5
368.0 1.4039947226864647e-5
369.0 1.4133457935957175e-5
370.0 1.422915537359412e-5
371.0 1.432711749733421e-5
371.99999999999994 1.442742601905569e-5
373.0 1.4530166630870997e-5
374.00000000000006 1.463542924711369e-5
375.0 1.4743308264002275e-5
376.0 1.4853902838164088e-5
377.0 1.4967317185673128e-5
378.0 1.508366090334954e-5
379.0 1.5203049314519865e-5
380.0 1.5325603840734017e-5
381.0 1.5451452402315555e-5
382.0 1.5580729849917285e-5
382.99999999999994 1.5713578429994498e-5
384.0 1.5850148287344578e-5
385.00000000000006 1.599059800780142e-5
386.0 1.6135095205420706e-5
387.0 1.628381715694331e-5
388.0 1.6436951490070036e-5
389.0 1.659469692873171e-5
390.0 1.675726410200345e-5
391.0 1.6924876422381035e-5
392.0 1.7097771040614506e-5
393.0 1.72761998846008e-5
393.99999999999994 1.7460430790794122e-5
395.0 1.765074873793609e-5
396.00000000000006 1.7847457193450186e-5
397.0 1.8050879584790997e-5
398.0 1.8261360908850924e-5
399.0 1.8479269494573112e-5
400.0 1.8704998935975943e-5
401.0 1.893897021415545e-5
402.0 1.9181634030537875e-5
403.0 1.9433473375402135e-5
404.0 1.9695006359609407e-5
404.99999999999994 1.996678934038754e-5
406.0 2.0249420379070152e-5
407.00000000000006 2.0543543068789313e-5
408.0 2.0849850782459412e-5
409.0 2.1169091391204927e-5
410.0 2.1502072518533793e-5
411.0 2.1849667399195757e-5
412.0 2.221282142476097e-5
413.0 2.259255947321088e-5
413.99999999999994 2.2989994129302007e-5
415.0 2.3406334927485732e-5
416.00000000000006 2.3842898762768493e-5
417.0 2.4301121646107118e-5
418.00000000000006 2.478257200685894e-5
419.0 2.5288965780821248e-5
420.0 2.5822183564212663e-5
421.0 2.638429016237342e-5
422.0 2.6977556923038064e-5
423.0 2.7604487313044198e-5
424.0 2.826784627845263e-5
424.99999999999994 2.8970694033886817e-5
426.0 2.97164250392621e-5
427.00000000000006 3.0508813065068797e-5
428.0 3.135206341396486e-5
429.0 3.2250873559120376e-5
430.0 3.3210503684427997e-5
431.0 3.423685887367731e-5
432.0 3.5336584969927697e-5
433.0 3.651718044934079e-5
434.0 3.77871269317167e-5
435.0 3.915604123263837e-5
435.99999999999994 4.063485195336709e-5
437.0 4.2236003486177716e-5
438.00000000000006 4.3973689600373435e-5
439.0 4.586411712321768e-5
440.0 4.792579682220934e-5
441.0 5.01798521607785e-5
442.0 5.2650324980578166e-5
443.0 5.536443673222988e-5
444.0 5.835272865850563e-5
445.0 6.164894481740787e-5
446.0 6.528942291714421e-5
446.99999999999994 6.931159789021671e-5
448.0 7.37509739085433e-5
449.00000000000006 7.863555707290015e-5
450.0 8.397627483957955e-5
451.0 8.975147696041631e-5
452.0 9.588367680832529e-5
453.0 0.00010220835239008245
454.0 0.00010843980827250567
455.0 0.00011414955420674992
456.0 0.00011878578122443387
457.0 0.00012176445842165075
457.99999999999994 0.00012263083298940077
459.0 0.00012122552908496183
460.00000000000006 0.00011775150571635178
461.0 0.00011269282109006482
462.0 0.0001066432938966872
463.0 0.00010014916391473224
464.0 9.362566606332609e-5
465.0 8.734373225062814e-5
466.0 8.145486147671795e-5
467.0 7.602628463789879e-5
468.0 7.107205246339893e-5
468.99999999999994 6.657578539318287e-5
470.0 6.250562619225754e-5
471.00000000000006 5.882336527774755e-5
472.0 5.5489666416866295e-5
473.0 5.246685100499569e-5
474.0 4.9720224839015134e-5
475.0 4.721857039446625e-5
476.0 4.4934183412276124e-5
477.0 4.284267721864459e-5
477.99999999999994 4.092268292636955e-5
479.0 3.9155516712122485e-5
479.99999999999994 3.752485189070664e-5
481.0 3.601641429927112e-5
482.00000000000006 3.4617708657802616e-5
483.0 3.33177776673885e-5
484.0 3.210699257061753e-5
485.0 3.097687246865153e-5
486.0 2.9919929155618645e-5
487.0 2.8929534203633156e-5
488.0 2.7999805220192225e-5
488.99999999999994 2.7125508515670323e-5
490.0 2.6301975745474122e-5
491.00000000000006 2.5525032438304044e-5
492.0 2.4790936606092933e-5
493.0 2.4096325920226057e-5
494.0 2.343817215954725e-5
495.0 2.2813741842934013e-5
496.0 2.2220562128366926e-5
497.0 2.1656391205613033e-5
498.0 2.111919252897039e-5
499.0 2.060711233861693e-5
499.99999999999994 2.0118460005464072e-5
501.0 1.9651690804779552e-5
502.00000000000006 1.9205390783716005e-5
503.0 1.8778263438090067e-5
504.0 1.8369117956796714e-5
505.0 1.79768588266975e-5
506.0 1.760047662037081e-5
507.0 1.7239039817706683e-5
508.0 1.6891687526675553e-5
509.0 1.6557622996520567e-5
510.0 1.623610782186258e-5
510.99999999999994 1.592645675720707e-5
512.0 1.562803306812013e-5
513.0 1.534024435624513e-5
514.0 1.5062538803248068e-5
515.0 1.4794401786958438e-5
516.0 1.4535352826435549e-5
517.0 1.4284942821165216e-5
518.0 1.4042751550844338e-5
519.0 1.3808385408399592e-5
520.0 1.3581475342208555e-5
521.0 1.3361674983796715e-5
522.0 1.3148658943740359e-5
523.0 1.2942121257232485e-5
524.0 1.2741773965538733e-5
525.0 1.2547345818341648e-5
526.0 1.2358581086538424e-5
527.0 1.2175238474229595e-5
528.0 1.1997090119955447e-5
529.0 1.182392067986989e-5
530.0 1.1655526483923423e-5
531.0 1.1491714759742814e-5
532.0 1.133230291671791e-5
533.0 1.1177117885657055e-5
534.0 1.1025995509360914e-5
535.0 1.0878779978414026e-5
536.0 1.0735323309978639e-5
537.0 1.059548486415944e-5
538.0 1.0459130896466244e-5
539.0 1.0326134141765987e-5
540.0 1.0196373428276537e-5
541.0 1.006973331878388e-5
542.0 9.946103776463137e-6
543.0 9.825379854122613e-6
544.0 9.707461404268383e-6
545.0 9.59225280896451e-6
546.0 9.47966272749728e-6
547.0 9.369603860625242e-6
548.0 9.261992730499301e-6
549.0 9.156749474388226e-6
550.0 9.053797651912435e-6
551.0 8.95306406413627e-6
552.0 8.854478584424439e-6
553.0 8.757973999064129e-6
554.0 8.66348585855629e-6
555.0 8.570952337149413e-6
556.0 8.480314101196364e-6
557.0 8.391514185339832e-6
558.0 8.304497875828954e-6
559.0 8.219212600805318e-6
560.0 8.13560782692551e-6
561.0 8.053634961768478e-6
562.0 7.973247261897563e-6
563.0 7.894399746166284e-6
564.0 7.817049113582362e-6
565.0 7.741153666072733e-6
566.0 7.666673235183404e-6
567.0 7.593569112888579e-6
568.0 7.521803986146412e-6
569.0 7.451341874865093e-6
570.0 7.382148073186084e-6
571.0 7.314189093888475e-6
572.0 7.247432615629931e-6
573.0 7.181847432910775e-6
574.0 7.117403408655142e-6
575.0 7.05407142915834e-6
576.0 6.991823361269033e-6
577.0 6.930632011803959e-6
578.0 6.870471088919151e-6
579.0 6.81131516539873e-6
580.0 6.753139643670373e-6
581.0 6.695920722683695e-6
582.0 6.639635366173785e-6
583.0 6.5842612726773e-6
584.0 6.529776846745565e-6
585.0 6.476161171697346e-6
586.0 6.423393983534635e-6
587.0 6.371455646215656e-6
588.0 6.320327127825465e-6
589.0 6.269989978210463e-6
590.0 6.220426307352518e-6
591.0 6.171618764824771e-6
592.0 6.123550520221539e-6
593.0 6.0762052445095576e-6
594.0 6.029567092144984e-6
595.0 5.98362068411045e-6
596.0 5.938351091674418e-6
597.0 5.893743820892602e-6
598.0 5.849784797921898e-6
599.0 5.806460354956513e-6
600.0 5.763757216892815e-6
601.0 5.7216624885751185e-6
602.0 5.680163642820689e-6
603.0 5.639248508897078e-6
604.0 5.598905261844699e-6
605.0 5.559122412167802e-6
606.0 5.519888796356173e-6
607.0 5.481193567861569e-6
608.0 5.443026188810143e-6
609.0 5.40537642226563e-6
610.0 5.368234325204548e-6
611.0 5.331590242079049e-6
612.0 5.295434799189843e-6
613.0 5.259758899622289e-6
614.0 5.22455371911481e-6
615.0 5.189810702609702e-6
616.0 5.155521561711734e-6
617.0 5.121678273086697e-6
618.0 5.088273077766724e-6
619.0 5.055298481594348e-6
620.0 5.022747256821122e-6
621.0 4.990612444851025e-6
622.0 4.958887360489437e-6
623.0 4.927565597505002e-6
624.0 4.896641035941627e-6
625.0 4.866107851061429e-6
626.0 4.83596052430889e-6
627.0 4.806193856195244e-6
628.0 4.776802981624104e-6
629.0 4.747783387518533e-6
630.0 4.71913093319617e-6
631.0 4.690841873622223e-6
632.0 4.6629128857225554e-6
633.0 4.6353410981474e-6
634.0 4.608124124524424e-6
635.0 4.581260100621859e-6
636.0 4.554747725569319e-6
637.0 4.528586307358689e-6
638.0 4.502775812895075e-6
639.0 4.477316922619847e-6
640.0 4.452211090010559e-6
641.0 4.427460605863741e-6
642.0 4.4030686673480935e-6
643.0 4.379039451707542e-6
644.0 4.355378194251872e-6
645.0 4.33209127017612e-6
646.0 4.309186279490856e-6
647.0 4.2866721339984126e-6
648.0 4.264559145097589e-6
649.0 4.242859110614158e-6
650.0 4.221585398577435e-6
651.0 4.200753025316669e-6
652.0 4.180378724645382e-6
653.0000000000001 4.160481004421358e-6
654.0 4.141080186207614e-6
655.0 4.122198423023309e-6
656.0 4.103859689775114e-6
657.0 4.0860897405988694e-6
658.0 4.068916026872478e-6
659.0 4.052367569887513e-6
659.9999999999999 4.036474782411561e-6
661.0 4.021269234032639e-6
662.0 4.00678335654279e-6
663.0 3.99305008731736e-6
664.0000000000001 3.980102450991694e-6
665.0 3.967973082786935e-6
666.0 3.956693699974803e-6
667.0 3.946294531981134e-6
668.0 3.936803723059186e-6
669.0 3.928246725294396e-6
670.0 3.920645702454386e-6
670.9999999999999 3.914018967329362e-6
672.0 3.9083804758565936e-6
673.0 3.903739400607063e-6
674.0 3.900099803747632e-6
675.0000000000001 3.897460425660157e-6
676.0 3.895814600048559e-6
677.0 3.8951503001415935e-6
678.0 3.895450313967322e-6
679.0 3.8966925401586e-6
680.0 3.8988503900182916e-6
681.0 3.901893276973061e-6
681.9999999999999 3.905787171474607e-6
683.0 3.910495197946583e-6
684.0 3.915978250518668e-6
685.0 3.922195605840207e-6
686.0000000000001 3.929105513908453e-6
687.0 3.936665751218077e-6
688.0 3.9448341243373e-6
688.9999999999999 3.9535689157828725e-6
690.0 3.962829267679088e-6
691.0 3.972575501837805e-6
692.0 3.982769377511144e-6
692.9999999999999 3.993374290122768e-6
694.0 4.004355415728597e-6
695.0 4.015679806903465e-6
696.0 4.02731644621866e-6
697.0000000000001 4.039236263577495e-6
698.0 4.0514121235293176e-6
699.0 4.06381878826302e-6
699.9999999999999 4.076432861512332e-6
701.0 4.089232718002553e-6
702.0 4.102198422460145e-6
703.0 4.115311641646484e-6
703.9999999999999 4.128555552245357e-6
705.0 4.141914746949403e-6
706.0 4.155375140649308e-6
707.0 4.16892387815882e-6
708.0000000000001 4.182549244598822e-6
709.0 4.196240579262629e-6
710.0 4.209988193533724e-6
710.9999999999999 4.223783293214184e-6
712.0 4.237617905471617e-6
713.0 4.251484810494942e-6
714.0 4.2653774778256295e-6
715.0000000000001 4.279290007270726e-6
716.0 4.293217074244618e-6
717.0 4.307153879360395e-6
718.0 4.321096102037301e-6
719.0000000000001 4.335039857901738e-6
720.0 4.3489816597381865e-6
721.0 4.362918381765e-6
721.9999999999999 4.37684722697085e-6
723.0 4.390765697293927e-6
724.0 4.404671566442829e-6
725.0 4.4185628551172505e-6
726.0000000000001 4.4324378084338275e-6
727.0 4.4462948753993305e-6
728.0 4.460132690230065e-6
729.0 4.473950055366059e-6
730.0 4.487745926023643e-6
731.0 4.501519396171319e-6
732.0 4.515269685767977e-6
732.9999999999999 4.528996129184261e-6
734.0 4.5426981646734075e-6
735.0 4.556375324814862e-6
736.0 4.570027227807201e-6
737.0000000000001 4.583653569598626e-6
738.0 4.597254116697702e-6
739.0 4.6108286996619435e-6
740.0 4.624377207174403e-6
741.0 4.637899580647691e-6
742.0 4.651395809352529e-6
743.0 4.664865925939933e-6
743.9999999999999 4.6783100024092484e-6
745.0 4.6917281464193945e-6
746.0 4.705120497938954e-6
747.0 4.718487226202708e-6
748.0000000000001 4.7318285269254924e-6
749.0 4.745144619789021e-6
750.0 4.758435746128454e-6
751.0 4.7717021668515375e-6
752.0 4.784944160520262e-6
753.0 4.79816202161379e-6
754.0 4.811356058952362e-6
754.9999999999999 4.824526594246576e-6
756.0 4.8376739607808075e-6
757.0 4.850798502229037e-6
758.0 4.863900571537277e-6
759.0000000000001 4.876980529950757e-6
760.0 4.890038746098732e-6
761.0 4.903075595154618e-6
762.0 4.9160914581016155e-6
763.0 4.929086721027956e-6
764.0 4.942061774515393e-6
765.0 4.95501701305331e-6
765.9999999999999 4.96795283452826e-6
767.0 4.980869639743108e-6
768.0 4.993767831997386e-6
769.0 5.0066478166757945e-6
770.0000000000001 5.019510000913002e-6
771.0 5.032354793250012e-6
772.0 5.045182603352745e-6
773.0 5.057993841734956e-6
774.0 5.0707889195178945e-6
775.0 5.083568248214315e-6
776.0 5.096332239526275e-6
776.9999999999999 5.1090813051623095e-6
778.0 5.121815856674972e-6
779.0 5.134536305322208e-6
780.0 5.147243061927216e-6
781.0000000000001 5.1599365367648825e-6
782.0 5.172617139451318e-6
783.0 5.185285278854521e-6
784.0 5.197941363008495e-6
785.0 5.210585799040243e-6
786.0 5.223218993102829e-6
787.0 5.235841350317244e-6
787.9999999999999 5.248453274726402e-6
789.0 5.261055169252097e-6
790.0 5.273647435652335e-6
791.0 5.286230474498976e-6
792.0000000000001 5.298804685145584e-6
793.0 5.311370465712898e-6
794.0 5.323928213069709e-6
795.0 5.336478322819592e-6
796.0 5.3490211892975945e-6
797.0 5.361557205566235e-6
798.0 5.374086763404027e-6
798.9999999999999 5.386610253323562e-6
800.0 5.399128064567682e-6
801.0 5.411640585113202e-6
802.0 5.424148201686576e-6
803.0000000000001 5.436651299775066e-6
804.0 5.449150263641983e-6
805.0 5.4616454763371426e-6
806.0 5.474137319716311e-6
807.0 5.486626174467145e-6
808.0 5.499112420119845e-6
809.0 5.511596435072191e-6
809.9999999999999 5.524078596619787e-6
811.0 5.536559280969058e-6
812.0 5.549038863269117e-6
813.0 5.561517717639423e-6
814.0000000000001 5.573996217191401e-6
815.0 5.586474734063153e-6
816.0 5.598953639440479e-6
816.9999999999999 5.611433303596963e-6
818.0 5.623914095911677e-6
819.0 5.636396384913196e-6
820.0 5.648880538300649e-6
820.9999999999999 5.661366922982675e-6
822.0 5.6738559051048115e-6
823.0 5.6863478500898065e-6
824.0 5.6988431226612734e-6
825.0000000000001 5.711342086886969e-6
826.0 5.72384510620591e-6
827.0 5.736352543471047e-6
827.9999999999999 5.74886476097811e-6
829.0 5.761382120502669e-6
830.0 5.7739049833360305e-6
831.0 5.786433710324374e-6
832.0000000000001 5.7989686619006175e-6
833.0 5.811510198123612e-6
834.0 5.824058678718008e-6
835.0 5.836614463102272e-6
836.0000000000001 5.8491779104414045e-6
837.0 5.861749379667947e-6
838.0 5.874329229536937e-6
838.9999999999999 5.8869178186491436e-6
840.0 5.899515505501205e-6
841.0 5.9121226485154845e-6
842.0 5.9247396060901515e-6
843.0000000000001 5.9373667366271785e-6
844.0 5.950004398582817e-6
845.0 5.962652950495814e-6
846.0 5.975312751041025e-6
847.0000000000001 5.987984159061588e-6
848.0 6.0006675336095265e-6
849.0 6.013363233992279e-6
849.9999999999999 6.026071619808633e-6
851.0 6.038793050993084e-6
852.0 6.051527887861544e-6
853.0 6.064276491145939e-6
854.0000000000001 6.077039222043046e-6
855.0 6.08981644225688e-6
856.0 6.10260851403571e-6
857.0 6.115415800226888e-6
858.0 6.1282386643125455e-6
859.0 6.14107747045708e-6
860.0 6.153932583549325e-6
860.9999999999999 6.166804369250465e-6
862.0 6.179693194041274e-6
863.0 6.192599425265395e-6
864.0 6.20552343117438e-6
865.0000000000001 6.218465580974743e-6
866.0 6.2314262448799835e-6
867.0 6.244405794156383e-6
868.0 6.257404601165851e-6
869.0 6.27042303942115e-6
870.0 6.2834614836280734e-6
871.0 6.296520309748764e-6
871.9999999999999 6.309599895032358e-6
873.0 6.322700618083817e-6
874.0 6.335822858901925e-6
875.0 6.348966998938945e-6
876.0000000000001 6.362133421146088e-6
877.0 6.375322510036605e-6
878.0 6.388534651727215e-6
879.0 6.401770234002275e-6
880.0 6.415029646362725e-6
881.0 6.428313280082136e-6
882.0 6.441621528262167e-6
882.9999999999999 6.454954785890122e-6
884.0 6.468313449899441e-6
885.0 6.481697919218201e-6
886.0 6.4951085948391355e-6
887.0000000000001 6.508545879872915e-6
888.0 6.522010179604201e-6
889.0 6.535501901560859e-6
890.0 6.549021455564656e-6
891.0 6.562569253806452e-6
892.0 6.5761457108992005e-6
893.0 6.5897512439432485e-6
893.9999999999999 6.603386272592954e-6
895.0 6.6170512191213365e-6
896.0 6.63074650848245e-6
897.0 6.644472568379252e-6
898.0000000000001 6.658229829336819e-6
899.0 6.672018724758293e-6
900.0 6.685839691006369e-6
901.0 6.699693167468934e-6
902.0 6.713579596618517e-6
903.0 6.727499424100697e-6
904.0 6.7414530987909505e-6
904.9999999999999 6.7554410728782966e-6
906.0 6.769463801928686e-6
907.0 6.783521744967187e-6
908.0 6.7976153645457215e-6
909.0000000000001 6.811745126821659e-6
910.0 6.825911501628707e-6
911.0 6.840114962564224e-6
912.0 6.854355987044797e-6
913.0 6.868635056408352e-6
914.0 6.8829526559738735e-6
915.0 6.8973092751224275e-6
915.9999999999999 6.911705407379158e-6
917.0 6.926141550485703e-6
918.0 6.940618206484527e-6
919.0 6.9551358817904644e-6
920.0000000000001 6.969695087273874e-6
921.0 6.98429633833158e-6
922.0 6.99894015497095e-6
923.0 7.013627061883766e-6
924.0 7.028357588520692e-6
925.0 7.0431322691674716e-6
926.0 7.057951643021834e-6
926.9999999999999 7.07281625425791e-6
928.0 7.087726652104834e-6
929.0 7.102683390915533e-6
930.0 7.117687030232288e-6
931.0000000000001 7.132738134850082e-6
932.0 7.147837274878979e-6
933.0 7.162985025813326e-6
934.0 7.178181968566857e-6
935.0 7.193428689549109e-6
936.0 7.208725780694861e-6
937.0 7.224073839511684e-6
937.9999999999999 7.239473469128587e-6
939.0 7.254925278306238e-6
940.0 7.270429881483124e-6
941.0 7.285987898779993e-6
942.0000000000001 7.301599956013589e-6
943.0 7.317266684696577e-6
944.0 7.332988722031615e-6
944.9999999999999 7.348766710888356e-6
946.0 7.364601299765778e-6
947.0 7.380493142759991e-6
948.0 7.396442899496125e-6
948.9999999999999 7.4124512350549665e-6
950.0 7.4285188198824015e-6
951.0 7.444646329677057e-6
952.0 7.460834445257691e-6
953.0000000000001 7.477083852414641e-6
954.0 7.493395241728868e-6
955.0 7.5097693083619945e-6
955.9999999999999 7.526206751830528e-6
957.0 7.542708275736729e-6
958.0 7.559274587460684e-6
959.0 7.575906397841186e-6
959.9999999999999 7.5926044207781695e-6
961.0 7.6093693728175975e-6
962.0 7.626201972674472e-6
963.0 7.643102940718764e-6
964.0000000000001 7.660072998379674e-6
965.0 7.677112867508907e-6
966.0 7.694223269664807e-6
966.9999999999999 7.711404925330021e-6
968.0 7.728658553038665e-6
969.0 7.745984868429136e-6
970.0 7.763384583195393e-6
971.0000000000001 7.780858403933852e-6
972.0 7.798407030884079e-6
973.0 7.816031156551478e-6
974.0 7.833731464182926e-6
975.0000000000001 7.85150862612653e-6
976.0 7.869363302011381e-6
977.0 7.88729613678315e-6
977.9999999999999 7.905307758540301e-6
979.0 7.923398776186145e-6
980.0 7.94156977685898e-6
981.0 7.959821323157454e-6
982.0000000000001 7.978153950075826e-6
983.0 7.996568161711434e-6
984.0 8.015064427648221e-6
985.0 8.033643179060476e-6
986.0 8.05230480443534e-6
987.0 8.071049644979658e-6
988.0 8.0898779895643e-6
988.9999999999999 8.108790069311356e-6
990.0 8.127786051668275e-6
991.0 8.146866034014531e-6
992.0 8.166030036711021e-6
993.0000000000001 8.185277995595894e-6
994.0 8.20460975384502e-6
995.0 8.224025053181947e-6
996.0 8.243523524352042e-6
997.0 8.263104676865177e-6
998.0 8.282767887892298e-6
999.0 8.302512390307278e-6
999.9999999999999 8.322337259788389e-6
1001.0 8.342241400931797e-6
1002.0 8.362223532311663e-6
1003.0 8.382282170429058e-6
1004.0000000000001 8.402415612477583e-6
1005.0 8.422621917856303e-6
1006.0 8.442898888401069e-6
1007.0 8.463244047228137e-6
1008.0 8.483654616164276e-6
1009.0 8.50412749170518e-6
1010.0 8.524659219453688e-6
1010.9999999999999 8.54524596700307e-6
1012.0 8.565883495244063e-6
1013.0 8.586567128105774e-6
1014.0 8.607291720702437e-6
1015.0000000000001 8.628051625971304e-6
1016.0 8.648840659857282e-6
1017.0 8.669652065114519e-6
1018.0 8.690478473906729e-6
1019.0 8.711311869392685e-6
1020.0 8.732143546566078e-6
1021.0 8.752964072611595e-6
1021.9999999999999 8.773763247290474e-6
1023.0 8.794530063700627e-6
1024.0 8.815252670153527e-6
1025.0 8.835918333773362e-6
1026.0 8.856513406665398e-6
1027.0 8.877023295710765e-6
1028.0 8.897432436956736e-6
1029.0 8.917724276075112e-6
1030.0 8.937881256179719e-6
1031.0 8.957884814762863e-6
1032.0 8.977715391477178e-6
1033.0 8.997352448813607e-6
1034.0 9.016774507768536e-6
1035.0 9.035959200818294e-6
1036.0 9.054883344571662e-6
1037.0 9.073523034578362e-6
1038.0 9.091853764700692e-6
1039.0 9.10985057344426e-6
1040.0 9.127488219440525e-6
1041.0 9.144741387926717e-6
1042.0 9.161584929731944e-6
1043.0 9.177994133605572e-6
1044.0 9.193945031998372e-6
1045.0 9.209414739480588e-6
1046.0 9.22438182184556e-6
1047.0 9.238826692666927e-6
1048.0 9.252732032645657e-6
1049.0 9.26608322552114e-6
1050.0 9.278868802680297e-6
1051.0 9.291080887062052e-6
1052.0 9.302715625315769e-6
1053.0 9.313773595962161e-6
1054.0 9.324260180210265e-6
1055.0 9.334185881482438e-6
1056.0 9.343566579641958e-6
1057.0 9.352423706439537e-6
1058.0 9.360784329861037e-6
1059.0 9.368681137129164e-6
1060.0 9.376152308596463e-6
1061.0 9.38324127813785e-6
1062.0 9.389996379472484e-6
1063.0 9.396470381831553e-6
1064.0 9.402719922884091e-6
1065.0 9.408804850721454e-6
1066.0 9.414787490733017e-6
1067.0 9.420731856159384e-6
1068.0 9.426702823629738e-6
1069.0 9.432765296258792e-6
1070.0 9.438983377282994e-6
1071.0 9.445419576364863e-6
1072.0 9.452134069024849e-6
1073.0 9.459184026963988e-6
1074.0 9.466623033700146e-6
1075.0 9.47450059619272e-6
1076.0 9.482861759122645e-6
1077.0 9.49174682441964e-6
1078.0 9.501191175036093e-6
1079.0 9.511225198446602e-6
1080.0 9.521874302710243e-6
1081.0 9.533159015646477e-6
1082.0 9.54509515616814e-6
1083.0 9.557694066003477e-6
1084.0 9.570962889579476e-6
1085.0 9.584904890194546e-6
1086.0 9.599519791077438e-6
1087.0 9.61480413099555e-6
1088.0 9.630751625118864e-6
1089.0 9.647353523162351e-6
1090.0 9.664598958174143e-6
1091.0 9.682475280632154e-6
1092.0 9.700968373740576e-6
1093.0 9.72006294698986e-6
1094.0 9.739742806054456e-6
1095.0 9.75999109798069e-6
1096.0 9.780790531356752e-6
1097.0 9.802123571767487e-6
1098.0 9.823972613316985e-6
1099.0 9.846320127351741e-6
1100.0 9.869148789770426e-6
1101.0 9.892441588520061e-6
1102.0 9.916181912889435e-6
1103.0 9.940353626349858e-6
1104.0 9.9649411245916e-6
1105.0 9.989929380430945e-6
1106.0 1.0015303977113364e-5
1107.0 1.0041051131526609e-5
1108.0 1.0067157708663922e-5
1109.0 1.0093611228600638e-5
1110.0 1.0120399867125986e-5
1111.0 1.0147512451055904e-5
1112.0 1.0174938449152661e-5
1113.0 1.0202667959443643e-5
1114.0 1.0230691693679647e-5
1115.0 1.0259000959567335e-5
1116.0 1.0287587641241787e-5
1117.0 1.0316444178572633e-5
1118.0 1.034556354557509e-5
1119.0 1.0374939228347272e-5
1120.0 1.0404565202795801e-5
1121.0 1.0434435912339372e-5
1122.0 1.0464546245874874e-5
1123.0 1.049489151608124e-5
1124.0 1.0525467438217561e-5
1125.0 1.0556270109527276e-5
1126.0 1.058729598930939e-5
1127.0 1.061854187970414e-5
1128.0 1.0650004907252344e-5
1129.0 1.0681682505236864e-5
1130.0 1.071357239682481e-5
1131.0 1.0745672579019864e-5
1132.0 1.077798130741448e-5
1133.0 1.0810497081704023e-5
1134.0 1.0843218632028391e-5
1135.0 1.0876144906007197e-5
1136.0 1.0909275056539214e-5
1137.0 1.0942608430295147e-5
1138.0 1.0976144556888952e-5
1139.0 1.1009883138684272e-5
1140.0 1.1043824041260034e-5
1141.0 1.1077967284400688e-5
1142.0 1.1112313033714917e-5
1143.0 1.1146861592753433e-5
1144.0 1.118161339563603e-5
1145.0 1.1216569000160112e-5
1146.0 1.125172908136643e-5
1147.0 1.1287094425529267e-5
1148.0 1.1322665924550987e-5
1149.0 1.135844457072461e-5
1150.0 1.1394431451882152e-5
1151.0 1.1430627746842644e-5
1152.0 1.1467034721217624e-5
1153.0 1.1503653723474211e-5
1154.0 1.1540486181302473e-5
1155.0 1.1577533598247193e-5
1156.0 1.161479755057404e-5
1157.0 1.1652279684356285e-5
1158.0 1.1689981712814332e-5
1159.0 1.1727905413831067e-5
1160.0 1.1766052627658059e-5
1161.0 1.1804425254812654e-5
1162.0 1.1843025254137037e-5
1163.0 1.1881854641015057e-5
1164.0 1.1920915485738823e-5
1165.0 1.1960209912018539e-5
1166.0 1.1999740095601064e-5
1167.0 1.2039508263036655e-5
1168.0 1.2079516690555215e-5
1169.0 1.2119767703034546e-5
1170.0 1.2160263673086493e-5
1171.0 1.2201007020222952e-5
1172.0 1.2242000210133132e-5
1173.0 1.2283245754027067e-5
1174.0 1.2324746208057885e-5
1175.0 1.236650417282935e-5
1176.0 1.240852229296902e-5
1177.0 1.2450803256764891e-5
1178.0 1.2493349795859838e-5
1179.0 1.2536164685023919e-5
1180.0 1.257925074196801e-5
1181.0 1.2622610827195895e-5
1182.0 1.2666247843943643e-5
1183.0 1.2710164738133918e-5
1184.0 1.2754364498392591e-5
1185.0 1.2798850156085047e-5
1186.0 1.2843624785428679e-5
1187.0 1.2888691503621936e-5
1188.0 1.29340534709899e-5
1189.0 1.2979713891220341e-5
1190.0 1.3025676011572468e-5
1191.0 1.3071943123152778e-5
1192.0 1.3118518561231816e-5
1193.0 1.3165405705535102e-5
1194.0 1.3212607980619706e-5
1195.0 1.3260128856268376e-5
1196.0 1.3307971847868934e-5
1197.0 1.3356140516862102e-5
1198.0 1.3404638471194685e-5
1199.0 1.3453469365804793e-5
1200.0 1.3502636903109364e-5
1201.0 1.3552144833542776e-5
1202.0 1.3601996956095261e-5
1203.0 1.3652197118869542e-5
1204.0 1.3702749219682104e-5
1205.0 1.3753657206632093e-5
1206.0 1.3804925078782012e-5
1207.0 1.385655688673276e-5
1208.0 1.3908556733328172e-5
1209.0 1.3960928774303156e-5
1210.0 1.4013677218998193e-5
1211.0 1.4066806331049148e-5
1212.0 1.4120320429119074e-5
1213.0 1.417422388764299e-5
1214.0 1.422852113758224e-5
1215.0 1.4283216667192682e-5
1216.0 1.4338315022820828e-5
1217.0 1.4393820809695565e-5
1218.0 1.444973869275403e-5
1219.0 1.4506073397463498e-5
1220.0 1.4562829710678767e-5
1221.0 1.4620012481483458e-5
1222.0 1.4677626622077062e-5
1223.0 1.473567710866241e-5
1224.0 1.4794168982315534e-5
1225.0 1.485310734994301e-5
1226.0 1.4912497385168231e-5
1227.0 1.4972344329290044e-5
1228.0 1.5032653492209113e-5
1229.0 1.5093430253419087e-5
1230.0 1.5154680062940814e-5
1231.0 1.5216408442335171e-5
1232.0 1.5278620985684974e-5
1233.0 1.5341323360593755e-5
1234.0 1.5404521309212202e-5
1235.0 1.5468220649252895e-5
1236.0 1.5532427275012053e-5
1237.0 1.5597147158447598e-5
1238.0 1.566238635018712e-5
1239.0 1.572815098061168e-5
1240.0 1.5794447260909378e-5
1241.0 1.5861281484149408e-5
1242.0 1.5928660026379167e-5
1243.0 1.599658934766916e-5
1244.0 1.6065075993242894e-5
1245.0 1.6134126594537192e-5
1246.0 1.620374787031883e-5
1247.0 1.6273946627773637e-5
1248.0 1.6344729763610843e-5
1249.0 1.6416104265158925e-5
1250.0 1.648807721146171e-5
1251.0 1.656065577439837e-5
1252.0 1.6633847219755917e-5
1253.0 1.6707658908320116e-5
1254.0 1.6782098297005253e-5
1255.0 1.685717293985375e-5
1256.0 1.6932890489190283e-5
1257.0 1.7009258696626955e-5
1258.0 1.7086285414151093e-5
1259.0 1.716397859513741e-5
1260.0 1.724234629538475e-5
1261.0 1.732139667409796e-5
1262.0 1.7401137994910348e-5
1263.0 1.748157862680647e-5
1264.0 1.756272704509335e-5
1265.0 1.7644591832294363e-5
1266.0 1.7727181679033944e-5
1267.0 1.7810505384895277e-5
1268.0 1.7894571859208433e-5
1269.0 1.7979390121863957e-5
1270.0 1.806496930401522e-5
1271.0 1.8151318648783662e-5
1272.0 1.8238447511857843e-5
1273.0 1.832636536212444e-5
1274.0 1.841508178215663e-5
1275.0 1.8504606468685514e-5
1276.0 1.8594949232965815e-5
1277.0 1.8686120001139156e-5
1278.0 1.8778128814420216e-5
1279.0 1.8870985829267236e-5
1280.0 1.89647013174749e-5
1281.0 1.9059285666057803e-5
1282.0 1.9154749377198437e-5
1283.0 1.9251103067910458e-5
1284.0 1.9348357469728977e-5
1285.0 1.9446523428152922e-5
1286.0 1.95456119020565e-5
1287.0 1.9645633962844463e-5
1288.0 1.9746600793554345e-5
1289.0 1.984852368774208e-5
1290.0 1.995141404816979e-5
1291.0 2.0055283385372413e-5
1292.0 2.016014331596108e-5
1293.0 2.0266005560765294e-5
1294.0 2.0372881942639796e-5
1295.0 2.0480784384272182e-5
1296.0 2.058972490542346e-5
1297.0 2.0699715620156015e-5
1298.0 2.081076873363125e-5
1299.0 2.09228965386775e-5
1300.0 2.1036111411987925e-5
1301.0 2.1150425810016735e-5
1302.0 2.1265852264486835e-5
1303.0 2.1382403377556664e-5
1304.0 2.150009181653173e-5
1305.0 2.1618930308194645e-5
1306.0000000000002 2.1738931632667842e-5
1307.0 2.1860108616802487e-5
1308.0 2.198247412706021e-5
1308.9999999999998 2.210604106190747e-5
1310.0 2.223082234357181e-5
1311.0 2.2356830909268444e-5
1312.0 2.2484079701810005e-5
1313.0 2.2612581659528224e-5
1314.0 2.2742349705524175e-5
1315.0 2.2873396736178143e-5
1316.0 2.3005735608894084e-5
1317.0000000000002 2.3139379129139704e-5
1318.0 2.3274340036355865e-5
1319.0 2.3410630989354213e-5
1319.9999999999998 2.3548264550512843e-5
1321.0 2.3687253169029146e-5
1322.0 2.382760916326487e-5
1323.0 2.3969344701797637e-5
1324.0 2.411247178355084e-5
1325.0 2.4257002216571217e-5
1326.0 2.440294759563901e-5
1327.0 2.4550319278473113e-5
1328.0000000000002 2.469912836073586e-5
1329.0 2.4849385649385766e-5
1330.0 2.5001101634691365e-5
1330.9999999999998 2.51542864605562e-5
1332.0 2.5308949893328815e-5
1333.0 2.546510128872305e-5
1334.0 2.562274955717262e-5
1335.0 2.5781903127088243e-5
1336.0 2.594256990633365e-5
1337.0 2.6104757241651144e-5
1338.0 2.626847187585782e-5
1339.0000000000002 2.6433719903125267e-5
1340.0 2.6600506721653616e-5
1341.0 2.676883698432864e-5
1341.9999999999998 2.6938714546667704e-5
1343.0 2.7110142412384497e-5
1344.0 2.728312267641908e-5
1345.0 2.7457656465080014e-5
1346.0 2.763374387362809e-5
1347.0 2.7811383900867447e-5
1348.0 2.799057438084469e-5
1349.0 2.817131191170464e-5
1350.0000000000002 2.8353591781150526e-5
1351.0 2.8537407889180878e-5
1352.0 2.872275266720159e-5
1352.9999999999998 2.8909616994279788e-5
1354.0 2.9097990109864646e-5
1355.0 2.928785952324188e-5
1356.0 2.9479210919701257e-5
1357.0 2.96720280632208e-5
1358.0 2.98662926958717e-5
1359.0 3.0061984433879147e-5
1360.0 3.0259080660275062e-5
1361.0000000000002 3.0457556414415576e-5
1362.0 3.0657384278129955e-5
1363.0 3.085853425893709e-5
1363.9999999999998 3.106097367027509e-5
1365.0 3.126466700862162e-5
1366.0 3.146957582842869e-5
1366.9999999999998 3.167565861422852e-5
1368.0 3.188287065069999e-5
1369.0 3.2091163890819645e-5
1370.0 3.2300486822479436e-5
1371.0 3.251078433378786e-5
1372.0000000000002 3.272199757770987e-5
1373.0 3.293406383638088e-5
1374.0 3.3146916385417104e-5
1374.9999999999998 3.336048435947655e-5
1376.0 3.357469261877858e-5
1377.0 3.3789461617991565e-5
1377.9999999999998 3.400470727810213e-5
1379.0 3.4220340861790685e-5
1380.0 3.4436268853689095e-5
1381.0 3.465239284596009e-5
1382.0 3.486860943080173e-5
1383.0000000000002 3.508481010047663e-5
1384.0 3.530088115637008e-5
1385.0 3.5516703628126274e-5
1385.9999999999998 3.5732153204261536e-5
1387.0 3.594710017571691e-5
1388.0 3.616140939337558e-5
1388.9999999999998 3.6374940241571587e-5
1390.0 3.6587546628688895e-5
1391.0 3.679907699638071e-5
1392.0 3.700937434950773e-5
1393.0 3.721827630747936e-5
1394.0000000000002 3.7425615179410086e-5
1395.0 3.7631218064266926e-5
1396.0 3.7834906977454014e-5
1396.9999999999998 3.8036499005441995e-5
1398.0 3.823580648992288e-5
1399.0 3.843263724256915e-5
1399.9999999999998 3.862679479166336e-5
1401.0 3.881807866170095e-5
1402.0 3.900628468680744e-5
1403.0 3.9191205358506104e-5
1404.0 3.937263020847746e-5
1405.0000000000002 3.9550346226343655e-5
1406.0 3.972413831273483e-5
1407.0 3.989378976661653e-5
1407.9999999999998 4.0059082807013095e-5
1409.0 4.021979912745881e-5
1410.0 4.037572048215318e-5
1410.9999999999998 4.052662930189038e-5
1412.0 4.067230933774169e-5
1413.0 4.0812546329835065e-5
1414.0 4.09471286984903e-5
1415.0 4.1075848254305104e-5
1416.0000000000002 4.1198500923475714e-5
1417.0 4.131488748444137e-5
1418.0 4.142481431146186e-5
1419.0000000000002 4.152809412040403e-5
1420.0 4.162454671189793e-5
1421.0 4.1713999706716306e-5
1421.9999999999998 4.179628926798968e-5
1423.0 4.18712608049698e-5
1424.0 4.193876965268089e-5
1425.0 4.199868172224841e-5
1426.0 4.2050874116261164e-5
1427.0000000000002 4.209523570409128e-5
1428.0 4.213166765217032e-5
1429.0 4.216008390435345e-5
1430.0000000000002 4.218041160819129e-5
1431.0 4.2192591482990684e-5
1432.0 4.21965781262909e-5
1432.9999999999998 4.219234025581272e-5
1434.0 4.217986088445308e-5
1435.0 4.215913742664368e-5
1436.0 4.2130181734946785e-5
1437.0 4.20930200664267e-5
1438.0000000000002 4.204769297901799e-5
1439.0 4.199425515883448e-5
1440.0 4.193277517986173e-5
1441.0000000000002 4.18633351983007e-5
1442.0 4.178603058427703e-5
1443.0 4.1700969494215835e-5
1443.9999999999998 4.16082723877867e-5
1445.0 4.150807149360788e-5
1446.0 4.140051022841788e-5
1447.0 4.128574257470067e-5
1448.0 4.116393242197541e-5
1449.0000000000002 4.103525287712252e-5
1450.0 4.089988554940321e-5
1451.0 4.075801981557333e-5
1452.0000000000002 4.060985207070528e-5
1453.0 4.0455584970162605e-5
1454.0 4.029542666804301e-5
1454.9999999999998 4.0129590057028515e-5
1456.0 3.995829201476967e-5
1457.0 3.9781752660967234e-5
1458.0 3.960019462971e-5
1459.0 3.941384236079101e-5
1460.0 3.9222921413382915e-5
1461.0 3.9027657805343966e-5
1462.0 3.882827738076475e-5
1463.0000000000002 3.8625005207994494e-5
1464.0 3.841806501023778e-5
1465.0 3.820767862995591e-5
1465.9999999999998 3.799406552847724e-5
1467.0 3.777744232136854e-5
1468.0 3.755802235018714e-5
1469.0 3.7336015290701325e-5
1470.0 3.711162679728946e-5
1471.0 3.688505818330175e-5
1472.0 3.6656506136531554e-5
1473.0 3.64261624690558e-5
1474.0000000000002 3.619421390033069e-5
1475.0 3.596084187232914e-5
1476.0 3.572622239545167e-5
1476.9999999999998 3.549052592362089e-5
1478.0 3.525391725722202e-5
1479.0 3.501655547212413e-5
1480.0 3.4778593873194434e-5
1481.0 3.4540179970868325e-5
1482.0 3.4301455478665387e-5
1483.0 3.406255633051474e-5
1484.0 3.382361271582694e-5
1485.0000000000002 3.3584749131060816e-5
1486.0 3.334608444593871e-5
1487.0 3.3107731983041495e-5
1487.9999999999998 3.286979960931691e-5
1489.0 3.2632389837855135e-5
1490.0 3.239559993900539e-5
1491.0 3.215952205937439e-5
1492.0 3.1924243347489174e-5
1493.0 3.168984608523426e-5
1494.0 3.145640782382886e-5
1495.0 3.122400152353874e-5
1496.0000000000002 3.099269569614286e-5
1497.0 3.07625545494893e-5
1498.0 3.053363813320117e-5
1498.9999999999998 3.0306002485078492e-5
1500.0 3.0079699777335797e-5
1501.0 2.985477846247832e-5
1502.0 2.963128341782401e-5
1503.0 2.940925608881696e-5
1504.0 2.918873463023288e-5
1505.0 2.8969754045226937e-5
1506.0 2.8752346321904512e-5
1507.0000000000002 2.8536540566995652e-5
1508.0 2.832236313659298e-5
1509.0 2.8109837763711554e-5
1509.9999999999998 2.7898985682493223e-5
1511.0 2.768982574897782e-5
1512.0 2.7482374558265906e-5
1513.0 2.7276646558185532e-5
1514.0 2.7072654159244014e-5
1515.0 2.687040784081523e-5
1516.0 2.6669916253756787e-5
1517.0 2.6471186319296937e-5
1518.0000000000002 2.6274223324286465e-5
1519.0 2.607903101269591e-5
1520.0 2.588561167375914e-5
1520.9999999999998 2.5693966226393477e-5
1522.0 2.550409430020336e-5
1523.0 2.5315994313176138e-5
1524.0 2.5129663545907927e-5
1525.0 2.4945098212785583e-5
1526.0 2.4762293529808445e-5
1527.0 2.4581243779474825e-5
1528.0 2.4401942372666988e-5
1529.0000000000002 2.42243819076377e-5
1530.0 2.4048554226196062e-5
1531.0 2.387445046723373e-5
1531.9999999999998 2.3702061117537973e-5
1533.0 2.3531376060279568e-5
1534.0 2.3362384620902413e-5
1535.0 2.3195075610765998e-5
1536.0 2.3029437368549227e-5
1537.0 2.2865457799436366e-5
1538.0 2.2703124412390928e-5
1539.0 2.254242435525274e-5
1540.0000000000002 2.2383344448125586e-5
1541.0 2.2225871214808146e-5
1542.0 2.2069990912573477e-5
1542.9999999999998 2.1915689560276764e-5
1544.0 2.1762952964862078e-5
1545.0 2.1611766746361173e-5
1546.0 2.1462116361473095e-5
1547.0 2.131398712573673e-5
1548.0 2.1167364234425755e-5
1549.0 2.1022232782192817e-5
1550.0 2.0878577781483196e-5
1551.0000000000002 2.073638417988273e-5
1552.0 2.0595636876356715e-5
1553.0 2.0456320736488016e-5
1553.9999999999998 2.031842060673898e-5
1555.0 2.0181921327772546e-5
1556.0 2.0046807746954702e-5
1557.0 1.991306472997805e-5
1558.0 1.978067717173068e-5
1559.0 1.964963000643059e-5
1560.0 1.9519908217008396e-5
1561.0 1.939149684389005e-5
1562.0000000000002 1.9264380993104785e-5
1563.0 1.9138545843820334e-5
1564.0 1.9013976655257308e-5
1564.9999999999998 1.8890658773219932e-5
1566.0 1.876857763591776e-5
1567.0 1.864771877947714e-5
1568.0 1.852806784292206e-5
1569.0 1.840961057276797e-5
1570.0 1.8292332827187628e-5
1571.0 1.8176220579842596e-5
1572.0 1.8061259923306272e-5
1573.0000000000002 1.7947437072189838e-5
1574.0 1.783473836596134e-5
1575.0 1.7723150271421462e-5
1575.9999999999998 1.7612659384981692e-5
1577.0 1.7503252434580836e-5
1578.0 1.7394916281433133e-5
1579.0 1.7287637921529148e-5
1580.0 1.718140448688529e-5
1581.0 1.707620324664022e-5
1582.0 1.6972021607934313e-5
1583.0 1.6868847116588822e-5
1584.0000000000002 1.6766667457689208e-5
1585.0 1.6665470455923195e-5
1586.0 1.6565244075838125e-5
1586.9999999999998 1.6465976421940202e-5
1588.0 1.636765573867044e-5
1589.0 1.627027041023734e-5
1590.0 1.6173808960393467e-5
1591.0 1.60782600520662e-5
1592.0 1.5983612486885387e-5
1593.0 1.5889855204666523e-5
1594.0 1.5796977282778e-5
1595.0000000000002 1.5704967935450034e-5
1596.0 1.561381651298802e-5
1597.0 1.552351250094711e-5
1597.9999999999998 1.5434045519262857e-5
1599.0 1.534540532126128e-5
1600.0 1.5257581792698495e-5
1601.0 1.5170564950700659e-5
1602.0 1.5084344942677337e-5
1603.0 1.4998912045217056e-5
1604.0 1.4914256662908954e-5
1605.0 1.4830369327169162e-5
1606.0000000000002 1.4747240695032357e-5
1607.0 1.466486154788439e-5
1608.0 1.4583222790238988e-5
1608.9999999999998 1.4502315448424192e-5
1610.0 1.4422130669311964e-5
1611.0 1.4342659718977277e-5
1612.0 1.4263893981405056e-5
1613.0 1.4185824957134677e-5
1614.0 1.4108444261921509e-5
1615.0 1.4031743625409584e-5
1616.0 1.3955714889727042e-5
1617.0000000000002 1.388035000817993e-5
1618.0 1.3805641043867415e-5
1619.0 1.3731580168342932e-5
1619.9999999999998 1.365815966021417e-5
1621.0 1.3585371903827719e-5
1622.0 1.3513209387893327e-5
1622.9999999999998 1.344166470413169e-5
1624.0 1.3370730545958809e-5
1625.0 1.3300399707107361e-5
1626.0 1.32306650802952e-5
1627.0 1.3161519655956417e-5
1628.0000000000002 1.3092956520845904e-5
1629.0 1.3024968856777865e-5
1630.0 1.2957549939324046e-5
1630.9999999999998 1.2890693136512056e-5
1632.0 1.2824391907538114e-5
1633.0 1.2758639801531225e-5
1633.9999999999998 1.2693430456253692e-5
1635.0 1.2628757596890897e-5
1636.0 1.2564615034791146e-5
1637.0 1.2500996666265215e-5
1638.0 1.2437896471366728e-5
1639.0000000000002 1.2375308512678835e-5
1640.0 1.231322693416564e-5
1641.0 1.2251645959965197e-5
1641.9999999999998 1.2190559893265286e-5
1643.0 1.2129963115124093e-5
1644.0 1.2069850083370716e-5
1644.9999999999998 1.2010215331459683e-5
1646.0 1.1951053467388717e-5
1647.0 1.1892359172604907e-5
1648.0 1.1834127200912949e-5
1649.0 1.1776352377420143e-5
1650.0000000000002 1.1719029597504304e-5
1651.0 1.16621538257423e-5
1652.0 1.160572009492103e-5
1652.9999999999998 1.15497235050202e-5
1654.0 1.149415922220279e-5
1655.0 1.1439022477850463e-5
1655.9999999999998 1.1384308567592313e-5
1657.0 1.1330012850342679e-5
1658.0 1.127613074737651e-5
1659.0 1.1222657741382161e-5
1660.0 1.1169589375561712e-5
1661.0000000000002 1.1116921252725672e-5
1662.0 1.1064649034399422e-5
1663.0 1.101276843995592e-5
1664.0000000000002 1.0961275245753478e-5
1665.0 1.0910165284269333e-5
1666.0 1.0859434443294057e-5
1666.9999999999998 1.0809078665067262e-5
1668.0 1.075909394550271e-5
1669.0 1.0709476333356483e-5
1670.0 1.0660221929462129e-5
1671.0 1.0611326885944125e-5
1672.0000000000002 1.0562787405449284e-5
1673.0 1.0514599740398243e-5
1674.0 1.0466760192248225e-5
1675.0000000000002 1.0419265110758507e-5
1676.0 1.0372110893263942e-5
1677.0 1.0325293983991133e-5
1677.9999999999998 1.027881087332165e-5
1679.0 1.0232658097148126e-5
1680.0 1.0186832236169641e-5
1681.0 1.0141329915243992e-5
1682.0 1.009614780272191e-5
1683.0000000000002 1.0051282609802482e-5
1684.0 1.0006731089912529e-5
1685.0 9.962490038067203e-6
1686.0000000000002 9.91855629026408e-6
1687.0 9.874926722868688e-6
1688.0 9.831598252035641e-6
1688.9999999999998 9.788567833105914e-6
1690.0 9.745832460039533e-6
1691.0 9.703389164846002e-6
1692.0 9.661235017022144e-6
1693.0 9.619367123008118e-6
1694.0000000000002 9.577782625648361e-6
1695.0 9.53647870364607e-6
1696.0 9.495452571053509e-6
1697.0000000000002 9.45470147674526e-6
1698.0 9.414222703924209e-6
1699.0 9.374013569608824e-6
1699.9999999999998 9.334071424144012e-6
1701.0 9.294393650726287e-6
1702.0 9.25497766491643e-6
1703.0 9.215820914186447e-6
1704.0 9.176920877434915e-6
1705.0000000000002 9.138275064559054e-6
1706.0 9.099881015987329e-6
1707.0 9.061736302253994e-6
1708.0000000000002 9.023838523568313e-6
1709.0 8.986185309369295e-6
1710.0 8.948774317929126e-6
1710.9999999999998 8.91160323593735e-6
1712.0 8.874669778081176e-6
1713.0 8.837971686663765e-6
1714.0 8.80150673119849e-6
1715.0 8.765272708032607e-6
1716.0 8.729267439962903e-6
1717.0 8.693488775855598e-6
1718.0 8.657934590291837e-6
1719.0000000000002 8.622602783187415e-6
1720.0 8.58749127945409e-6
1721.0 8.55259802863781e-6
1721.9999999999998 8.517921004570792e-6
1723.0 8.483458205042024e-6
1724.0 8.449207651453005e-6
1725.0 8.415167388493735e-6
1726.0 8.381335483817628e-6
1727.0 8.34771002771569e-6
1728.0 8.314289132817515e-6
1729.0 8.281070933767346e-6
1730.0000000000002 8.24805358692228e-6
1731.0 8.215235270059167e-6
1732.0 8.182614182080625e-6
1732.9999999999998 8.150188542713394e-6
1734.0 8.117956592236296e-6
1735.0 8.085916591186075e-6
1736.0 8.054066820092248e-6
1737.0 8.022405579200369e-6
1738.0 7.990931188195996e-6
1739.0 7.959641985956283e-6
1740.0 7.928536330275902e-6
1741.0000000000002 7.897612597622122e-6
1742.0 7.866869182869969e-6
1743.0 7.836304499066785e-6
1743.9999999999998 7.805916977185453e-6
1745.0 7.775705065876181e-6
1746.0 7.745667231238654e-6
1747.0 7.715801956582267e-6
1748.0 7.68610774220633e-6
1749.0 7.656583105160883e-6
1750.0 7.627226579036772e-6
1751.0 7.598036713737423e-6
1752.0000000000002 7.569012075271575e-6
1753.0 7.5401512455315245e-6
1754.0 7.511452822093807e-6
1754.9999999999998 7.4829154180011145e-6
1756.0 7.454537661576085e-6
1757.0 7.4263181962080236e-6
1758.0 7.398255680157626e-6
1759.0 7.370348786373139e-6
1760.0 7.342596202287819e-6
1761.0 7.314996629642896e-6
1762.0 7.2875487842880726e-6
1763.0000000000002 7.260251396018632e-6
1764.0 7.233103208382473e-6
1765.0 7.206102978501583e-6
1765.9999999999998 7.179249476912623e-6
1767.0 7.152541487379856e-6
1768.0 7.125977806736937e-6
1769.0 7.099557244710643e-6
1770.0 7.073278623771151e-6
1771.0 7.047140778957467e-6
1772.0 7.02114255772249e-6
1773.0 6.995282819783951e-6
1774.0000000000002 6.9695604369571195e-6
1775.0 6.943974293016071e-6
1776.0 6.9185232835315434e-6
1776.9999999999998 6.893206315734847e-6
1778.0 6.868022308367531e-6
1779.0 6.842970191532518e-6
1780.0 6.818048906568742e-6
1781.0 6.793257405896076e-6
1782.0 6.768594652887372e-6
1783.0 6.744059621728313e-6
1784.0 6.719651297294199e-6
1785.0000000000002 6.695368675007905e-6
1786.0 6.67121076071759e-6
1787.0 6.647176570568822e-6
1787.9999999999998 6.623265130875539e-6
1789.0 6.599475478006771e-6
1790.0 6.575806658249439e-6
1791.0 6.552257727704505e-6
1792.0 6.528827752159966e-6
1793.0 6.505515806973431e-6
1794.0 6.482320976966616e-6
1795.0 6.459242356302841e-6
1796.0000000000002 6.436279048381117e-6
1797.0 6.413430165723762e-6
1798.0 6.390694829872748e-6
1798.9999999999998 6.368072171278284e-6
1800.0 6.3455613291934865e-6
1801.0 6.3231614515797e-6
1802.0 6.300871694992293e-6
1803.0 6.278691224490663e-6
1804.0 6.256619213532592e-6
1805.0 6.234654843879194e-6
1806.0 6.2127973054989286e-6
1807.0000000000002 6.191045796472395e-6
1808.0 6.169399522904541e-6
1809.0 6.147857698817467e-6
1809.9999999999998 6.126419546077315e-6
1811.0 6.1050842942953775e-6
1812.0 6.0838511807391996e-6
1813.0 6.062719450250706e-6
1814.0 6.041688355159687e-6
1815.0 6.020757155194534e-6
1816.0 5.999925117404054e-6
1817.0 5.979191516073584e-6
1818.0000000000002 5.958555632647321e-6
1819.0 5.9380167556421345e-6
1820.0 5.917574180574045e-6
1820.9999999999998 5.897227209882337e-6
1822.0 5.876975152846664e-6
1823.0 5.856817325518337e-6
1824.0 5.836753050642646e-6
1825.0 5.8167816575895474e-6
1826.0 5.796902482274506e-6
1827.0 5.77711486709486e-6
1828.0 5.757418160859006e-6
1829.0000000000002 5.737811718711325e-6
1830.0 5.7182949020698305e-6
1831.0 5.698867078560475e-6
1831.9999999999998 5.679527621943079e-6
1833.0 5.660275912057511e-6
1834.0 5.641111334749748e-6
1835.0 5.622033281812238e-6
1836.0 5.603041150924089e-6
1837.0 5.584134345585171e-6
1838.0 5.565312275058327e-6
1839.0 5.546574354309529e-6
1840.0000000000002 5.52792000394613e-6
1841.0 5.509348650164594e-6
1842.0 5.490859724687505e-6
1842.9999999999998 5.4724526647095975e-6
1844.0 5.454126912843767e-6
1845.0 5.4358819170622276e-6
1846.0 5.417717130649334e-6
1847.0 5.399632012138715e-6
1848.0 5.381626025269938e-6
1849.0 5.363698638933221e-6
1850.0 5.345849327115986e-6
1851.0000000000002 5.328077568856366e-6
1852.0 5.310382848195821e-6
1853.0 5.292764654120974e-6
1853.9999999999998 5.2752224805275085e-6
1855.0 5.25775582616217e-6
1856.0 5.240364194585925e-6
1857.0 5.223047094118722e-6
1858.0 5.205804037802824e-6
1859.0 5.188634543350424e-6
1860.0 5.171538133106964e-6
1861.0 5.15451433400059e-6
1862.0000000000002 5.137562677504135e-6
1863.0 5.120682699593745e-6
1864.0 5.103873940705434e-6
1864.9999999999998 5.087135945691684e-6
1866.0 5.070468263787335e-6
1867.0 5.053870448565859e-6
1868.0 5.0373420579016365e-6
1869.0 5.020882653931235e-6
1870.0 5.004491803016004e-6
1871.0 4.988169075702092e-6
1872.0 4.971914046691769e-6
1873.0000000000002 4.955726294794811e-6
1874.0 4.939605402905111e-6
1875.0 4.923550957958359e-6
1875.9999999999998 4.907562550900305e-6
1877.0 4.891639776651761e-6
1878.0 4.875782234076076e-6
1878.9999999999998 4.859989525944961e-6
1880.0 4.844261258909746e-6
1881.0 4.82859704346182e-6
1882.0 4.812996493912368e-6
1883.0 4.79745922834958e-6
1884.0000000000002 4.781984868619621e-6
1885.0 4.766573040287672e-6
1886.0 4.7512233726127055e-6
1886.9999999999998 4.735935498519199e-6
1888.0 4.720709054569708e-6
1889.0 4.705543680929609e-6
1889.9999999999998 4.6904390213513205e-6
1891.0 4.675394723135217e-6
1892.0 4.6604104371133e-6
1893.0 4.645485817616141e-6
1894.0 4.630620522450618e-6
1895.0000000000002 4.615814212874943e-6
1896.0 4.601066553570958e-6
1897.0 4.586377212623409e-6
1897.9999999999998 4.5717458614932646e-6
1899.0 4.557172174996013e-6
1900.0 4.54265583127888e-6
1900.9999999999998 4.528196511795563e-6
1902.0 4.513793901287052e-6
1903.0 4.4994476877592655e-6
1904.0 4.485157562461193e-6
1905.0 4.470923219861878e-6
1906.0000000000002 4.456744357634155e-6
1907.0 4.442620676630129e-6
1908.0 4.428551880866396e-6
1908.9999999999998 4.4145376775003864e-6
1910.0 4.400577776811809e-6
1911.0 4.386671892188092e-6
1911.9999999999998 4.372819740099361e-6
1913.0 4.359021040087359e-6
1914.0 4.345275514744785e-6
1915.0 4.3315828896990735e-6
1916.0 4.3179428935931995e-6
1917.0000000000002 4.304355258073799e-6
1918.0 4.290819717771724e-6
1919.0 4.277336010289375e-6
1919.9999999999998 4.263903876182091e-6
1921.0 4.250523058944145e-6
1922.0 4.2371933049993025e-6
1922.9999999999998 4.223914363677997e-6
1924.0 4.210685987211477e-6
1925.0 4.197507930712477e-6
1926.0 4.1843799521676696e-6
1927.0 4.171301812419837e-6
1928.0000000000002 4.158273275158366e-6
1929.0 4.1452941069068635e-6
1930.0 4.1323640770109865e-6
1931.0000000000002 4.119482957628141e-6
1932.0 4.106650523714895e-6
1933.0 4.093866553016458e-6
1933.9999999999998 4.081130826058442e-6
1935.0 4.068443126135045e-6
1936.0 4.0558032393002425e-6
1937.0 4.043210954356111e-6
1938.0 4.030666062849042e-6
1939.0000000000002 4.018168359055712e-6
1940.0 4.005717639976635e-6
1941.0 3.993313705330031e-6
1942.0000000000002 3.980956357540256e-6
1943.0 3.968645401734445e-6
1944.0 3.956380645734304e-6
1944.9999999999998 3.944161900047336e-6
1946.0 3.9319889778623625e-6
1947.0 3.919861695043091e-6
1948.0 3.907779870121736e-6
1949.0 3.895743324294996e-6
1950.0000000000002 3.883751881417769e-6
1951.0 3.871805367998826e-6
1952.0 3.859903613194896e-6
1953.0000000000002 3.848046448809252e-6
1954.0 3.836233709283926e-6
1955.0 3.824465231702004e-6
1955.9999999999998 3.8127408557775064e-6
1957.0 3.8010604238556943e-6
1958.0 3.789423780912837e-6
1959.0 3.7778307745489914e-6
1960.0 3.766281254989921e-6
1961.0000000000002 3.754775075082401e-6
1962.0 3.7433120902948143e-6
1963.0 3.7318921587169405e-6
1964.0000000000002 3.7205151410526973e-6
1965.0 3.709180900629889e-6
1966.0 3.6978893033909604e-6
1966.9999999999998 3.686640217898235e-6
1968.0 3.6754335153305467e-6
1969.0 3.6642690694882803e-6
1970.0 3.6531467567891836e-6
1971.0 3.6420664562745015e-6
1972.0 3.631028049608359e-6
1973.0 3.6200314210766044e-6
1974.0 3.60907645759483e-6
1975.0000000000002 3.5981630487062484e-6
1976.0 3.587291086584443e-6
1977.0 3.5764604660398698e-6
1977.9999999999998 3.5656710845210525e-6
1979.0 3.5549228421139832e-6
1980.0 3.5442156415555907e-6
1981.0 3.5335493882266856e-6
1982.0 3.5229239901656646e-6
1983.0 3.512339358066929e-6
1984.0 3.5017954052875146e-6
1985.0 3.491292047855108e-6
1986.0000000000002 3.4808292044693438e-6
1987.0 3.470406796509945e-6
1988.0 3.460024748042584e-6
1988.9999999999998 3.4496829858240476e-6
1990.0 3.4393814393093366e-6
1991.0 3.4291200406595415e-6
1992.0 3.4188987247480208e-6
1993.0 3.4087174291659457e-6
1994.0 3.3985760942333786e-6
1995.0 3.3884746630041313e-6
1996.0 3.378413081277294e-6
1997.0000000000002 3.3683912976003764e-6
1998.0 3.3584092632833937e-6
1999.0 3.3484669324046265e-6
1999.9999999999998 3.3385642618189847e-6
