0.0 5.849031950824409e-6
1.0 5.849051805849602e-6
2.0 5.849111372194692e-6
3.0 5.849210653662855e-6
4.0 5.849349656587861e-6
5.0 5.849528389842088e-6
6.0 5.8497468648406445e-6
7.0 5.85000509553203e-6
8.0 5.850303098410868e-6
9.0 5.850640892512053e-6
10.0 5.8510184994249215e-6
10.999999999999998 5.851435943281296e-6
12.0 5.851893250772629e-6
13.000000000000002 5.852390451157333e-6
14.0 5.852927576248886e-6
14.999999999999998 5.853504660435011e-6
16.0 5.854121740677554e-6
17.0 5.854778856525572e-6
18.0 5.8554760501081376e-6
19.0 5.856213366153552e-6
20.0 5.856990851998439e-6
21.0 5.85780855758503e-6
21.999999999999996 5.858666535476663e-6
23.0 5.859564840862265e-6
24.0 5.860503531573713e-6
25.0 5.861482668085044e-6
26.000000000000004 5.862502313533855e-6
27.0 5.863562533716287e-6
28.0 5.864663397117294e-6
29.0 5.865804974900378e-6
29.999999999999996 5.866987340949167e-6
31.0 5.868210571847958e-6
32.0 5.869474746916122e-6
33.0 5.870779948211389e-6
34.0 5.872126260552327e-6
35.0 5.873513771525127e-6
36.0 5.874942571489264e-6
37.0 5.876412753631029e-6
38.0 5.877924413926313e-6
39.0 5.879477651200097e-6
40.0 5.8810725671195795e-6
41.0 5.882709266220996e-6
42.0 5.884387855935977e-6
43.0 5.8861084465836334e-6
43.99999999999999 5.8878711514157425e-6
45.0 5.889676086620608e-6
46.0 5.8915233713573035e-6
47.0 5.8934131277665725e-6
48.0 5.895345480987852e-6
49.0 5.897320559190336e-6
50.0 5.899338493602423e-6
51.0 5.901399418499271e-6
52.00000000000001 5.903503471289614e-6
53.0 5.9056507924651535e-6
54.0 5.907841525684668e-6
55.0 5.910075817773723e-6
56.0 5.912353818742953e-6
57.0 5.91467568184718e-6
58.0 5.917041563569662e-6
59.0 5.919451623688339e-6
59.99999999999999 5.921906025280687e-6
61.0 5.924404934766989e-6
62.0 5.926948521923127e-6
63.0 5.929536959933725e-6
64.0 5.932170425410746e-6
65.0 5.934849098420431e-6
66.0 5.937573162527247e-6
67.0 5.9403428048245175e-6
68.0 5.943158215967399e-6
69.0 5.946019590199746e-6
70.0 5.948927125415109e-6
71.0 5.951881023163412e-6
72.0 5.954881488703551e-6
73.0 5.9579287310478975e-6
74.0 5.961022962978923e-6
75.0 5.964164401114447e-6
76.0 5.967353265939134e-6
77.0 5.97058978183818e-6
78.0 5.973874177143833e-6
79.0 5.977206684201442e-6
80.0 5.980587539367739e-6
81.0 5.9840169830976266e-6
82.0 5.98749525996795e-6
83.00000000000001 5.991022618740997e-6
84.0 5.99459931239575e-6
85.0 5.9982255981873335e-6
86.0 6.001901737694034e-6
87.0 6.005627996877529e-6
87.99999999999999 6.009404646113371e-6
89.0 6.013231960264227e-6
90.0 6.017110218740993e-6
91.0 6.021039705521977e-6
92.0 6.025020709252906e-6
92.99999999999999 6.029053523276978e-6
94.0 6.0331384457122475e-6
95.0 6.037275779487693e-6
96.0 6.041465832430893e-6
97.0 6.045708917315334e-6
98.0 6.0500053519258825e-6
99.00000000000001 6.054355459138418e-6
100.0 6.058759566962714e-6
101.0 6.063218008631129e-6
102.0 6.06773112265301e-6
103.0 6.072299252896105e-6
104.00000000000001 6.076922748666784e-6
105.0 6.081601964750866e-6
106.0 6.086337261526534e-6
107.0 6.091129005027743e-6
108.0 6.09597756700917e-6
108.99999999999999 6.1008833250412715e-6
110.0 6.105846662602224e-6
111.0 6.110867969121912e-6
112.0 6.115947640114245e-6
113.0 6.121086077239488e-6
114.0 6.126283688381844e-6
115.00000000000001 6.131540887773682e-6
116.0 6.136858096054877e-6
117.0 6.1422357403864265e-6
118.0 6.147674254536392e-6
119.0 6.153174078980307e-6
119.99999999999999 6.158735661017735e-6
121.0 6.164359454841298e-6
122.0 6.170045921669321e-6
123.0 6.175795529848432e-6
124.0 6.181608754939406e-6
124.99999999999999 6.187486079867386e-6
126.0 6.193427994996448e-6
127.0 6.19943499826856e-6
128.0 6.205507595318564e-6
129.0 6.211646299591633e-6
130.0 6.217851632450777e-6
131.0 6.224124123347275e-6
132.0 6.230464309895579e-6
133.0 6.236872738030482e-6
134.0 6.243349962164444e-6
135.0 6.249896545261585e-6
136.0 6.25651305904886e-6
137.0 6.263200084108814e-6
138.0 6.269958210041933e-6
139.0 6.276788035615819e-6
140.0 6.283690168919802e-6
141.0 6.290665227518833e-6
142.0 6.297713838600006e-6
143.0 6.304836639164289e-6
144.0 6.312034276138779e-6
145.0 6.319307406614672e-6
146.0 6.326656697971834e-6
147.0 6.33408282806825e-6
148.0 6.341586485421125e-6
149.0 6.3491683693982885e-6
150.0 6.3568291903848546e-6
151.0 6.364569670007482e-6
152.0 6.372390541307781e-6
153.0 6.38029254895886e-6
154.0 6.388276449454947e-6
155.0 6.396343011339234e-6
156.0 6.404493015405883e-6
157.0 6.412727254916711e-6
158.0 6.421046535856748e-6
159.0 6.4294516771226436e-6
160.0 6.437943510791051e-6
161.0 6.446522882343095e-6
162.0 6.455190650904065e-6
163.0 6.463947689527783e-6
164.0 6.472794885412228e-6
164.99999999999997 6.481733140196902e-6
166.00000000000003 6.490763370200965e-6
167.0 6.499886506751191e-6
168.0 6.509103496387409e-6
169.0 6.518415301231988e-6
170.0 6.527822899237199e-6
171.0 6.537327284494576e-6
172.0 6.5469294675603125e-6
173.0 6.556630475751449e-6
174.0 6.5664313535055085e-6
174.99999999999997 6.5763331626630115e-6
175.99999999999997 6.586336982848144e-6
177.00000000000003 6.596443911825292e-6
178.0 6.606655065796136e-6
179.0 6.616971579846048e-6
180.0 6.627394608253484e-6
181.0 6.63792532492435e-6
182.0 6.6485649237288525e-6
183.0 6.659314618965401e-6
184.0 6.6701756457396696e-6
185.0 6.681149260383323e-6
185.99999999999997 6.692236740917405e-6
187.00000000000003 6.703439387459483e-6
188.0 6.714758522710408e-6
189.0 6.726195492413703e-6
190.0 6.737751665807771e-6
191.0 6.749428436172161e-6
192.0 6.761227221281916e-6
193.0 6.773149463936707e-6
194.0 6.78519663250635e-6
195.0 6.797370221469361e-6
196.0 6.8096717519376095e-6
196.99999999999997 6.822102772281176e-6
198.00000000000003 6.834664858691815e-6
199.0 6.847359615757022e-6
200.0 6.860188677124578e-6
201.0 6.873153706103565e-6
202.0 6.88625639633292e-6
203.0 6.899498472460343e-6
204.0 6.912881690777172e-6
205.0 6.9264078399835455e-6
206.0 6.94007874187048e-6
206.99999999999997 6.953896252090093e-6
208.00000000000003 6.967862260898547e-6
209.00000000000003 6.981978693948634e-6
210.0 6.996247513097324e-6
211.0 7.010670717213888e-6
212.0 7.025250343072797e-6
213.0 7.039988466165411e-6
214.0 7.054887201663239e-6
215.0 7.069948705278783e-6
216.0 7.085175174261215e-6
217.0 7.100568848353118e-6
217.99999999999997 7.116132010791914e-6
219.00000000000003 7.131866989326645e-6
220.0 7.147776157326225e-6
221.0 7.163861934824488e-6
222.0 7.180126789645479e-6
223.0 7.196573238572716e-6
224.0 7.2132038485585295e-6
225.0 7.230021237888513e-6
226.0 7.247028077489734e-6
227.0 7.2642270922166705e-6
228.0 7.2816210621663135e-6
228.99999999999997 7.299212824063292e-6
230.00000000000003 7.317005272693997e-6
231.0 7.335001362310777e-6
232.0 7.35320410818912e-6
233.0 7.3716165881527915e-6
234.0 7.390241944133135e-6
235.0 7.409083383871886e-6
236.0 7.428144182561337e-6
237.0 7.447427684619633e-6
238.0 7.466937305468701e-6
238.99999999999997 7.486676533393011e-6
239.99999999999997 7.50664893145251e-6
241.00000000000003 7.526858139456915e-6
242.0 7.547307876001725e-6
243.0 7.5680019405501064e-6
244.0 7.588944215596702e-6
245.0 7.6101386689374e-6
246.0 7.631589355934901e-6
247.0 7.653300421907865e-6
248.0 7.675276104609465e-6
249.0 7.697520736734819e-6
249.99999999999997 7.720038748561743e-6
251.00000000000003 7.742834670671653e-6
252.0 7.765913136682905e-6
253.0 7.789278886241423e-6
254.0 7.812936767917232e-6
255.0 7.836891742323109e-6
256.0 7.861148885333173e-6
257.0 7.885713391362814e-6
258.0 7.910590576757528e-6
259.0 7.935785883382438e-6
260.0 7.961304882208405e-6
261.0 7.98715327712334e-6
262.0 8.01333690888261e-6
263.0 8.039861759093376e-6
264.0 8.06673395444359e-6
265.0 8.093959771033951e-6
266.0 8.121545638884e-6
267.0 8.149498146560805e-6
268.0 8.177824046072587e-6
269.0 8.206530257777766e-6
270.0 8.235623875642352e-6
271.0 8.265112172619742e-6
272.0 8.295002606131586e-6
273.0 8.325302823964356e-6
274.0 8.356020670206377e-6
275.0 8.387164191481017e-6
276.0 8.418741643385071e-6
277.0 8.450761497251587e-6
278.0 8.483232447044136e-6
279.0 8.5161634166474e-6
280.0 8.549563567294957e-6
281.0 8.583442305459303e-6
282.0 8.617809290928525e-6
283.0 8.652674445232906e-6
284.0 8.688047960365536e-6
285.0 8.723940307996147e-6
286.0 8.760362248861188e-6
287.0 8.797324842680401e-6
288.0 8.834839458420174e-6
289.0 8.872917784917322e-6
290.0 8.91157184214164e-6
291.0 8.950813992676134e-6
292.0 8.990656953823192e-6
293.0 9.031113810252288e-6
294.0 9.072198027027602e-6
295.0 9.113923463379954e-6
296.0 9.15630438689019e-6
297.0 9.199355488503407e-6
298.0 9.243091897935175e-6
299.0 9.287529200001672e-6
300.0 9.332683451451552e-6
301.0 9.378571198837045e-6
302.0 9.425209496764993e-6
303.0 9.472615927492047e-6
304.0 9.520808620884096e-6
305.0 9.569806275741992e-6
306.0 9.619628181802778e-6
307.0 9.670294242940232e-6
308.0 9.721825001357371e-6
309.0 9.774241663003709e-6
310.0 9.827566124121939e-6
311.0 9.881820999180721e-6
312.0 9.937029650000843e-6
313.0 9.99321621647592e-6
314.0 1.0050405648676325e-5
315.0 1.0108623740618324e-5
316.0 1.0167897165739599e-5
317.0 1.0228253514026995e-5
318.0 1.0289721331211598e-5
319.0 1.035233015991108e-5
320.0 1.041611058282714e-5
321.0 1.0481094268318862e-5
322.0 1.0547314018259169e-5
323.0 1.0614803818521107e-5
324.0 1.0683598892168851e-5
325.0 1.0753735755412416e-5
326.0 1.082525227681149e-5
327.0 1.0898187739501655e-5
328.0 1.0972582907199444e-5
329.0 1.1048480093416343e-5
329.99999999999994 1.1125923235189192e-5
331.0 1.1204957970534772e-5
332.00000000000006 1.1285631720711868e-5
333.0 1.136799377699795e-5
334.0 1.1452095392757725e-5
335.0 1.1537989880944418e-5
336.0 1.1625732717406925e-5
337.0 1.171538165058113e-5
338.0 1.1806996817707452e-5
339.0 1.1900640868312346e-5
340.0 1.199637909554948e-5
340.99999999999994 1.209427957567904e-5
342.0 1.2194413316491715e-5
343.00000000000006 1.2296854415262132e-5
344.0 1.2401680227098988e-5
345.0 1.2508971544425847e-5
346.0 1.261881278817864e-5
347.0 1.2731292212176982e-5
348.0 1.2846502121373476e-5
349.0 1.2964539104927176e-5
349.99999999999994 1.3085504285713694e-5
351.0 1.3209503587593723e-5
351.99999999999994 1.3336648021366728e-5
353.0 1.3467053991669517e-5
354.00000000000006 1.360084362622506e-5
355.0 1.3738145129511937e-5
356.0 1.3879093162736867e-5
357.0 1.4023829252794536e-5
358.0 1.4172502232640437e-5
359.0 1.432526871573477e-5
360.0 1.4482293607973208e-5
360.99999999999994 1.4643750660445648e-5
362.0 1.4809823067019054e-5
363.00000000000006 1.4980704110402887e-5
364.0 1.5156597862386219e-5
365.0 1.5337719942681825e-5
366.0 1.5524298342701105e-5
367.0 1.5716574320187162e-5
368.0 1.5914803372967997e-5
369.0 1.6119256298774443e-5
370.0 1.6330220351055227e-5
371.0 1.65480005005045e-5
371.99999999999994 1.6772920814013693e-5
373.0 1.7005325963717953e-5
374.00000000000006 1.724558288042237e-5
375.0 1.7494082568370736e-5
376.0 1.7751242098981325e-5
377.0 1.80175068048742e-5
378.0 1.829335269761557e-5
379.0 1.8579289136733534e-5
380.0 1.887586177939271e-5
381.0 1.9183655846732895e-5
382.0 1.9503299746076148e-5
382.99999999999994 1.9835469095063133e-5
384.0 2.0180891199770746e-5
385.00000000000006 2.054035004752217e-5
386.0 2.0914691883678225e-5
387.0 2.1304831451496057e-5
388.0 2.171175899041749e-5
389.0 2.213654809816903e-5
390.0 2.2580364583452618e-5
391.0 2.3044476454919306e-5
392.0 2.3530265217314446e-5
393.0 2.4039238676191717e-5
393.99999999999994 2.457304548546084e-5
395.0 2.5133491715725633e-5
396.00000000000006 2.5722559772674843e-5
397.0 2.63424300512163e-5
398.0 2.699550578994382e-5
399.0 2.7684441671739964e-5
400.0 2.8412176831003777e-5
401.0 2.9181973047218037e-5
402.0 2.9997459071563737e-5
403.0 3.0862682215086815e-5
404.0 3.178216856407262e-5
404.99999999999994 3.276099346428948e-5
406.0 3.3804864263642265e-5
407.00000000000006 3.4920217700330064e-5
408.0 3.6114334833833904e-5
409.0 3.7395476978916735e-5
410.0 3.877304680302949e-5
411.0 4.0257779502994844e-5
412.0 4.18619698063674e-5
413.0 4.359974137654307e-5
413.99999999999994 4.548736579946665e-5
415.0 4.754363851394086e-5
416.00000000000006 4.9790318031835536e-5
417.0 5.2252631642065e-5
418.00000000000006 5.495984327283502e-5
419.0 5.7945863745359574e-5
420.0 6.124985353787091e-5
421.0 6.491671175331522e-5
422.0 6.899724180196265e-5
423.0 7.35475997961041e-5
424.0 7.862731013857582e-5
424.99999999999994 8.429459307789425e-5
426.0 9.0596898830082e-5
427.00000000000006 9.755336055332922e-5
428.0 0.00010512468205893607
429.0 0.000113166094826651
430.0 0.00012136396991928468
431.0 0.00012917268358859043
432.0 0.0001357991143092489
433.0 0.00014030982078725552
434.0 0.00014190206504706906
435.0 0.00014023955363122565
435.99999999999994 0.00013561967605066753
437.0 0.00012882945265340416
438.00000000000006 0.00012081251627853252
439.0 0.00011238467667404683
440.0 0.00010411319812334914
441.0 9.632624481801261e-5
442.0 8.917586508789074e-5
443.0 8.270349229544415e-5
444.0 7.68891760191154e-5
445.0 7.168325406684456e-5
446.0 6.702482878663249e-5
446.99999999999994 6.285171921437184e-5
448.0 5.910535368012026e-5
449.00000000000006 5.573282977274877e-5
450.0 5.268746959657395e-5
451.0 4.9928625988003506e-5
452.0 4.7421154504113095e-5
453.0 4.5134770718786065e-5
454.0 4.304340351256668e-5
455.0 4.112459572663047e-5
456.0 3.935897209992462e-5
457.0 3.772977833833349e-5
457.99999999999994 3.6222487503928806e-5
459.0 3.482446666792008e-5
460.00000000000006 3.3524695901777826e-5
461.0 3.231353186784672e-5
462.0 3.118250902813026e-5
463.0 3.01241723570464e-5
464.0 2.913193636854181e-5
465.0 2.819996606717708e-5
466.0 2.7323076181599568e-5
467.0 2.6496645645122684e-5
468.0 2.571654481445019e-5
468.99999999999994 2.497907335097522e-5
470.0 2.4280907049806922e-5
471.00000000000006 2.3619052188604314e-5
472.0 2.29908062251258e-5
473.0 2.2393723856785615e-5
474.0 2.1825587631448494e-5
475.0 2.12843824245527e-5
476.0 2.0768273217283197e-5
477.0 2.027558569463685e-5
477.99999999999994 1.980478926111578e-5
479.0 1.9354482138659575e-5
479.99999999999994 1.8923378255127735e-5
481.0 1.8510295683641102e-5
482.00000000000006 1.811414642495071e-5
483.0 1.7733927355981605e-5
484.0 1.7368712193930756e-5
485.0 1.7017644348664502e-5
486.0 1.6679930549208477e-5
487.0 1.6354835151758967e-5
488.0 1.6041675044846638e-5
488.99999999999994 1.5739815082125017e-5
490.0 1.54486639781935e-5
491.00000000000006 1.5167670617146205e-5
492.0 1.4896320723456632e-5
493.0 1.4634133857414423e-5
494.0 1.4380660697255227e-5
495.0 1.4135480577535733e-5
496.0 1.3898199255916989e-5
497.0 1.3668446884398639e-5
498.0 1.344587616365119e-5
499.0 1.3230160661162366e-5
499.99999999999994 1.3020993277005222e-5
501.0 1.2818084842367667e-5
502.00000000000006 1.2621162837372092e-5
503.0 1.242997021689975e-5
504.0 1.22442643339964e-5
505.0 1.2063815951290281e-5
506.0 1.1888408332411946e-5
507.0 1.1717836406219146e-5
508.0 1.15519059963187e-5
509.0 1.1390433111213656e-5
510.0 1.1233243288510427e-5
510.99999999999994 1.1080170989138893e-5
512.0 1.093105903703178e-5
513.0 1.0785758100273632e-5
514.0 1.0644126210103766e-5
515.0 1.050602831506039e-5
516.0 1.037133586662293e-5
517.0 1.0239926434559497e-5
518.0 1.0111683348871878e-5
519.0 9.986495366427029e-6
520.0 9.864256360830634e-6
521.0 9.744865032732755e-6
522.0 9.628224639853562e-6
523.0 9.514242744645166e-6
524.0 9.402830978777404e-6
525.0 9.29390482245691e-6
526.0 9.18738339820845e-6
527.0 9.08318927769672e-6
528.0 8.981248300490069e-6
529.0 8.881489404342402e-6
530.0 8.783844465597649e-6
531.0 8.688248149709057e-6
532.0 8.59463777045221e-6
533.0 8.502953157588995e-6
534.0 8.413136532634906e-6
535.0 8.325132391422338e-6
536.0 8.23888739403251e-6
537.0 8.154350260474027e-6
538.0 8.071471672907727e-6
539.0 7.990204182827485e-6
540.0 7.910502123781845e-6
541.0 7.832321528873161e-6
542.0 7.755620052630127e-6
543.0 7.680356897377755e-6
544.0 7.606492743296371e-6
545.0 7.533989682496223e-6
546.0 7.462811156417562e-6
547.0 7.392921896478007e-6
548.0 7.324287868033895e-6
549.0 7.256876216980694e-6
550.0 7.190655219281638e-6
551.0 7.125594232894286e-6
552.0 7.06166365236116e-6
553.0 6.998834865271679e-6
554.0 6.937080211385493e-6
555.0 6.876372943348143e-6
556.0 6.816687189497976e-6
557.0 6.757997918509352e-6
558.0 6.70028090561237e-6
559.0 6.643512700510379e-6
560.0 6.587670596825735e-6
561.0 6.532732602902069e-6
562.0 6.478677413975921e-6
563.0 6.425484385774736e-6
564.0 6.373133509060454e-6
565.0 6.321605385629723e-6
566.0 6.270881205151482e-6
567.0 6.22094272319064e-6
568.0 6.171772240148018e-6
569.0 6.123352581161636e-6
570.0 6.0756670768427865e-6
571.0 6.028699544908344e-6
572.0 5.982434272580295e-6
573.0 5.936855999713413e-6
574.0 5.891949902707523e-6
575.0 5.84770157904213e-6
576.0 5.804097032469467e-6
577.0 5.7611226588554165e-6
578.0 5.718765232600734e-6
579.0 5.677011893606202e-6
580.0 5.6358501347326634e-6
581.0 5.595267789898339e-6
582.0 5.555253022463753e-6
583.0 5.5157943143149185e-6
584.0 5.476880455154711e-6
585.0 5.438500532375068e-6
586.0 5.400643921246736e-6
587.0 5.363300275564983e-6
588.0 5.326459518515313e-6
589.0 5.290111834112407e-6
590.0 5.254247658768747e-6
591.0 5.218857673257795e-6
592.0 5.18393279499434e-6
593.0 5.149464170619027e-6
594.0 5.11544316879418e-6
595.0 5.081861373340183e-6
596.0 5.048710576578264e-6
597.0 5.015982772922743e-6
598.0 4.983670152731891e-6
599.0 4.951765096363306e-6
600.0 4.920260168461529e-6
601.0 4.8891481123887665e-6
602.0 4.85842184497104e-6
603.0 4.8280744512683216e-6
604.0 4.798099179738795e-6
605.0 4.768489437348037e-6
606.0 4.739238785020434e-6
607.0 4.710340933136786e-6
608.0 4.681789737287433e-6
609.0 4.6535791940555945e-6
610.0 4.6257034370676425e-6
611.0 4.59815673304691e-6
612.0 4.570933478142361e-6
613.0 4.544028194226026e-6
614.0 4.517435525459304e-6
615.0 4.491150234870871e-6
616.0 4.465167201090114e-6
617.0 4.439481415199187e-6
618.0 4.414087977636796e-6
619.0 4.388982095251777e-6
620.0 4.364159078450863e-6
621.0 4.339614338380804e-6
622.0 4.315343384291404e-6
623.0 4.291341820877515e-6
624.0 4.267605345810234e-6
625.0 4.2441297472463055e-6
626.0 4.220910901527261e-6
627.0 4.19794477080214e-6
628.0 4.175227400891039e-6
629.0 4.152754919072926e-6
630.0 4.1305235320256515e-6
631.0 4.108529523800852e-6
632.0 4.086769253849044e-6
633.0 4.0652391551424425e-6
634.0 4.043935732297975e-6
635.0 4.0228555598080045e-6
636.0 4.001995280295557e-6
637.0 3.981351602824826e-6
638.0 3.9609213012858725e-6
639.0 3.940701212771834e-6
640.0 3.920688236056234e-6
641.0 3.900879330100435e-6
642.0 3.881271512589175e-6
643.0 3.8618618585231095e-6
644.0 3.8426474988391085e-6
645.0 3.823625619079912e-6
646.0 3.8047934581153525e-6
647.0 3.786148306854491e-6
648.0 3.7676875070474076e-6
649.0 3.74940845007607e-6
650.0 3.7313085758074194e-6
651.0 3.7133853714768976e-6
652.0 3.6956363705858303e-6
653.0000000000001 3.6780591518304414e-6
654.0 3.6606513380806695e-6
655.0 3.6434105953793604e-6
656.0 3.6263346319365163e-6
657.0 3.60942119721009e-6
658.0 3.5926680809640867e-6
659.0 3.576073112353382e-6
659.9999999999999 3.5596341590686754e-6
661.0 3.5433491264693203e-6
662.0 3.527215956758321e-6
663.0 3.5112326281770753e-6
664.0000000000001 3.495397154197328e-6
665.0 3.4797075827786347e-6
666.0 3.4641619955954736e-6
667.0 3.4487585073402293e-6
668.0 3.433495264993814e-6
669.0 3.4183704471419058e-6
670.0 3.4033822633002076e-6
670.9999999999999 3.388528953271334e-6
672.0 3.373808786497895e-6
673.0 3.3592200614543377e-6
674.0 3.344761105028103e-6
675.0000000000001 3.330430271950635e-6
676.0 3.316225944221592e-6
677.0 3.3021465305447406e-6
678.0 3.288190465803896e-6
679.0 3.2743562105252025e-6
680.0 3.2606422503774166e-6
681.0 3.2470470956752808e-6
681.9999999999999 3.23356928089311e-6
683.0 3.2202073642094913e-6
684.0 3.2069599270417456e-6
685.0 3.1938255736401716e-6
686.0000000000001 3.1808029306146007e-6
687.0 3.1678906465827633e-6
688.0 3.1550873917363683e-6
688.9999999999999 3.142391857479276e-6
690.0 3.1298027560625944e-6
691.0 3.1173188202347652e-6
692.0 3.1049388029029507e-6
692.9999999999999 3.0926614768222493e-6
694.0 3.0804856342845207e-6
695.0 3.0684100868389756e-6
696.0 3.056433665018141e-6
697.0000000000001 3.0445552180918468e-6
698.0 3.032773613825039e-6
699.0 3.0210877382657807e-6
699.9999999999999 3.0094964955456623e-6
701.0 2.99799880770219e-6
702.0 2.9865936145351904e-6
703.0 2.9752798734559505e-6
703.9999999999999 2.9640565593800156e-6
705.0 2.9529226646519064e-6
706.0 2.9418771989754624e-6
707.0 2.9309191893778887e-6
708.0000000000001 2.9200476802057373e-6
709.0 2.9092617331592145e-6
710.0 2.8985604273340133e-6
710.9999999999999 2.8879428593141265e-6
712.0 2.8774081433073834e-6
713.0 2.8669554113027795e-6
714.0 2.8565838132745407e-6
715.0000000000001 2.8462925174271007e-6
716.0 2.8360807105019292e-6
717.0 2.825947598101553e-6
718.0 2.8158924050891162e-6
719.0000000000001 2.8059143760438464e-6
720.0 2.7960127757631456e-6
721.0 2.786186889828158e-6
721.9999999999999 2.7764360252422937e-6
723.0 2.7667595111448804e-6
724.0 2.757156699582117e-6
725.0 2.747626966365778e-6
726.0000000000001 2.7381697120308885e-6
727.0 2.7287843628644995e-6
728.0 2.7194703720326324e-6
729.0 2.710227220818559e-6
730.0 2.701054419958312e-6
731.0 2.691951511097378e-6
732.0 2.6829180683624552e-6
732.9999999999999 2.6739537000623805e-6
734.0 2.6650580505230464e-6
735.0 2.6562308020536856e-6
736.0 2.647471677100758e-6
737.0000000000001 2.6387804404976486e-6
738.0 2.630156901933177e-6
739.0 2.6216009185658046e-6
740.0 2.6131123978172267e-6
741.0 2.6046913003859887e-6
742.0 2.5963376433961686e-6
743.0 2.588051503819495e-6
743.9999999999999 2.5798330220613896e-6
745.0 2.571682405780153e-6
746.0 2.5635999339332965e-6
747.0 2.555585961039919e-6
748.0000000000001 2.547640921695586e-6
749.0 2.53976533529936e-6
750.0 2.5319598110406373e-6
751.0 2.524225053096348e-6
752.0 2.516561866082282e-6
753.0 2.508971160721384e-6
754.0 2.5014539597197604e-6
754.9999999999999 2.4940114038635375e-6
756.0 2.486644758291538e-6
757.0 2.4793554189216457e-6
758.0 2.472144919044492e-6
759.0000000000001 2.4650149359801185e-6
760.0 2.457967297816805e-6
761.0 2.4510039901693894e-6
762.0 2.4441271628574134e-6
763.0 2.4373391365139203e-6
764.0 2.4306424089588178e-6
765.0 2.4240396613289658e-6
765.9999999999999 2.417533763809062e-6
767.0 2.4111277808778985e-6
768.0 2.404824975927882e-6
769.0 2.3986288151565904e-6
770.0000000000001 2.392542970515414e-6
771.0 2.386571321633615e-6
772.0 2.380717956465983e-6
773.0 2.3749871705433517e-6
774.0 2.3693834645924613e-6
775.0 2.3639115403424998e-6
776.0 2.358576294317852e-6
776.9999999999999 2.3533828094293186e-6
778.0 2.3483363441410134e-6
779.0 2.3434423190621123e-6
780.0 2.338706300792144e-6
781.0000000000001 2.3341339828739805e-6
782.0 2.329731163774934e-6
783.0 2.3255037217997116e-6
784.0 2.3214575869520238e-6
785.0 2.3175987097784194e-6
786.0 2.3139330273033704e-6
787.0 2.3104664262416726e-6
787.9999999999999 2.3072047037409212e-6
789.0 2.304153526000184e-6
790.0 2.3013183851827406e-6
791.0 2.2987045551157697e-6
792.0000000000001 2.2963170463655783e-6
793.0 2.294160561306011e-6
794.0 2.292239449897836e-6
795.0 2.290557666890151e-6
796.0 2.2891187312050685e-6
797.0 2.287925688259563e-6
798.0 2.28698107595246e-6
798.9999999999999 2.2862868949880658e-6
800.0 2.2858445841743115e-6
801.0 2.2856550012025515e-6
802.0 2.2857184093302448e-6
803.0000000000001 2.2860344702565744e-6
804.0 2.286602243354334e-6
805.0 2.2874201912665977e-6
806.0 2.288486191744271e-6
807.0 2.2897975554603e-6
808.0 2.2913510494153472e-6
809.0 2.293142925430702e-6
809.9999999999999 2.295168953124296e-6
811.0 2.2974244567209297e-6
812.0 2.2999043549526513e-6
813.0 2.3026032033245293e-6
814.0000000000001 2.305515237979524e-6
815.0 2.3086344204346056e-6
816.0 2.311954482486233e-6
816.9999999999999 2.3154689706349448e-6
818.0 2.3191712894431203e-6
819.0 2.32305474331243e-6
820.0 2.327112576242635e-6
820.9999999999999 2.3313380092191708e-6
822.0 2.3357242749507243e-6
823.0 2.340264649761545e-6
824.0 2.344952482508785e-6
825.0000000000001 2.3497812204719837e-6
826.0 2.3547444322022925e-6
827.0 2.3598358273976145e-6
827.9999999999999 2.3650492738806594e-6
829.0 2.3703788118160507e-6
830.0 2.3758186653200015e-6
831.0 2.3813632516349003e-6
832.0000000000001 2.3870071880584067e-6
833.0 2.3927452968165948e-6
834.0 2.398572608085457e-6
835.0 2.404484361352561e-6
836.0000000000001 2.410476005312071e-6
837.0 2.4165431964725267e-6
838.0 2.4226817966587648e-6
838.9999999999999 2.428887869558933e-6
840.0 2.4351576764868294e-6
841.0 2.4414876714726695e-6
842.0 2.447874495833583e-6
843.0000000000001 2.454314972320816e-6
844.0 2.460806098950581e-6
845.0 2.4673450426070137e-6
846.0 2.4739291325026937e-6
847.0000000000001 2.4805558535567063e-6
848.0 2.4872228397479564e-6
849.0 2.493927867515107e-6
849.9999999999999 2.5006688492096195e-6
851.0 2.5074438266747264e-6
852.0 2.5142509649594395e-6
853.0 2.5210885461884462e-6
854.0000000000001 2.5279549636205334e-6
855.0 2.5348487159001483e-6
856.0 2.5417684015134883e-6
857.0 2.5487127134601105e-6
858.0 2.5556804341398353e-6
859.0 2.5626704304630387e-6
860.0 2.569681649173443e-6
860.9999999999999 2.5767131123938605e-6
862.0 2.5837639133896703e-6
863.0 2.590833212532171e-6
864.0 2.5979202334763203e-6
865.0000000000001 2.605024259530616e-6
866.0 2.6121446302292785e-6
867.0 2.6192807380782073e-6
868.0 2.6264320254874323e-6
869.0 2.633597981873013e-6
870.0 2.6407781409190503e-6
871.0 2.6479720780059343e-6
871.9999999999999 2.6551794077735435e-6
873.0 2.6623997818401687e-6
874.0 2.6696328866442815e-6
875.0 2.676878441423817e-6
876.0000000000001 2.684136196307747e-6
877.0 2.6914059305320124e-6
878.0 2.698687450749986e-6
879.0 2.7059805894637685e-6
880.0 2.7132852035280638e-6
881.0 2.720601172770227e-6
882.0 2.727928398672241e-6
882.9999999999999 2.7352668031501195e-6
884.0 2.742616327400667e-6
885.0 2.749976930820135e-6
886.0 2.7573485899895596e-6
887.0000000000001 2.764731297724261e-6
888.0 2.7721250621752754e-6
889.0 2.7795299059927465e-6
890.0 2.7869458655343094e-6
891.0 2.794372990125678e-6
892.0 2.8018113413594765e-6
893.0 2.8092609924403694e-6
893.9999999999999 2.8167220275626196e-6
895.0 2.8241945413278305e-6
896.0 2.8316786381888402e-6
897.0 2.8391744319279936e-6
898.0000000000001 2.8466820451645194e-6
899.0 2.854201608873333e-6
900.0 2.8617332619443082e-6
901.0 2.8692771507471577e-6
902.0 2.8768334287148537e-6
903.0 2.8844022559509115e-6
904.0 2.8919837988378103e-6
904.9999999999999 2.8995782296673165e-6
906.0 2.9071857262670813e-6
907.0 2.914806471644732e-6
908.0 2.9224406536226083e-6
909.0000000000001 2.9300884644887717e-6
910.0 2.9377501006292852e-6
911.0 2.945425762176307e-6
912.0 2.953115652627382e-6
913.0 2.9608199784807093e-6
914.0 2.9685389488329276e-6
915.0 2.976272774982329e-6
915.9999999999999 2.984021670001458e-6
917.0 2.9917858482902386e-6
918.0 2.999565525113584e-6
919.0 3.00736091609428e-6
920.0000000000001 3.0151722366825036e-6
921.0 3.0229997015856574e-6
922.0 3.0308435241561177e-6
923.0 3.0387039157316045e-6
924.0 3.046581084919046e-6
925.0 3.0544752368217877e-6
926.0 3.062386572203972e-6
926.9999999999999 3.0703152865747633e-6
928.0 3.07826156920041e-6
929.0 3.086225602019042e-6
930.0 3.0942075584676995e-6
931.0000000000001 3.102207602189386e-6
932.0 3.110225885636917e-6
933.0 3.1182625485356606e-6
934.0 3.1263177162067005e-6
935.0 3.1343914977427115e-6
936.0 3.142483984006236e-6
937.0 3.15059524544387e-6
937.9999999999999 3.158725329711894e-6
939.0 3.1668742590606594e-6
940.0 3.1750420275034317e-6
941.0 3.1832285977150853e-6
942.0000000000001 3.1914338976567365e-6
943.0 3.199657816893533e-6
944.0 3.2079002025946907e-6
944.9999999999999 3.21616085517598e-6
946.0 3.2244395235707705e-6
947.0 3.232735900097955e-6
948.0 3.2410496148965024e-6
948.9999999999999 3.2493802299112863e-6
950.0 3.2577272323873887e-6
951.0 3.2660900278600174e-6
952.0 3.274467932608168e-6
953.0000000000001 3.282860165559548e-6
954.0 3.291265839612764e-6
955.0 3.2996839523811934e-6
955.9999999999999 3.3081133763466575e-6
957.0 3.3165528484149536e-6
958.0 3.3250009589050875e-6
959.0 3.333456139991814e-6
959.9999999999999 3.341916653633489e-6
961.0 3.350380579081701e-6
962.0 3.358845800023397e-6
963.0 3.3673099915212893e-6
964.0000000000001 3.375770606862538e-6
965.0 3.38422486455531e-6
966.0 3.3926697356809905e-6
966.9999999999999 3.4011019319380486e-6
968.0 3.409517894705517e-6
969.0 3.4179137855793573e-6
970.0 3.42628547886847e-6
971.0000000000001 3.43462855665105e-6
972.0 3.4429383070433675e-6
973.0 3.451209726445476e-6
974.0 3.4594375265862517e-6
975.0000000000001 3.467616147308137e-6
976.0 3.475739776035704e-6
977.0 3.4838023749862554e-6
977.9999999999999 3.4917977171390598e-6
979.0 3.4997194320008147e-6
980.0 3.5075610621204397e-6
981.0 3.5153161311754106e-6
982.0000000000001 3.5229782242467523e-6
983.0 3.5305410806250106e-6
984.0 3.537998699099079e-6
985.0 3.54534545520934e-6
986.0 3.5525762293507484e-6
987.0 3.5596865439865083e-6
988.0 3.56667270743968e-6
988.9999999999999 3.573531961008373e-6
990.0 3.580262625317145e-6
991.0 3.586864241108674e-6
992.0 3.5933376990535092e-6
993.0000000000001 3.5996853527204357e-6
994.0 3.6059111086573214e-6
995.0 3.612020487683623e-6
996.0 3.6180206519980644e-6
997.0 3.623920393619974e-6
998.0 3.6297300810117974e-6
999.0 3.6354615623801483e-6
999.9999999999999 3.6411280261516417e-6
1001.0 3.646743821202139e-6
1002.0 3.6523242415724337e-6
1003.0 3.657885282373869e-6
1004.0000000000001 3.6634433752384214e-6
1005.0 3.669015112814691e-6
1006.0 3.6746169724265854e-6
1007.0 3.680265048916694e-6
1008.0 3.6859748059973406e-6
1009.0 3.6917608541611705e-6
1010.0 3.6976367614774892e-6
1010.9999999999999 3.7036149015893767e-6
1012.0 3.7097063411456984e-6
1013.0 3.7159207668377452e-6
1014.0 3.722266450429118e-6
1015.0000000000001 3.728750248670738e-6
1016.0 3.7353776339002185e-6
1017.0 3.742152750458215e-6
1018.0 3.749078491737085e-6
1019.0 3.756156592720583e-6
1020.0 3.7633877331436383e-6
1021.0 3.770771646904684e-6
1021.9999999999999 3.7783072339109164e-6
1023.0 3.7859926712051116e-6
1024.0 3.7938255208301006e-6
1025.0 3.8018028325019702e-6
1026.0 3.80992123968474e-6
1027.0 3.818177048152648e-6
1028.0 3.82656631648741e-6
1029.0 3.835084928312652e-6
1030.0 3.843728656279508e-6
1031.0 3.852493218069083e-6
1032.0 3.861374324750552e-6
1033.0 3.870367722001518e-6
1034.0 3.879469224706746e-6
1035.0 3.888674745523854e-6
1036.0 3.897980317998029e-6
1037.0 3.9073821148048145e-6
1038.0 3.916876461696599e-6
1039.0 3.926459847686268e-6
1040.0 3.9361289319692745e-6
1041.0 3.945880548051568e-6
1042.0 3.95571170552295e-6
1043.0 3.965619589834633e-6
1044.0 3.975601560462893e-6
1045.0 3.985655147723632e-6
1046.0 3.995778048546291e-6
1047.0 4.00596812141279e-6
1048.0 4.0162233806800585e-6
1049.0 4.026541990451455e-6
1050.0 4.036922258152064e-6
1051.0 4.047362627918205e-6
1052.0 4.057861673926282e-6
1053.0 4.0684180937151704e-6
1054.0 4.079030701598025e-6
1055.0 4.089698422201915e-6
1056.0 4.1004202841881904e-6
1057.0 4.111195414166486e-6
1058.0 4.122023030861039e-6
1059.0 4.1329024395054296e-6
1060.0 4.143833026506669e-6
1061.0 4.1548142543735736e-6
1062.0 4.165845656902876e-6
1063.0 4.1769268346395975e-6
1064.0 4.18805745058863e-6
1065.0 4.199237226189665e-6
1066.0 4.210465937525777e-6
1067.0 4.22174341178128e-6
1068.0 4.233069523919349e-6
1069.0 4.244444193576673e-6
1070.0 4.255867382171477e-6
1071.0 4.26733909019816e-6
1072.0 4.278859354715209e-6
1073.0 4.290428247004166e-6
1074.0 4.3020458703913904e-6
1075.0 4.313712358230245e-6
1076.0 4.3254278720245085e-6
1077.0 4.337192599687779e-6
1078.0 4.34900675392947e-6
1079.0 4.360870570765341e-6
1080.0 4.372784308131833e-6
1081.0 4.384748244609244e-6
1082.0 4.396762678237281e-6
1083.0 4.408827925421355e-6
1084.0 4.420944319931978e-6
1085.0 4.433112211965268e-6
1086.0 4.445331967288202e-6
1087.0 4.457603966447178e-6
1088.0 4.469928604041649e-6
1089.0 4.482306288054632e-6
1090.0 4.49473743923197e-6
1091.0 4.5072224905241345e-6
1092.0 4.5197618865598264e-6
1093.0 4.532356083178229e-6
1094.0 4.545005546988277e-6
1095.0 4.5577107549734546e-6
1096.0 4.570472194128918e-6
1097.0 4.583290361128114e-6
1098.0 4.596165762028268e-6
1099.0 4.609098911993807e-6
1100.0 4.622090335048439e-6
1101.0 4.635140563856037e-6
1102.0 4.648250139521004e-6
1103.0 4.661419611405773e-6
1104.0 4.674649536975597e-6
1105.0 4.6879404816555495e-6
1106.0 4.701293018705472e-6
1107.0 4.714707729112196e-6
1108.0 4.728185201497652e-6
1109.0 4.741726032036477e-6
1110.0 4.755330824386126e-6
1111.0 4.7690001896444135e-6
1112.0 4.782734746288903e-6
1113.0 4.796535120154759e-6
1114.0 4.810401944407548e-6
1115.0 4.8243358595330364e-6
1116.0 4.838337513326112e-6
1117.0 4.852407560896204e-6
1118.0 4.866546664683848e-6
1119.0 4.88075549446731e-6
1120.0 4.895034727395709e-6
1121.0 4.909385048020261e-6
1122.0 4.92380714832734e-6
1123.0 4.938301727784359e-6
1124.0 4.952869493389609e-6
1125.0 4.967511159725557e-6
1126.0 4.982227449017932e-6
1127.0 4.9970190911980775e-6
1128.0 5.011886823974605e-6
1129.0 5.026831392906617e-6
1130.0 5.04185355147407e-6
1131.0 5.056954061171531e-6
1132.0 5.072133691578774e-6
1133.0 5.087393220463132e-6
1134.0 5.102733433861286e-6
1135.0 5.118155126181283e-6
1136.0 5.133659100301253e-6
1137.0 5.149246167669939e-6
1138.0 5.164917148417437e-6
1139.0 5.180672871456649e-6
1140.0 5.196514174606515e-6
1141.0 5.21244190469636e-6
1142.0 5.228456917691052e-6
1143.0 5.2445600788094086e-6
1144.0 5.260752262652307e-6
1145.0 5.277034353325922e-6
1146.0 5.293407244570786e-6
1147.0 5.309871839900376e-6
1148.0 5.326429052729349e-6
1149.0 5.343079806519172e-6
1150.0 5.359825034915245e-6
1151.0 5.376665681888031e-6
1152.0 5.393602701886573e-6
1153.0 5.410637059983806e-6
1154.0 5.427769732027326e-6
1155.0 5.445001704799345e-6
1156.0 5.462333976170413e-6
1157.0 5.479767555261223e-6
1158.0 5.497303462604014e-6
1159.0 5.514942730311882e-6
1160.0 5.532686402247005e-6
1161.0 5.550535534190801e-6
1162.0 5.5684911940181885e-6
1163.0 5.586554461879325e-6
1164.0 5.604726430374383e-6
1165.0 5.623008204743291e-6
1166.0 5.6414009030459646e-6
1167.0 5.659905656352548e-6
1168.0 5.678523608942805e-6
1169.0 5.697255918494311e-6
1170.0 5.7161037562812665e-6
1171.0 5.735068307379682e-6
1172.0 5.754150770872513e-6
1173.0 5.773352360053181e-6
1174.0 5.792674302640393e-6
1175.0 5.812117840994095e-6
1176.0 5.831684232332734e-6
1177.0 5.851374748947353e-6
1178.0 5.871190678435671e-6
1179.0 5.89113332393179e-6
1180.0 5.911204004327089e-6
1181.0 5.931404054513431e-6
1182.0 5.951734825620876e-6
1183.0 5.9721976852559184e-6
1184.0 5.9927940177585996e-6
1185.0 6.013525224436895e-6
1186.0 6.034392723831482e-6
1187.0 6.055397951971307e-6
1188.0 6.076542362633099e-6
1189.0 6.0978274276053015e-6
1190.0 6.119254636957795e-6
1191.0 6.140825499321867e-6
1192.0 6.162541542154938e-6
1193.0 6.18440431203467e-6
1194.0 6.206415374934399e-6
1195.0 6.228576316519979e-6
1196.0 6.25088874243617e-6
1197.0 6.273354278613972e-6
1198.0 6.2959745715619874e-6
1199.0 6.3187512886877195e-6
1200.0 6.341686118595059e-6
1201.0 6.364780771404181e-6
1202.0 6.388036979076538e-6
1203.0 6.411456495735729e-6
1204.0 6.435041097993466e-6
1205.0 6.458792585291087e-6
1206.0 6.4827127802321e-6
1207.0 6.506803528927982e-6
1208.0 6.531066701345573e-6
1209.0 6.555504191656118e-6
1210.0 6.580117918601046e-6
1211.0 6.604909825848569e-6
1212.0 6.6298818823565085e-6
1213.0 6.6550360827545006e-6
1214.0 6.680374447710062e-6
1215.0 6.705899024321123e-6
1216.0 6.731611886491101e-6
1217.0 6.757515135326241e-6
1218.0 6.7836108995329535e-6
1219.0 6.8099013358167575e-6
1220.0 6.8363886292872835e-6
1221.0 6.8630749938678376e-6
1222.0 6.889962672716119e-6
1223.0 6.91705393864047e-6
1224.0 6.944351094523248e-6
1225.0 6.9718564737537425e-6
1226.0 6.999572440668327e-6
1227.0 7.027501390971853e-6
1228.0 7.055645752198991e-6
1229.0 7.084007984158165e-6
1230.0 7.11259057937721e-6
1231.0 7.141396063562045e-6
1232.0 7.170426996068995e-6
1233.0 7.199685970351917e-6
1234.0 7.229175614446616e-6
1235.0 7.258898591432002e-6
1236.0 7.288857599917487e-6
1237.0 7.319055374510372e-6
1238.0 7.349494686314277e-6
1239.0 7.380178343401153e-6
1240.0 7.411109191306044e-6
1241.0 7.442290113527221e-6
1242.0 7.4737240320047655e-6
1243.0 7.505413907631707e-6
1244.0 7.537362740742569e-6
1245.0 7.569573571612449e-6
1246.0 7.602049480974032e-6
1247.0 7.634793590492012e-6
1248.0 7.667809063297021e-6
1249.0 7.701099104453442e-6
1250.0 7.734666961492702e-6
1251.0 7.768515924895056e-6
1252.0 7.802649328592011e-6
1253.0 7.83707055046444e-6
1254.0 7.871783012840447e-6
1255.0 7.90679018297746e-6
1256.0 7.94209557355896e-6
1257.0 7.977702743172565e-6
1258.0 8.01361529677757e-6
1259.0 8.049836886190476e-6
1260.0 8.08637121054235e-6
1261.0 8.12322201673052e-6
1262.0 8.160393099862647e-6
1263.0 8.19788830369228e-6
1264.0 8.235711521049724e-6
1265.0 8.273866694257549e-6
1266.0 8.312357815500481e-6
1267.0 8.351188927236597e-6
1268.0 8.390364122549974e-6
1269.0 8.429887545500973e-6
1270.0 8.469763391453341e-6
1271.0 8.509995907373763e-6
1272.0 8.550589392128932e-6
1273.0 8.591548196723124e-6
1274.0 8.63287672454538e-6
1275.0 8.674579431558415e-6
1276.0 8.716660826477607e-6
1277.0 8.759125470892077e-6
1278.0 8.801977979377063e-6
1279.0 8.845223019539398e-6
1280.0 8.888865312041102e-6
1281.0 8.932909630568346e-6
1282.0 8.977360801755621e-6
1283.0 9.022223705050597e-6
1284.0 9.067503272532438e-6
1285.0 9.113204488671087e-6
1286.0 9.159332390013569e-6
1287.0 9.205892064813864e-6
1288.0 9.252888652579983e-6
1289.0 9.3003273435662e-6
1290.0 9.348213378149679e-6
1291.0 9.396552046149302e-6
1292.0 9.44534868605872e-6
1293.0 9.49460868412418e-6
1294.0 9.544337473404236e-6
1295.0 9.594540532660674e-6
1296.0 9.645223385129078e-6
1297.0 9.696391597218104e-6
1298.0 9.748050777011304e-6
1299.0 9.80020657267912e-6
1300.0 9.852864670726092e-6
1301.0 9.90603079407267e-6
1302.0 9.959710699982532e-6
1303.0 1.0013910177825331e-5
1304.0 1.0068635046615734e-5
1305.0 1.0123891152426281e-5
1306.0000000000002 1.0179684365507503e-5
1307.0 1.0236020577250519e-5
1308.0 1.0292905696907794e-5
1308.9999999999998 1.0350345648063944e-5
1310.0 1.0408346364840202e-5
1311.0 1.0466913787843197e-5
1312.0 1.0526053859837008e-5
1313.0 1.058577252107043e-5
1314.0 1.0646075704356013e-5
1315.0 1.0706969329740144e-5
1316.0 1.0768459298883681e-5
1317.0000000000002 1.0830551489038545e-5
1318.0 1.0893251746639105e-5
1319.0 1.0956565880488669e-5
1319.9999999999998 1.1020499654525824e-5
1321.0 1.1085058780118952e-5
1322.0 1.11502489078884e-5
1323.0 1.121607561905718e-5
1324.0 1.128254441622917e-5
1325.0 1.1349660713682134e-5
1326.0 1.1417429827023011e-5
1327.0 1.1485856962271147e-5
1328.0000000000002 1.155494720432581e-5
1329.0 1.1624705504744344e-5
1330.0 1.1695136668833098e-5
1330.9999999999998 1.1766245342043184e-5
1332.0 1.1838035995571762e-5
1333.0 1.1910512911216701e-5
1334.0 1.1983680165368882e-5
1335.0 1.2057541612193012e-5
1336.0 1.2132100865877657e-5
1337.0 1.220736128197778e-5
1338.0 1.2283325937782136e-5
1339.0000000000002 1.2359997611682826e-5
1340.0 1.2437378761508136e-5
1341.0 1.2515471501764825e-5
1341.9999999999998 1.2594277579755095e-5
1343.0 1.2673798350588392e-5
1344.0 1.2754034750908655e-5
1345.0 1.2834987271461274e-5
1346.0 1.2916655928370987e-5
1347.0 1.2999040233081854e-5
1348.0 1.3082139160996287e-5
1349.0 1.3165951118693522e-5
1350.0000000000002 1.3250473909763424e-5
1351.0 1.3335704699217303e-5
1352.0 1.3421639976344674e-5
1352.9999999999998 1.3508275516178857e-5
1354.0 1.3595606339375133e-5
1355.0 1.3683626670596506e-5
1356.0 1.3772329895311246e-5
1357.0 1.3861708515073098e-5
1358.0 1.3951754101231313e-5
1359.0 1.4042457247081193e-5
1360.0 1.4133807518507144e-5
1361.0000000000002 1.4225793403068825e-5
1362.0 1.4318402257642171e-5
1363.0 1.441162025461988e-5
1363.9999999999998 1.4505432326674039e-5
1365.0 1.4599822110251573e-5
1366.0 1.4694771887816751e-5
1366.9999999999998 1.4790262528917034e-5
1368.0 1.4886273430258039e-5
1369.0 1.4982782454830318e-5
1370.0 1.5079765870288772e-5
1371.0 1.5177198286781197e-5
1372.0000000000002 1.5275052594305903e-5
1373.0 1.5373299899936177e-5
1374.0 1.5471909465071434e-5
1374.9999999999998 1.5570848643002712e-5
1376.0 1.5670082817096213e-5
1377.0 1.5769575339865865e-5
1377.9999999999998 1.586928747333665e-5
1379.0 1.596917833105916e-5
1380.0 1.60692048221587e-5
1381.0 1.6169321597916677e-5
1382.0 1.6269481001229718e-5
1383.0000000000002 1.636963301967234e-5
1384.0 1.6469725242438e-5
1385.0 1.656970282197439e-5
1385.9999999999998 1.6669508440646667e-5
1387.0 1.6769082283304775e-5
1388.0 1.6868362016313104e-5
1388.9999999999998 1.6967282773538863e-5
1390.0 1.706577715037289e-5
1391.0 1.7163775206097514e-5
1392.0 1.7261204475585297e-5
1393.0 1.735798999102157e-5
1394.0000000000002 1.7454054314173384e-5
1395.0 1.75493175802908e-5
1396.0 1.7643697554004556e-5
1396.9999999999998 1.773710969811162e-5
1398.0 1.7829467255830512e-5
1399.0 1.7920681347164413e-5
1399.9999999999998 1.801066107990154e-5
1401.0 1.8099313675758735e-5
1402.0 1.8186544612171866e-5
1403.0 1.8272257779896425e-5
1404.0 1.8356355656829317e-5
1405.0000000000002 1.8438739498068255e-5
1406.0 1.8519309542266317e-5
1407.0 1.8597965234129595e-5
1407.9999999999998 1.8674605462756247e-5
1409.0 1.874912881544468e-5
1410.0 1.882143384631848e-5
1410.9999999999998 1.8891419359013484e-5
1412.0 1.8958984702537287e-5
1413.0 1.9024030079094786e-5
1414.0 1.9086456862615495e-5
1415.0 1.9146167926545146e-5
1416.0000000000002 1.9203067979157817e-5
1417.0 1.9257063904642207e-5
1418.0 1.9308065107920627e-5
1419.0000000000002 1.9355983861139403e-5
1420.0 1.9400735649489364e-5
1421.0 1.9442239514122306e-5
1421.9999999999998 1.9480418389580356e-5
1423.0 1.951519943333716e-5
1424.0 1.9546514344864787e-5
1425.0 1.9574299671676924e-5
1426.0 1.9598497099902207e-5
1427.0000000000002 1.9619053726821098e-5
1428.0 1.963592231312356e-5
1429.0 1.9649061512572672e-5
1430.0000000000002 1.965843607701799e-5
1431.0 1.9664017034872235e-5
1432.0 1.966578184137595e-5
1432.9999999999998 1.9663714499186126e-5
1434.0 1.9657805648133352e-5
1435.0 1.964805262325235e-5
1436.0 1.9634459480477167e-5
1437.0 1.9617036989711643e-5
1438.0000000000002 1.9595802595266886e-5
1439.0 1.9570780344039648e-5
1440.0 1.9542000782001353e-5
1441.0000000000002 1.9509500819968415e-5
1442.0 1.9473323569837697e-5
1443.0 1.9433518152776072e-5
1443.9999999999998 1.939013948105996e-5
1445.0 1.9343248015511836e-5
1446.0 1.9292909500639803e-5
1447.0 1.923919467976668e-5
1448.0 1.9182178992562776e-5
1449.0000000000002 1.912194225741719e-5
1450.0 1.9058568341320007e-5
1451.0 1.899214481973777e-5
1452.0000000000002 1.892276262908866e-5
1453.0 1.8850515714408716e-5
1454.0 1.8775500674663643e-5
1454.9999999999998 1.8697816408062747e-5
1456.0 1.8617563759790612e-5
1457.0 1.853484517414373e-5
1458.0 1.8449764353192887e-5
1459.0 1.8362425923870762e-5
1460.0 1.8272935114952384e-5
1461.0 1.8181397445651285e-5
1462.0 1.8087918426995003e-5
1463.0000000000002 1.799260327718465e-5
1464.0 1.789555665181365e-5
1465.0 1.779688238974291e-5
1465.9999999999998 1.769668327522581e-5
1467.0 1.7595060816603686e-5
1468.0 1.7492115041977522e-5
1469.0 1.738794431181535e-5
1470.0 1.7282645148504868e-5
1471.0 1.717631208274013e-5
1472.0 1.706903751639479e-5
1473.0 1.6960911601518935e-5
1474.0000000000002 1.6852022135020786e-5
1475.0 1.6742454468480786e-5
1476.0 1.663229143243605e-5
1476.9999999999998 1.6521613274576684e-5
1478.0 1.6410497611030374e-5
1479.0 1.6299019390137168e-5
1480.0 1.6187250867774267e-5
1481.0 1.607526159371391e-5
1482.0 1.596311840798571e-5
1483.0 1.5850885446592924e-5
1484.0 1.5738624155903296e-5
1485.0000000000002 1.5626393314785996e-5
1486.0 1.551424906382667e-5
1487.0 1.5402244941075956e-5
1487.9999999999998 1.5290431923356318e-5
1489.0 1.5178858472727617e-5
1490.0 1.5067570587361491e-5
1491.0 1.4956611856275344e-5
1492.0 1.4846023517342338e-5
1493.0 1.4735844518124056e-5
1494.0 1.4626111578929027e-5
1495.0 1.4516859257764785e-5
1496.0000000000002 1.4408120016645424e-5
1497.0 1.4299924289005115e-5
1498.0 1.41923005476958e-5
1498.9999999999998 1.4085275373432339e-5
1500.0 1.3978873523203575e-5
1501.0 1.3873117998557937e-5
1502.0 1.3768030113391497e-5
1503.0 1.3663629561106454e-5
1504.0 1.3559934480909856e-5
1505.0 1.3456961523126146e-5
1506.0 1.335472591332677e-5
1507.0000000000002 1.3253241515228638e-5
1508.0 1.3152520892153104e-5
1509.0 1.3052575367044265e-5
1509.9999999999998 1.2953415080976844e-5
1511.0 1.2855049049970264e-5
1512.0 1.2757485220245107e-5
1513.0 1.2660730521748295e-5
1514.0 1.2564790919971742e-5
1515.0 1.2469671466042323e-5
1516.0 1.23753763451328e-5
1517.0 1.2281908923069003e-5
1518.0000000000002 1.2189271791284885e-5
1519.0 1.2097466810040934e-5
1520.0 1.2006495149981563e-5
1520.9999999999998 1.1916357332021195e-5
1522.0 1.1827053265585916e-5
1523.0 1.173858228532745e-5
1524.0 1.1650943186184667e-5
1525.0 1.1564134256991005e-5
1526.0 1.1478153312555853e-5
1527.0 1.1392997724344464e-5
1528.0 1.1308664449692726e-5
1529.0000000000002 1.1225150059763596e-5
1530.0 1.114245076605676e-5
1531.0 1.1060562445782127e-5
1531.9999999999998 1.0979480665890251e-5
1533.0 1.0899200706012559e-5
1534.0 1.0819717580178586e-5
1535.0 1.0741026057535084e-5
1536.0 1.0663120681876973e-5
1537.0 1.0585995790300454e-5
1538.0 1.050964553079058e-5
1539.0 1.0434063878928547e-5
1540.0000000000002 1.0359244653676582e-5
1541.0 1.0285181532307934e-5
1542.0 1.0211868064530787e-5
1542.9999999999998 1.0139297685851703e-5
1544.0 1.0067463730139597e-5
1545.0 9.996359441495835e-6
1546.0 9.925977985495394e-6
1547.0 9.85631245968545e-6
1548.0 9.787355903555535e-6
1549.0 9.719101307854405e-6
1550.0 9.651541623374222e-6
1551.0000000000002 9.584669769200592e-6
1552.0 9.518478640457123e-6
1553.0 9.452961115540726e-6
1553.9999999999998 9.388110062952664e-6
1555.0 9.323918347626287e-6
1556.0 9.260378836903809e-6
1557.0 9.19748440607856e-6
1558.0 9.135227943580445e-6
1559.0 9.073602355819425e-6
1560.0 9.012600571678432e-6
1561.0 8.952215546698115e-6
1562.0000000000002 8.892440266949077e-6
1563.0 8.833267752654656e-6
1564.0 8.774691061497356e-6
1564.9999999999998 8.71670329171467e-6
1566.0 8.659297584933849e-6
1567.0 8.602467128780532e-6
1568.0 8.546205159278964e-6
1569.0 8.49050496305223e-6
1570.0 8.435359879317644e-6
1571.0 8.380763301739146e-6
1572.0 8.326708680051223e-6
1573.0000000000002 8.273189521579976e-6
1574.0 8.220199392590517e-6
1575.0 8.167731919482126e-6
1575.9999999999998 8.115780789877249e-6
1577.0 8.064339753556387e-6
1578.0 8.013402623297062e-6
1579.0 7.962963275602085e-6
1580.0 7.913015651303226e-6
1581.0 7.863553756094023e-6
1582.0 7.814571660953516e-6
1583.0 7.766063502489301e-6
1584.0000000000002 7.718023483216807e-6
1585.0 7.67044587173088e-6
1586.0 7.623325002835269e-6
1586.9999999999998 7.576655277603775e-6
1588.0 7.530431163363485e-6
1589.0 7.484647193644652e-6
1590.0 7.439297968060158e-6
1591.0 7.3943781521446404e-6
1592.0 7.349882477143999e-6
1593.0 7.3058057397648e-6
1594.0 7.262142801890217e-6
1595.0000000000002 7.2188885902466305e-6
1596.0 7.1760380960466e-6
1597.0 7.1335863746044475e-6
1597.9999999999998 7.091528544906199e-6
1599.0 7.049859789183394e-6
1600.0 7.008575352422048e-6
1601.0 6.96767054189983e-6
1602.0 6.927140726649698e-6
1603.0 6.8869813369524525e-6
1604.0 6.847187863787234e-6
1605.0 6.80775585827375e-6
1606.0000000000002 6.768680931094539e-6
1607.0 6.729958751924417e-6
1608.0 6.691585048829392e-6
1608.9999999999998 6.653555607668255e-6
1610.0 6.615866271479726e-6
1611.0 6.578512939869533e-6
1612.0 6.541491568384405e-6
1613.0 6.504798167891303e-6
1614.0 6.46842880393255e-6
1615.0 6.432379596120974e-6
1616.0 6.396646717468028e-6
1617.0000000000002 6.361226393768875e-6
1618.0 6.326114902964204e-6
1619.0 6.291308574497572e-6
1619.9999999999998 6.2568037886701e-6
1621.0 6.222596976021489e-6
1622.0 6.188684616678954e-6
1622.9999999999998 6.155063239733758e-6
1624.0 6.121729422613127e-6
1625.0 6.088679790444168e-6
1626.0 6.055911015430722e-6
1627.0 6.02341981624582e-6
1628.0000000000002 5.9912029574050045e-6
1629.0 5.959257248651646e-6
1630.0 5.927579544360662e-6
1630.9999999999998 5.896166742925499e-6
1632.0 5.865015786171769e-6
1633.0 5.834123658752262e-6
1633.9999999999998 5.803487387573409e-6
1635.0 5.773104041207028e-6
1636.0 5.742970729315873e-6
1637.0 5.713084602089446e-6
1638.0 5.683442849676026e-6
1639.0000000000002 5.654042701628511e-6
1640.0 5.624881426351113e-6
1641.0 5.5959563305601675e-6
1641.9999999999998 5.567264758743427e-6
1643.0 5.538804092629702e-6
1644.0 5.5105717506649315e-6
1644.9999999999998 5.482565187490791e-6
1646.0 5.454781893439754e-6
1647.0 5.4272193940266385e-6
1648.0 5.39987524944772e-6
1649.0 5.3727470540968904e-6
1650.0000000000002 5.345832436076543e-6
1651.0 5.319129056714735e-6
1652.0 5.2926346101035616e-6
1652.9999999999998 5.2663468226296365e-6
1654.0 5.240263452518053e-6
1655.0 5.214382289372271e-6
1655.9999999999998 5.188701153746337e-6
1657.0 5.163217896682537e-6
1658.0 5.137930399305811e-6
1659.0 5.112836572377933e-6
1660.0 5.08793435588635e-6
1661.0000000000002 5.0632217186329685e-6
1662.0 5.038696657819506e-6
1663.0 5.0143571986563275e-6
1664.0000000000002 4.990201393964293e-6
1665.0 4.9662273237802225e-6
1666.0 4.942433094987244e-6
1666.9999999999998 4.918816840923857e-6
1668.0 4.895376721026385e-6
1669.0 4.872110920452123e-6
1670.0 4.84901764973142e-6
1671.0 4.826095144404939e-6
1672.0000000000002 4.8033416646786536e-6
1673.0 4.780755495081715e-6
1674.0 4.758334944130345e-6
1675.0000000000002 4.736078343990072e-6
1676.0 4.7139840501552565e-6
1677.0 4.692050441124053e-6
1677.9999999999998 4.670275918078391e-6
1679.0 4.648658904577074e-6
1680.0 4.627197846247055e-6
1681.0 4.605891210478115e-6
1682.0 4.584737486125088e-6
1683.0000000000002 4.563735183217482e-6
1684.0 4.542882832665884e-6
1685.0 4.522178985981059e-6
1686.0000000000002 4.501622214988939e-6
1687.0 4.481211111556121e-6
1688.0 4.460944287317826e-6
1688.9999999999998 4.440820373403824e-6
1690.0 4.420838020179707e-6
1691.0 4.400995896980682e-6
1692.0 4.381292691851955e-6
1693.0 4.3617271112996005e-6
1694.0000000000002 4.34229788003192e-6
1695.0 4.3230037407162565e-6
1696.0 4.303843453730732e-6
1697.0000000000002 4.284815796916473e-6
1698.0 4.265919565349209e-6
1699.0 4.247153571092709e-6
1699.9999999999998 4.2285166429635375e-6
1701.0 4.2100076263026185e-6
1702.0 4.1916253827435736e-6
1703.0 4.1733687899846655e-6
1704.0 4.155236741554054e-6
1705.0000000000002 4.13722814660188e-6
1706.0 4.1193419296586635e-6
1707.0 4.101577030427705e-6
1708.0000000000002 4.083932403555613e-6
1709.0 4.0664070184174276e-6
1710.0 4.048999858900785e-6
1710.9999999999998 4.0317099231822395e-6
1712.0 4.0145362235147886e-6
1713.0 3.997477786013639e-6
1714.0 3.980533650435841e-6
1715.0 3.963702869970883e-6
1716.0 3.946984511019852e-6
1717.0 3.930377652984419e-6
1718.0 3.913881388051606e-6
1719.0000000000002 3.897494820973247e-6
1720.0 3.881217068858746e-6
1721.0 3.865047260948386e-6
1721.9999999999998 3.84898453840159e-6
1723.0 3.833028054078555e-6
1724.0 3.8171769723161105e-6
1725.0 3.8014304687140027e-6
1726.0 3.7857877299027432e-6
1727.0 3.7702479533267427e-6
1728.0 3.7548103470188943e-6
1729.0 3.739474129369063e-6
1730.0000000000002 3.7242385288939987e-6
1731.0 3.7091027840111797e-6
1732.0 3.6940661427995514e-6
1732.9999999999998 3.6791278627642593e-6
1734.0 3.664287210602361e-6
1735.0 3.649543461952605e-6
1736.0 3.6348959011610828e-6
1737.0 3.6203438210272803e-6
1738.0 3.605886522559733e-6
1739.0 3.59152331471696e-6
1740.0 3.577253514161071e-6
1741.0000000000002 3.5630764449937877e-6
1742.0 3.5489914384937473e-6
1743.0 3.5349978328569693e-6
1743.9999999999998 3.5210949729274088e-6
1745.0 3.507282209926223e-6
1746.0 3.4935589011814177e-6
1747.0 3.47992440984826e-6
1748.0 3.466378104634547e-6
1749.0 3.4529193595171077e-6
1750.0 3.439547553459397e-6
1751.0 3.4262620701264777e-6
1752.0000000000002 3.4130622975953717e-6
1753.0 3.3999476280652256e-6
1754.0 3.3869174575691314e-6
1754.9999999999998 3.3739711856744307e-6
1756.0 3.3611082151970196e-6
1757.0 3.348327951899411e-6
1758.0 3.3356298041991485e-6
1759.0 3.3230131828729513e-6
1760.0 3.310477500759536e-6
1761.0 3.2980221724688433e-6
1762.0 3.285646614083051e-6
1763.0000000000002 3.2733502428725066e-6
1764.0 3.261132477000121e-6
1765.0 3.2489927352366883e-6
1765.9999999999998 3.236930436681726e-6
1767.0 3.2249450004757564e-6
1768.0 3.213035845535462e-6
1769.0 3.2012023902744217e-6
1770.0 3.1894440523480776e-6
1771.0 3.1777602483924915e-6
1772.0 3.1661503937731177e-6
1773.0 3.154613902348521e-6
1774.0000000000002 3.143150186233245e-6
1775.0 3.1317586555756875e-6
1776.0 3.120438718343732e-6
1776.9999999999998 3.109189780127943e-6
1778.0 3.0980112439464145e-6
1779.0 3.0869025100671164e-6
1780.0 3.0758629758503627e-6
1781.0 3.0648920355915637e-6
1782.0 3.0539890803896886e-6
1783.0 3.0431534980268666e-6
1784.0 3.0323846728683056e-6
1785.0000000000002 3.0216819857730844e-6
1786.0 3.0110448140242283e-6
1787.0 3.0004725312849634e-6
1787.9999999999998 2.9899645075581183e-6
1789.0 2.9795201091836897e-6
1790.0 2.9691386988352673e-6
1791.0 2.958819635557681e-6
1792.0 2.9485622748090373e-6
1793.0 2.9383659685290618e-6
1794.0 2.9282300652330966e-6
1795.0 2.9181539101169746e-6
1796.0000000000002 2.9081368451923187e-6
1797.0 2.898178209437453e-6
1798.0 2.888277338971614e-6
1798.9999999999998 2.8784335672487733e-6
1800.0 2.8686462252707975e-6
1801.0 2.8589146418264656e-6
1802.0 2.8492381437394036e-6
1803.0 2.8396160561478798e-6
1804.0 2.8300477027915773e-6
1805.0 2.820532406323023e-6
1806.0 2.8110694886341273e-6
1807.0000000000002 2.8016582711990237e-6
1808.0 2.7922980754306936e-6
1809.0 2.7829882230496794e-6
1809.9999999999998 2.7737280364745645e-6
1811.0 2.7645168392111257e-6
1812.0 2.755353956262379e-6
1813.0 2.7462387145442704e-6
1814.0 2.7371704433073343e-6
1815.0 2.7281484745660967e-6
1816.0 2.719172143534055e-6
1817.0 2.7102407890632238e-6
1818.0000000000002 2.7013537540809313e-6
1819.0 2.6925103860324086e-6
1820.0 2.6837100373187704e-6
1820.9999999999998 2.674952065736031e-6
1822.0 2.6662358349037246e-6
1823.0 2.657560714696081e-6
1824.0 2.6489260816591545e-6
1825.0 2.6403313194258557e-6
1826.0 2.631775819113571e-6
1827.0 2.6232589797183927e-6
1828.0 2.6147802084931004e-6
1829.0000000000002 2.606338921308048e-6
1830.0 2.5979345430076582e-6
1831.0 2.589566507738602e-6
1831.9999999999998 2.5812342592700127e-6
1833.0 2.572937251293227e-6
1834.0 2.564674947700598e-6
1835.0 2.5564468228479524e-6
1836.0 2.5482523617972216e-6
1837.0 2.540091060536228e-6
1838.0 2.531962426179203e-6
1839.0 2.523865977144341e-6
1840.0000000000002 2.5158012433126967e-6
1841.0 2.5077677661612735e-6
1842.0 2.4997650988782516e-6
1842.9999999999998 2.4917928064529136e-6
1844.0 2.4838504657458212e-6
1845.0 2.4759376655362723e-6
1846.0 2.4680540065508157e-6
1847.0 2.4601991014665997e-6
1848.0 2.4523725748971594e-6
1849.0 2.444574063358628e-6
1850.0 2.43680321521448e-6
1851.0000000000002 2.4290596906001087e-6
1852.0 2.4213431613368394e-6
1853.0 2.41365331081545e-6
1853.9999999999998 2.4059898338773912e-6
1855.0 2.398352436666984e-6
1856.0 2.390740836478998e-6
1857.0 2.3831547615855e-6
1858.0 2.3755939510525317e-6
1859.0 2.368058154541518e-6
1860.0 2.3605471321040885e-6
1861.0 2.3530606539587306e-6
1862.0000000000002 2.345598500266841e-6
1863.0 2.338160460892937e-6
1864.0 2.3307463351607004e-6
1864.9999999999998 2.323355931599508e-6
1866.0 2.3159890676888146e-6
1867.0 2.308645569593754e-6
1868.0 2.301325271898819e-6
1869.0 2.2940280173360017e-6
1870.0 2.286753656513304e-6
1871.0 2.27950204763837e-6
1872.0 2.272273056243659e-6
1873.0000000000002 2.265066554908263e-6
1874.0 2.2578824229844564e-6
1875.0 2.250720546320973e-6
1875.9999999999998 2.2435808169898333e-6
1877.0 2.2364631330152005e-6
1878.0 2.2293673981055817e-6
1878.9999999999998 2.2222935213876586e-6
1880.0 2.2152414171462205e-6
1881.0 2.2082110045640223e-6
1882.0 2.201202207473329e-6
1883.0 2.194214954103414e-6
1884.0000000000002 2.187249176841282e-6
1885.0 2.1803048119934027e-6
1886.0 2.173381799553361e-6
1886.9999999999998 2.1664800829781726e-6
1888.0 2.1595996089688328e-6
1889.0 2.1527403272554334e-6
1889.9999999999998 2.1459021903940352e-6
1891.0 2.1390851535650186e-6
1892.0 2.1322891743801567e-6
1893.0 2.125514212697294e-6
1894.0 2.1187602304402266e-6
1895.0000000000002 2.112027191425994e-6
1896.0 2.1053150611997353e-6
1897.0 2.098623806874994e-6
1897.9999999999998 2.091953396980931e-6
1899.0 2.0853038013178655e-6
1900.0 2.0786749908176263e-6
1900.9999999999998 2.07206693741076e-6
1902.0 2.065479613899844e-6
1903.0 2.0589129938419435e-6
1904.0 2.052367051432131e-6
1905.0 2.0458417613973344e-6
1906.0000000000002 2.0393370988941583e-6
1907.0 2.0328530394131095e-6
1908.0 2.0263895586888794e-6
1908.9999999999998 2.019946632614395e-6
1910.0 2.0135242371616825e-6
1911.0 2.0071223483077978e-6
1911.9999999999998 2.0007409419647603e-6
1913.0 1.9943799939152548e-6
1914.0 1.988039479753381e-6
1915.0 1.981719374827935e-6
1916.0 1.9754196541912225e-6
1917.0000000000002 1.96914029255343e-6
1918.0 1.9628812642385487e-6
1919.0 1.9566425431447146e-6
1919.9999999999998 1.9504241027099648e-6
1921.0 1.9442259158787484e-6
1922.0 1.9380479550740696e-6
1922.9999999999998 1.931890192171392e-6
1924.0 1.92575259847686e-6
1925.0 1.919635144705985e-6
1926.0 1.9135378009697416e-6
1927.0 1.907460536756617e-6
1928.0000000000002 1.901403320922761e-6
1929.0 1.8953661216830263e-6
1930.0 1.8893489066017479e-6
1931.0000000000002 1.8833516425900183e-6
1932.0 1.877374295898712e-6
1933.0 1.871416832120275e-6
1933.9999999999998 1.86547921618809e-6
1935.0 1.85956141237758e-6
1936.0 1.853663384310133e-6
1937.0 1.8477850949574054e-6
1938.0 1.841926506648492e-6
1939.0000000000002 1.83608758107629e-6
1940.0 1.830268279305427e-6
1941.0 1.824468561783193e-6
1942.0000000000002 1.818688388348198e-6
1943.0 1.8129277182436156e-6
1944.0 1.807186510128316e-6
1944.9999999999998 1.8014647220892086e-6
1946.0 1.7957623116552583e-6
1947.0 1.790079235812255e-6
1948.0 1.7844154510161953e-6
1949.0 1.7787709132098065e-6
1950.0000000000002 1.7731455778374954e-6
1951.0 1.7675393998613913e-6
1952.0 1.7619523337776474e-6
1953.0000000000002 1.756384333633519e-6
1954.0 1.7508353530429472e-6
1955.0 1.7453053452066621e-6
1955.9999999999998 1.7397942629256376e-6
1957.0 1.7343020586205163e-6
1958.0 1.7288286843501881e-6
1959.0 1.7233740918266438e-6
1960.0 1.7179382324357742e-6
1961.0000000000002 1.712521057251641e-6
1962.0 1.7071225170568122e-6
1963.0 1.701742562359821e-6
1964.0000000000002 1.6963811434097372e-6
1965.0 1.6910382102179845e-6
1966.0 1.6857137125721561e-6
1966.9999999999998 1.6804076000559256e-6
1968.0 1.6751198220638466e-6
1969.0 1.6698503278203669e-6
1970.0 1.664599066395002e-6
1971.0 1.6593659867209064e-6
1972.0 1.6541510376099494e-6
1973.0 1.648954167768945e-6
1974.0 1.6437753258169019e-6
1975.0000000000002 1.638614460300267e-6
1976.0 1.6334715197080226e-6
1977.0 1.6283464524890837e-6
1977.9999999999998 1.6232392070658829e-6
1979.0 1.6181497318494757e-6
1980.0 1.6130779752562727e-6
1981.0 1.6080238857195422e-6
1982.0 1.6029874117069577e-6
1983.0 1.5979685017326678e-6
1984.0 1.5929671043715598e-6
1985.0 1.5879831682737454e-6
1986.0000000000002 1.5830166421772985e-6
1987.0 1.5780674749214873e-6
1988.0 1.573135615459932e-6
1988.9999999999998 1.5682210128733518e-6
1990.0 1.5633236163817718e-6
1991.0 1.5584433753568917e-6
1992.0 1.5535802393350789e-6
1993.0 1.548734158026606e-6
1994.0 1.5439050813301852e-6
1995.0 1.5390929593425096e-6
1996.0 1.5342977423707738e-6
1997.0000000000002 1.5295193809410925e-6
1998.0 1.5247578258121125e-6
1999.0 1.5200130279841525e-6
1999.9999999999998 1.5152849387085095e-6
