0.0 1.986653264691095e-5
1.0 1.986723793540357e-5
2.0 1.9869354101823342e-5
3.0 1.9872882049278393e-5
4.0 1.987782328390224e-5
5.0 1.9884179916508424e-5
6.0 1.9891954665204595e-5
7.0 1.990115085768347e-5
8.0 1.9911772435026708e-5
9.0 1.9923823956231893e-5
10.0 1.9937310602861694e-5
10.999999999999998 1.995223818428607e-5
12.0 1.996861314466582e-5
13.000000000000002 1.998644256955101e-5
14.0 2.000573419338056e-5
14.999999999999998 2.0026496408400386e-5
16.0 2.004873827349088e-5
17.0 2.0072469524315383e-5
18.0 2.0097700583948074e-5
19.0 2.0124442574474135e-5
20.0 2.0152707329780305e-5
21.0 2.0182507408317268e-5
21.999999999999996 2.0213856107354703e-5
23.0 2.024676747844455e-5
24.0 2.0281256343131425e-5
25.0 2.031733831041146e-5
26.000000000000004 2.0355029794194978e-5
27.0 2.0394348032917513e-5
28.0 2.0435311109872195e-5
29.0 2.0477937974375342e-5
29.999999999999996 2.0522248464490577e-5
31.0 2.056826333101254e-5
32.0 2.0616004262687277e-5
33.0 2.0665493912485963e-5
34.0 2.0716755926081506e-5
35.0 2.0769814971340234e-5
36.0 2.08246967685488e-5
37.0 2.0881428124803244e-5
38.0 2.0940036966972407e-5
39.0 2.10005523787813e-5
40.0 2.106300463895768e-5
41.0 2.112742526116964e-5
42.0 2.1193847036942473e-5
43.0 2.1262304079525598e-5
43.99999999999999 2.1332831871451564e-5
45.0 2.140546731348689e-5
46.0 2.1480248776976705e-5
47.0 2.1557216158562418e-5
48.0 2.1636410937449766e-5
49.0 2.171787623694646e-5
50.0 2.1801656887826414e-5
51.0 2.188779949594461e-5
52.00000000000001 2.197635251390917e-5
53.0 2.2067366314978117e-5
54.0 2.2160893272839067e-5
55.0 2.225698784560516e-5
56.0 2.2355706662389505e-5
57.0 2.2457108617697964e-5
58.0 2.2561254968338326e-5
59.0 2.2668209438413546e-5
59.99999999999999 2.277803832805269e-5
61.0 2.289081062931635e-5
62.0 2.300659814908324e-5
63.0 2.312547563855262e-5
64.0 2.324752093093658e-5
65.0 2.33728150862522e-5
66.0 2.3501442545916214e-5
67.0 2.363349129601245e-5
68.0 2.3769053040728428e-5
69.0 2.3908223386097586e-5
70.0 2.4051102035660344e-5
71.0 2.4197792997601712e-5
72.0 2.434840480553735e-5
73.0 2.4503050753545178e-5
74.0 2.4661849145092887e-5
75.0 2.482492355991268e-5
76.0 2.499240313722764e-5
77.0 2.5164422877723315e-5
78.0 2.534112396588966e-5
79.0 2.552265411600125e-5
80.0 2.570916793762129e-5
81.0 2.590082733105717e-5
82.0 2.6097801907796796e-5
83.00000000000001 2.630026944128023e-5
84.0 2.6508416350284105e-5
85.0 2.6722438217273947e-5
86.0 2.694254034439791e-5
87.0 2.7168938352406662e-5
87.99999999999999 2.7401858821037595e-5
89.0 2.7641539982817983e-5
90.0 2.78882324674399e-5
91.0 2.814220010334267e-5
92.0 2.8403720786544405e-5
92.99999999999999 2.8673087416008187e-5
94.0 2.8950608905098464e-5
95.0 2.923661127819173e-5
96.0 2.9531438856821244e-5
97.0 2.9835455548282227e-5
98.0 3.0149046242397683e-5
99.00000000000001 3.0472618333164946e-5
100.0 3.080660337047706e-5
101.0 3.115145886521193e-5
102.0 3.150767025306506e-5
103.0 3.187575304531941e-5
104.00000000000001 3.225625517785592e-5
105.0 3.2649759584696776e-5
106.0 3.305688702129391e-5
107.0 3.3478299167931266e-5
108.0 3.391470203854653e-5
108.99999999999999 3.4366849741224266e-5
110.0 3.483554862751975e-5
111.0 3.532166187463974e-5
112.0 3.5826114564803586e-5
113.0 3.634989931561117e-5
114.0 3.689408253418323e-5
115.00000000000001 3.745981138665698e-5
116.0 3.8048321563638814e-5
117.0 3.866094596507679e-5
118.0 3.929912442465624e-5
119.0 3.996441462680762e-5
119.99999999999999 4.065850438685076e-5
121.0 4.1383225497081545e-5
122.0 4.214056937991736e-5
123.0 4.2932704827428384e-5
124.0 4.3761998154290026e-5
124.99999999999999 4.4631036164663576e-5
126.0 4.554265239184251e-5
127.0 4.649995717484584e-5
128.0 4.7506372241329566e-5
129.0 4.856567059287696e-5
130.0 4.9682022683585956e-5
131.0 5.086005006433842e-5
132.0 5.2104887938915755e-5
133.0 5.3422258418791714e-5
134.0 5.481855664989701e-5
135.0 5.6300952537254415e-5
136.0 5.787751146375118e-5
137.0 5.9557338241559584e-5
138.0 6.135074969881315e-5
139.0 6.326948273756598e-5
140.0 6.532694666140522e-5
141.0 6.75385311148469e-5
142.0 6.992198444038553e-5
143.0 7.249788192377384e-5
144.0 7.529020973343886e-5
145.0 7.832709925077827e-5
146.0 8.164175870104162e-5
147.0 8.527366657268092e-5
148.0 8.927011628765327e-5
149.0 9.368823817028992e-5
150.0 9.859767875367642e-5
151.0 0.00010408419887121137
152.0 0.00011025457660847911
153.0 0.00011724339622702179
154.0 0.00012522261554345237
155.0 0.00013441531333287403
156.0 0.00014511587119542862
157.0 0.00015772031118192948
158.0 0.00017277310218941563
159.0 0.00019104144910336618
160.0 0.0002136367935345763
161.0 0.0002422195346508444
162.0 0.00027935234420239545
163.0 0.00032911086794834245
164.0 0.00039805634642404016
164.99999999999997 0.0004960991676761375
166.00000000000003 0.0006323370046424036
167.0 0.0007815280656108962
168.0 0.0008206628714775825
169.0 0.0006973257031047976
170.0 0.0005451212721442629
171.0 0.00042937980455565037
172.0 0.00034824426618618013
173.0 0.0002905721788783201
174.0 0.0002482124316648456
174.99999999999997 0.00021606056705254388
175.99999999999997 0.00019094373435297917
177.00000000000003 0.00017083809672266306
178.0 0.00015440978253851193
179.0 0.0001407510103991932
180.0 0.00012922562232893883
181.0 0.00011937602562216558
182.0 0.00011086538978811039
183.0 0.0001034406709459459
184.0 9.690830665814183e-5
185.0 9.111783791951507e-5
185.99999999999997 8.595062177695362e-5
187.00000000000003 8.13118923381333e-5
188.0 7.712507285671112e-5
189.0 7.332763185937935e-5
190.0 6.986801774310878e-5
191.0 6.670335941593499e-5
192.0 6.37977194424681e-5
193.0 6.112075128473542e-5
194.0 5.8646656006744187e-5
195.0 5.6353363525743274e-5
196.0 5.422188415360788e-5
196.99999999999997 5.223579056720684e-5
198.00000000000003 5.03808006940111e-5
199.0 4.864443932923627e-5
200.0 4.701576171999738e-5
201.0 4.548512629111189e-5
202.0 4.4044006631023666e-5
203.0 4.268483506506007e-5
204.0 4.140087179870842e-5
205.0 4.0186094890369946e-5
206.0 3.903510729587285e-5
206.99999999999997 3.794305797008358e-5
208.00000000000003 3.6905574616686576e-5
209.00000000000003 3.5918706123414464e-5
210.0 3.497887310108777e-5
211.0 3.408282522378129e-5
212.0 3.322760430661541e-5
213.0 3.2410512240392474e-5
214.0 3.162908305479904e-5
215.0 3.088105850477087e-5
216.0 3.016436666988948e-5
217.0 2.947710314541199e-5
217.99999999999997 2.8817514464047588e-5
219.00000000000003 2.8183983446980797e-5
220.0 2.757501622672955e-5
221.0 2.6989230725221733e-5
222.0 2.642534639733355e-5
223.0 2.5882175084850203e-5
224.0 2.5358612838006565e-5
225.0 2.4853632592908595e-5
226.0 2.4366277597890733e-5
227.0 2.3895655502703523e-5
228.0 2.344093303488373e-5
228.99999999999997 2.300133119363945e-5
230.00000000000003 2.2576120906259043e-5
231.0 2.216461909515518e-5
232.0 2.1766185109242602e-5
233.0 2.138021748357638e-5
234.0 2.1006150991709084e-5
235.0 2.0643453958161838e-5
236.0 2.029162580866658e-5
237.0 1.995019483001075e-5
238.0 1.9618716121980506e-5
238.99999999999997 1.9296769720761893e-5
239.99999999999997 1.89839588772516e-5
241.00000000000003 1.8679908476347544e-5
242.0 1.8384263584139394e-5
243.0 1.8096688109340718e-5
244.0 1.7816863571367478e-5
245.0 1.7544487962072204e-5
246.0 1.7279274696046924e-5
247.0 1.702095163937641e-5
248.0 1.67692602108757e-5
249.0 1.6523954550103525e-5
249.99999999999997 1.6284800745145157e-5
251.00000000000003 1.6051576116230655e-5
252.0 1.5824068550916963e-5
253.0 1.560207588441828e-5
254.0 1.5385405324698897e-5
255.0 1.5173872916013143e-5
256.0 1.496730303872701e-5
257.0 1.4765527943135254e-5
258.0 1.4568387314447997e-5
259.0 1.4375727865431584e-5
260.0 1.4187402956480796e-5
261.0 1.400327223931836e-5
262.0 1.382320132380531e-5
263.0 1.3647061465478181e-5
264.0 1.3474729272841514e-5
265.0 1.3306086431991265e-5
266.0 1.3141019449027233e-5
267.0 1.2979419407176268e-5
268.0 1.2821181738592718e-5
269.0 1.2666206010290916e-5
270.0 1.2514395721599443e-5
271.0 1.23656581141579e-5
272.0 1.2219903992728363e-5
273.0 1.2077047555660507e-5
274.0 1.1937006235621594e-5
275.0 1.1799700548831554e-5
276.0 1.1665053952704791e-5
277.0 1.1532992711267248e-5
278.0 1.1403445768130603e-5
279.0 1.127634462583343e-5
280.0 1.1151623232326118e-5
281.0 1.1029217872622334e-5
282.0 1.0909067066775509e-5
283.0 1.0791111472911096e-5
284.0 1.0675293795454963e-5
285.0 1.056155869752042e-5
286.0 1.0449852718507112e-5
287.0 1.0340124195217007e-5
288.0 1.0232323187113708e-5
289.0 1.0126401405543476e-5
290.0 1.0022312145807662e-5
291.0 9.920010223189032e-6
292.0 9.819451911694356e-6
293.0 9.720594885837409e-6
294.0 9.623398165035525e-6
295.0 9.527822061009758e-6
296.0 9.43382812721643e-6
297.0 9.341379110748658e-6
298.0 9.250438906693716e-6
299.0 9.160972514226532e-6
300.0 9.072945994989499e-6
301.0 8.986326433008447e-6
302.0 8.901081896830024e-6
303.0 8.817181402885913e-6
304.0 8.734594880924202e-6
305.0 8.653293140513596e-6
306.0 8.5732478392616e-6
307.0 8.494431452471127e-6
308.0 8.416817243761127e-6
309.0 8.340379237293991e-6
310.0 8.265092190957276e-6
311.0 8.190931570749751e-6
312.0 8.117873526192225e-6
313.0 8.045894866830652e-6
314.0 7.974973039572576e-6
315.0 7.905086107086227e-6
316.0 7.836212726967805e-6
317.0 7.76833213183908e-6
318.0 7.701424110118314e-6
319.0 7.635468987670124e-6
320.0 7.5704476101522695e-6
321.0 7.506341325975054e-6
322.0 7.443131970009527e-6
323.0 7.380801847918019e-6
324.0 7.319333721056059e-6
325.0 7.258710791940596e-6
326.0 7.198916690294475e-6
327.0 7.139935459658939e-6
328.0 7.0817515443278095e-6
329.0 7.0243497771113885e-6
329.99999999999994 6.967715367148452e-6
331.0 6.911833888432468e-6
332.00000000000006 6.856691268696345e-6
333.0 6.802273778688637e-6
334.0 6.748568021790503e-6
335.0 6.695560924107348e-6
336.0 6.643239724831936e-6
337.0 6.591591966958697e-6
338.0 6.540605488344608e-6
339.0 6.490268413148071e-6
340.0 6.4405691433961025e-6
340.99999999999994 6.3914963509943026e-6
342.0 6.343038969972282e-6
343.00000000000006 6.295186188978055e-6
344.0 6.247927444033484e-6
345.0 6.201252411509131e-6
346.0 6.155151001433864e-6
347.0 6.109613350888038e-6
348.0 6.06462981770784e-6
349.0 6.020190974405126e-6
349.99999999999994 5.976287602231803e-6
351.0 5.932910685462531e-6
351.99999999999994 5.890051405884253e-6
353.0 5.847701137448978e-6
354.00000000000006 5.8058514410957665e-6
355.0 5.76449405971948e-6
356.0 5.72362091334994e-6
357.0 5.6832240944334695e-6
358.0 5.643295863312678e-6
359.0 5.603828643786143e-6
360.0 5.564815018874692e-6
360.99999999999994 5.526247726658379e-6
362.0 5.48811965628144e-6
363.00000000000006 5.450423844077585e-6
364.0 5.4131534697901045e-6
365.0 5.376301852930807e-6
366.0 5.339862449223572e-6
367.0 5.30382884720589e-6
368.0 5.2681947648641946e-6
369.0 5.23295404641489e-6
370.0 5.198100659162448e-6
371.0 5.163628690491209e-6
371.99999999999994 5.129532344860803e-6
373.0 5.0958059409763236e-6
374.00000000000006 5.0624439089977816e-6
375.0 5.029440787837844e-6
376.0 4.996791222509458e-6
377.0 4.964489961626494e-6
378.0 4.932531854901397e-6
379.0 4.9009118507344914e-6
380.0 4.869624993874541e-6
381.0 4.838666423173636e-6
382.0 4.808031369346886e-6
382.99999999999994 4.777715152845276e-6
384.0 4.747713181762713e-6
385.00000000000006 4.7180209498136235e-6
386.0 4.688634034327425e-6
387.0 4.659548094395692e-6
388.0 4.63075886892997e-6
389.0 4.602262174900448e-6
390.0 4.5740539055425855e-6
391.0 4.546130028633045e-6
392.0 4.518486584852567e-6
393.0 4.4911196861041754e-6
393.99999999999994 4.464025513974686e-6
395.0 4.43720031816622e-6
396.00000000000006 4.41064041498951e-6
397.0 4.384342185922774e-6
398.0 4.358302076158068e-6
399.0 4.332516593239205e-6
400.0 4.306982305685775e-6
401.0 4.281695841705658e-6
402.0 4.256653887873511e-6
403.0 4.231853187909655e-6
404.0 4.207290541435551e-6
404.99999999999994 4.1829628028255725e-6
406.0 4.158866879991391e-6
407.00000000000006 4.13499973331557e-6
408.0 4.111358374486712e-6
409.0 4.087939865480311e-6
410.0 4.0647413174885534e-6
411.0 4.041759889875089e-6
412.0 4.018992789242484e-6
413.0 3.996437268383567e-6
413.99999999999994 3.974090625398594e-6
415.0 3.951950202726267e-6
416.00000000000006 3.930013386262609e-6
417.0 3.90827760447166e-6
418.00000000000006 3.886740327540589e-6
419.0 3.86539906651885e-6
420.0 3.8442513725045775e-6
421.0 3.8232948358649565e-6
422.0 3.8025270854257953e-6
423.0 3.7819457877250716e-6
424.0 3.7615486462686737e-6
424.99999999999994 3.7413334008047487e-6
426.0 3.7212978265959442e-6
427.00000000000006 3.7014397337413896e-6
428.0 3.6817569665058434e-6
429.0 3.6622474026310053e-6
430.0 3.6429089527227514e-6
431.0 3.6237395595745502e-6
432.0 3.6047371975967314e-6
433.0 3.5858998721692493e-6
434.0 3.5672256190967784e-6
435.0 3.5487125039759295e-6
435.99999999999994 3.5303586216799526e-6
437.0 3.512162095783673e-6
438.00000000000006 3.4941210780244836e-6
439.0 3.4762337477779493e-6
440.0 3.4584983115372954e-6
441.0 3.440913002413306e-6
442.0 3.4234760796453663e-6
443.0 3.4061858280963283e-6
444.0 3.3890405578097518e-6
445.0 3.3720386035283106e-6
446.0 3.3551783242305215e-6
446.99999999999994 3.3384581027262526e-6
448.0 3.3218763451814264e-6
449.00000000000006 3.3054314807103087e-6
450.0 3.2891219609729245e-6
451.0 3.2729462597434135e-6
452.0 3.2569028725295095e-6
453.0 3.2409903161779167e-6
454.0 3.2252071284894585e-6
455.0 3.2095518678469446e-6
456.0 3.19402311284811e-6
457.0 3.1786194619495232e-6
457.99999999999994 3.163339533118566e-6
459.0 3.1481819634715446e-6
460.00000000000006 3.133145408959183e-6
461.0 3.118228544014765e-6
462.0 3.1034300612588316e-6
463.0 3.088748671140279e-6
464.0 3.0741831016677107e-6
465.0 3.0597320980725537e-6
466.0 3.045394422526537e-6
467.0 3.031168853848307e-6
468.0 3.0170541872095265e-6
468.99999999999994 3.003049233850899e-6
470.0 2.9891528208176096e-6
471.00000000000006 2.9753637906756253e-6
472.0 2.961681001251863e-6
473.0 2.948103325373326e-6
474.0 2.934629650614462e-6
475.0 2.9212588790373473e-6
476.0 2.9079899269429684e-6
477.0 2.8948217246534536e-6
477.99999999999994 2.88175321624127e-6
479.0 2.8687833593228143e-6
479.99999999999994 2.855911124818796e-6
481.0 2.843135496719567e-6
482.00000000000006 2.8304554718888757e-6
483.0 2.8178700598330294e-6
484.0 2.805378282476633e-6
485.0 2.792979173985246e-6
486.0 2.7806717805279938e-6
487.0 2.7684551600971613e-6
488.0 2.7563283822987367e-6
488.99999999999994 2.744290528172748e-6
490.0 2.7323406899780323e-6
491.00000000000006 2.720477971031741e-6
492.0 2.7087014855036206e-6
493.0 2.6970103582461942e-6
494.0 2.685403724614298e-6
495.0 2.6738807302909254e-6
496.0 2.662440531109483e-6
497.0 2.651082292889534e-6
498.0 2.6398051912709332e-6
499.0 2.62860841154751e-6
499.99999999999994 2.6174911485064067e-6
501.0 2.6064526062726597e-6
502.00000000000006 2.5954919981503534e-6
503.0 2.584608546469811e-6
504.0 2.5738014824386736e-6
505.0 2.5630700459964133e-6
506.0 2.5524134856579265e-6
507.0 2.5418310583877054e-6
508.0 2.531322029440452e-6
509.0 2.520885672238151e-6
510.0 2.5105212682260142e-6
510.99999999999994 2.500228106735975e-6
512.0 2.4900054848658234e-6
513.0 2.4798527073416743e-6
514.0 2.4697690863911415e-6
515.0 2.459753941625065e-6
516.0 2.44980659990442e-6
517.0 2.4399263952352213e-6
518.0 2.4301126686394553e-6
519.0 2.4203647680395707e-6
520.0 2.4106820481555345e-6
521.0 2.401063870385929e-6
522.0 2.3915096027008255e-6
523.0 2.3820186195390587e-6
524.0 2.372590301707531e-6
525.0 2.3632240362766884e-6
526.0 2.3539192164821776e-6
527.0 2.3446752416397835e-6
528.0 2.335491517045084e-6
529.0 2.326367453892906e-6
530.0 2.3173024691855267e-6
531.0 2.308295985660921e-6
532.0 2.2993474317118575e-6
533.0 2.2904562413101783e-6
534.0 2.2816218539489046e-6
535.0 2.2728437145673334e-6
536.0 2.2641212735043044e-6
537.0 2.2554539864365354e-6
538.0 2.2468413143418697e-6
539.0 2.238282723450218e-6
540.0 2.229777685218874e-6
541.0 2.2213256763043442e-6
542.0 2.212926178547368e-6
543.0 2.2045786789668538e-6
544.0 2.196282669758156e-6
545.0 2.188037648317734e-6
546.0 2.1798431172621363e-6
547.0 2.17169858446682e-6
548.0 2.1636035631311667e-6
549.0 2.155557571837683e-6
550.0 2.1475601346522526e-6
551.0 2.1396107812210733e-6
552.0 2.13170904691508e-6
553.0 2.123854472970934e-6
554.0 2.1160466066816375e-6
555.0 2.1082850016057305e-6
556.0 2.1005692178018974e-6
557.0 2.0928988221187626e-6
558.0 2.0852733885031988e-6
559.0 2.0776924983646033e-6
560.0 2.070155740987274e-6
561.0 2.062662713988054e-6
562.0 2.0552130238380956e-6
563.0 2.0478062864596643e-6
564.0 2.040442127866542e-6
565.0 2.0331201849189935e-6
566.0 2.025840106140667e-6
567.0 2.0186015526501026e-6
568.0 2.0114041991852673e-6
569.0 2.0042477352579277e-6
570.0 1.9971318664356478e-6
571.0 1.9900563157695297e-6
572.0 1.9830208253821986e-6
573.0 1.9760251582280905e-6
574.0 1.9690691000562536e-6
575.0 1.9621524615756854e-6
576.0 1.9552750808706787e-6
577.0 1.948436826056238e-6
578.0 1.9416375982307186e-6
579.0 1.9348773347262148e-6
580.0 1.9281560126996023e-6
581.0 1.9214736530924653e-6
582.0 1.914830324980503e-6
583.0 1.9082261503533864e-6
584.0 1.9016613093614964e-6
585.0 1.8951360460435154e-6
586.0 1.8886506745876008e-6
587.0 1.8822055861421094e-6
588.0 1.875801256196639e-6
589.0 1.8694382525767215e-6
590.0 1.8631172440312736e-6
591.0 1.8568390094352613e-6
592.0 1.8506044475846368e-6
593.0 1.8444145875546759e-6
594.0 1.8382705995483437e-6
595.0 1.83217380615838e-6
596.0 1.8261256938931021e-6
597.0 1.8201279247962076e-6
598.0 1.8141823479065755e-6
599.0 1.8082910102473577e-6
600.0 1.8024561669272016e-6
601.0 1.7966802898636687e-6
602.0 1.790966074489485e-6
603.0 1.7853164436996426e-6
604.0 1.7797345481383589e-6
605.0 1.7742237617774854e-6
606.0 1.7687876715931829e-6
607.0 1.7634300599814128e-6
608.0 1.7581548784627421e-6
609.0 1.7529662111001918e-6
610.0 1.747868226078376e-6
611.0 1.7428651139295425e-6
612.0 1.7379610111164582e-6
613.0 1.7331599080143238e-6
614.0 1.7284655409392793e-6
615.0 1.7238812685980696e-6
616.0 1.7194099344190903e-6
617.0 1.7150537174451747e-6
618.0 1.7108139759735375e-6
619.0 1.706691089682772e-6
620.0 1.7026843076004385e-6
621.0 1.6987916106396014e-6
622.0 1.6950095984709109e-6
623.0 1.6913334108730848e-6
624.0 1.6877566932698487e-6
625.0 1.6842716147388987e-6
626.0 1.6808689442872408e-6
627.0 1.6775381877479493e-6
628.0 1.6742677835214423e-6
629.0 1.671045350857323e-6
630.0 1.6678579800983365e-6
631.0 1.6646925506424146e-6
632.0 1.6615360599483666e-6
633.0 1.6583759459323825e-6
634.0 1.6552003857539325e-6
635.0 1.6519985561818125e-6
636.0 1.6487608441110338e-6
637.0 1.6454789999751318e-6
638.0 1.642146231203573e-6
639.0 1.638757237060241e-6
640.0 1.635308189749383e-6
641.0 1.6317966693198526e-6
642.0 1.6282215615624683e-6
643.0 1.6245829287796635e-6
644.0 1.6208818631360832e-6
645.0 1.6171203314847202e-6
646.0 1.6133010193202855e-6
647.0 1.6094271800024303e-6
648.0 1.6055024938879848e-6
649.0 1.601530940499715e-6
650.0 1.5975166856046742e-6
651.0 1.5934639839615677e-6
652.0 1.5893770976487915e-6
653.0000000000001 1.5852602292563377e-6
654.0 1.5811174688196071e-6
655.0 1.5769527530704961e-6
656.0 1.5727698354840282e-6
657.0 1.5685722656144144e-6
658.0 1.5643633761785922e-6
659.0 1.5601462765539928e-6
659.9999999999999 1.5559238514282908e-6
661.0 1.5516987634902218e-6
662.0 1.5474734592241677e-6
663.0 1.5432501770008779e-6
664.0000000000001 1.539030956774516e-6
665.0 1.5348176508766797e-6
666.0 1.5306119354021789e-6
667.0 1.526415321903823e-6
668.0 1.5222291690615054e-6
669.0 1.5180546941588323e-6
670.0 1.5138929841934996e-6
670.9999999999999 1.50974500652791e-6
672.0 1.5056116189966425e-6
673.0 1.5014935794284424e-6
674.0 1.4973915545630968e-6
675.0000000000001 1.4933061283601882e-6
676.0 1.4892378097027264e-6
677.0 1.4851870395108173e-6
678.0 1.4811541973023866e-6
679.0 1.4771396072087445e-6
680.0 1.4731435434952538e-6
681.0 1.469166235607637e-6
681.9999999999999 1.4652078727773481e-6
683.0 1.4612686082319019e-6
684.0 1.457348563014818e-6
685.0 1.45344782948648e-6
686.0000000000001 1.449566474477011e-6
687.0 1.4457045421946684e-6
688.0 1.4418620568328546e-6
688.9999999999999 1.4380390249692678e-6
690.0 1.4342354377366674e-6
691.0 1.430451272803381e-6
692.0 1.4266864961787942e-6
692.9999999999999 1.4229410638619716e-6
694.0 1.4192149233475591e-6
695.0 1.4155080150076407e-6
696.0 1.411820273362232e-6
697.0000000000001 1.4081516282409307e-6
698.0 1.4045020058669133e-6
699.0 1.400871329852734e-6
699.9999999999999 1.3972595221325556e-6
701.0 1.39366650382923e-6
702.0 1.3900921960778475e-6
703.0 1.386536520791418e-6
703.9999999999999 1.382999401393013e-6
705.0 1.3794807635237877e-6
706.0 1.3759805357115376e-6
707.0 1.372498650022914e-6
708.0000000000001 1.369035042699264e-6
709.0 1.3655896547824188e-6
710.0 1.362162432724759e-6
710.9999999999999 1.3587533289965011e-6
712.0 1.3553623026993665e-6
713.0 1.3519893201706413e-6
714.0 1.34863435559605e-6
715.0000000000001 1.3452973916278155e-6
716.0 1.341978420015713e-6
717.0 1.3386774422379617e-6
718.0 1.3353944701498533e-6
719.0000000000001 1.3321295266479358e-6
720.0 1.3288826463372797e-6
721.0 1.3256538762165362e-6
721.9999999999999 1.322443276371948e-6
723.0 1.3192509206885557e-6
724.0 1.3160768975568275e-6
725.0 1.312921310594486e-6
726.0000000000001 1.3097842793708786e-6
727.0 1.3066659401219709e-6
728.0 1.3035664464614546e-6
729.0 1.3004859700750772e-6
730.0 1.2974247013928956e-6
731.0 1.2943828502270665e-6
732.0 1.2913606463650011e-6
732.9999999999999 1.288358340106065e-6
734.0 1.2853762027235358e-6
735.0 1.2824145268336195e-6
736.0 1.2794736266690815e-6
737.0000000000001 1.2765538382013033e-6
738.0 1.2736555191248447e-6
739.0 1.2707790486509209e-6
740.0 1.2679248270918636e-6
741.0 1.2650932752140696e-6
742.0 1.2622848332942776e-6
743.0 1.2594999598927527e-6
743.9999999999999 1.256739130259271e-6
745.0 1.2540028343651217e-6
746.0 1.2512915745094744e-6
747.0 1.2486058624650205e-6
748.0000000000001 1.2459462161351826e-6
749.0 1.2433131556742912e-6
750.0 1.240707199061279e-6
751.0 1.2381288570892612e-6
752.0 1.2355786277710157e-6
753.0 1.2330569901486282e-6
754.0 1.2305643975183543e-6
754.9999999999999 1.2281012701020144e-6
756.0 1.2256679871997083e-6
757.0 1.2232648788880207e-6
758.0 1.2208922173561274e-6
759.0000000000001 1.2185502079682247e-6
760.0 1.2162389801995231e-6
761.0 1.213958578597864e-6
762.0 1.2117089539353335e-6
763.0 1.2094899547699004e-6
764.0 1.2073013196120473e-6
765.0 1.2051426699450903e-6
765.9999999999999 1.2030135043205065e-6
767.0 1.2009131937755812e-6
768.0 1.1988409787889793e-6
769.0 1.1967959679985062e-6
770.0000000000001 1.1947771388440127e-6
771.0 1.192783340293291e-6
772.0 1.190813297732206e-6
773.0 1.1888656200720562e-6
774.0 1.1869388090378697e-6
775.0 1.1850312705575707e-6
776.0 1.1831413280957106e-6
776.9999999999999 1.1812672377080608e-6
778.0 1.1794072045363995e-6
779.0 1.1775594004130343e-6
780.0 1.1757219822015396e-6
781.0000000000001 1.1738931104711956e-6
782.0 1.172070968096186e-6
783.0 1.1702537783640542e-6
784.0 1.1684398222082927e-6
785.0 1.166627454204038e-6
786.0 1.1648151170129318e-6
787.0 1.1630013540233444e-6
787.9999999999999 1.161184819984881e-6
789.0 1.159364289515312e-6
790.0 1.1575386634110432e-6
791.0 1.1557069727654422e-6
792.0000000000001 1.1538683809595921e-6
793.0 1.1520221836319571e-6
794.0 1.1501678067914224e-6
795.0 1.1483048032607574e-6
796.0 1.1464328476662575e-6
797.0 1.1445517302046716e-6
798.0 1.142661349424181e-6
798.9999999999999 1.1407617042465786e-6
800.0 1.1388528854611496e-6
801.0 1.1369350668955315e-6
802.0 1.1350084964503124e-6
803.0000000000001 1.1330734871704868e-6
804.0 1.131130408491642e-6
805.0 1.1291796777906328e-6
806.0 1.127221752326561e-6
807.0 1.1252571216557596e-6
808.0 1.1232863005704877e-6
809.0 1.1213098225998639e-6
809.9999999999999 1.119328234086515e-6
811.0 1.1173420888539651e-6
812.0 1.115351943448028e-6
813.0 1.1133583529411117e-6
814.0000000000001 1.1113618672776145e-6
815.0 1.1093630281261158e-6
816.0 1.107362366209588e-6
816.9999999999999 1.1053603990757202e-6
818.0 1.103357629271419e-6
819.0 1.1013545428828241e-6
820.0 1.0993516084068117e-6
820.9999999999999 1.0973492759146882e-6
822.0 1.0953479764760506e-6
823.0 1.0933481218113302e-6
824.0 1.0913501041405972e-6
825.0000000000001 1.089354296203347e-6
826.0 1.0873610514232238e-6
827.0 1.0853707041925309e-6
827.9999999999999 1.083383570259207e-6
829.0 1.0813999471957312e-6
830.0 1.0794201149354762e-6
831.0 1.0774443363560551e-6
832.0000000000001 1.0754728579060834e-6
833.0 1.0735059102593024e-6
834.0 1.0715437089824167e-6
835.0 1.0695864552206506e-6
836.0000000000001 1.0676343363775404e-6
837.0 1.0656875268020696e-6
838.0 1.0637461884594469e-6
838.9999999999999 1.0618104715979753e-6
840.0 1.0598805153970733e-6
841.0 1.0579564485992395e-6
842.0 1.0560383901252932e-6
843.0000000000001 1.0541264496664293e-6
844.0 1.0522207282570058e-6
845.0 1.050321318825623e-6
846.0 1.0484283067207695e-6
847.0000000000001 1.0465417702183735e-6
848.0 1.044661781004847e-6
849.0 1.042788404637557e-6
849.9999999999999 1.0409217009840075e-6
851.0 1.039061724642653e-6
852.0 1.0372085253383953e-6
853.0 1.0353621483026053e-6
854.0000000000001 1.0335226346325143e-6
855.0 1.0316900216325114e-6
856.0 1.02986434313743e-6
857.0 1.028045629821583e-6
858.0 1.0262339094889975e-6
859.0 1.0244292073510876e-6
860.0 1.022631546289693e-6
860.9999999999999 1.0208409471060943e-6
862.0 1.0190574287582244e-6
863.0 1.0172810085861656e-6
864.0 1.0155117025269796e-6
865.0000000000001 1.0137495253185086e-6
866.0 1.0119944906931664e-6
867.0 1.0102466115648118e-6
868.0 1.0085059002055188e-6
869.0 1.0067723684152983e-6
870.0 1.0050460276858158e-6
871.0 1.0033268893536994e-6
871.9999999999999 1.001614964754441e-6
873.0 9.999102653643089e-7
874.0 9.982128029415168e-7
875.0 9.965225896611075e-7
876.0000000000001 9.94839638246401e-7
877.0 9.931639620961355e-7
878.0 9.914955754093864e-7
879.0 9.898344933071086e-7
880.0 9.881807319514253e-7
881.0 9.865343086623947e-7
882.0 9.848952420345414e-7
882.9999999999999 9.832635520501174e-7
884.0 9.816392601915942e-7
885.0 9.800223895560034e-7
886.0 9.784129649646213e-7
887.0000000000001 9.768110130762191e-7
888.0 9.75216562499044e-7
889.0 9.736296439022518e-7
890.0 9.7205029012998e-7
891.0 9.704785363150752e-7
892.0 9.689144199944381e-7
893.0 9.673579812255922e-7
893.9999999999999 9.658092627054544e-7
895.0 9.642683098909967e-7
896.0 9.627351711221975e-7
897.0 9.612098977466962e-7
898.0000000000001 9.59692544247754e-7
899.0 9.581831683752577e-7
900.0 9.56681831279903e-7
901.0 9.551885976501615e-7
902.0 9.537035358536797e-7
903.0 9.522267180818079e-7
904.0 9.507582204989011e-7
904.9999999999999 9.492981233948344e-7
906.0 9.478465113433461e-7
907.0 9.464034733640319e-7
908.0 9.449691030899013e-7
909.0000000000001 9.435434989400098e-7
910.0 9.42126764296918e-7
911.0 9.407190076903328e-7
912.0 9.393203429871785e-7
913.0 9.379308895845861e-7
914.0 9.365507726135194e-7
915.0 9.351801231450972e-7
915.9999999999999 9.338190784049985e-7
917.0 9.324677819949679e-7
918.0 9.311263841188225e-7
919.0 9.297950418189943e-7
920.0000000000001 9.284739192166481e-7
921.0 9.271631877615117e-7
922.0 9.258630264873388e-7
923.0 9.245736222753486e-7
924.0 9.232951701254243e-7
925.0 9.220278734336093e-7
926.0 9.207719442781924e-7
926.9999999999999 9.195276037118822e-7
928.0 9.182950820613285e-7
929.0 9.170746192351074e-7
930.0 9.158664650358587e-7
931.0000000000001 9.146708794823181e-7
932.0 9.13488133133203e-7
933.0 9.123185074218725e-7
934.0 9.11162294992441e-7
935.0 9.10019800042465e-7
936.0 9.088913386704098e-7
937.0 9.077772392248067e-7
937.9999999999999 9.066778426572313e-7
939.0 9.055935028779873e-7
940.0 9.045245871102158e-7
941.0 9.034714762459829e-7
942.0000000000001 9.02434565198161e-7
943.0 9.014142632518392e-7
944.0 9.0041099440895e-7
944.9999999999999 8.994251977274558e-7
946.0 8.984573276516113e-7
947.0 8.975078543320006e-7
948.0 8.965772639334203e-7
948.9999999999999 8.956660589266146e-7
950.0 8.947747583628319e-7
951.0 8.939038981282942e-7
952.0 8.930540311742803e-7
953.0000000000001 8.922257277211318e-7
954.0 8.914195754320553e-7
955.0 8.906361795534875e-7
955.9999999999999 8.898761630172427e-7
957.0 8.891401665029738e-7
958.0 8.884288484541722e-7
959.0 8.877428850449161e-7
959.9999999999999 8.870829700935561e-7
961.0 8.864498149175389e-7
962.0 8.858441481263813e-7
963.0 8.852667153472502e-7
964.0000000000001 8.847182788796163e-7
965.0 8.841996172734439e-7
966.0 8.837115248290399e-7
966.9999999999999 8.832548110110724e-7
968.0 8.828302997761338e-7
969.0 8.824388288085032e-7
970.0 8.820812486618693e-7
971.0000000000001 8.817584218032492e-7
972.0 8.814712215585155e-7
973.0 8.812205309565091e-7
974.0 8.810072414720729e-7
975.0000000000001 8.808322516664136e-7
976.0 8.806964657272191e-7
977.0 8.806007919088156e-7
977.9999999999999 8.805461408756571e-7
979.0 8.805334239529783e-7
980.0 8.805635512880796e-7
981.0 8.80637429930064e-7
982.0000000000001 8.807559618332762e-7
983.0 8.80920041793717e-7
984.0 8.811305553268379e-7
985.0 8.81388376498689e-7
986.0 8.81694365719683e-7
987.0 8.820493675161577e-7
988.0 8.824542082905959e-7
988.9999999999999 8.829096940871678e-7
990.0 8.834166083756824e-7
991.0 8.839757098707235e-7
992.0 8.845877304008775e-7
993.0000000000001 8.852533728454971e-7
994.0 8.859733091528485e-7
995.0 8.867481784579397e-7
996.0 8.875785853137877e-7
997.0 8.884650980509515e-7
998.0 8.894082472801967e-7
999.0 8.904085245501949e-7
999.9999999999999 8.914663811718433e-7
1001.0 8.925822272201544e-7
1002.0 8.937564307210922e-7
1003.0 8.949893170315131e-7
1004.0000000000001 8.96281168416648e-7
1005.0 8.976322238273954e-7
1006.0 8.990426788805629e-7
1007.0 9.005126860406395e-7
1008.0 9.020423549994585e-7
1009.0 9.036317532519145e-7
1010.0 9.05280906859565e-7
1010.9999999999999 9.069898013945492e-7
1012.0 9.087583830575938e-7
1013.0 9.105865599560472e-7
1014.0 9.124742035322912e-7
1015.0000000000001 9.14421150131631e-7
1016.0 9.164272026945425e-7
1017.0 9.184921325607711e-7
1018.0 9.206156813725612e-7
1019.0 9.227975630614542e-7
1020.0 9.250374659104844e-7
1021.0 9.273350546692522e-7
1021.9999999999999 9.296899727235993e-7
1023.0 9.321018442919289e-7
1024.0 9.345702766545597e-7
1025.0 9.370948623955107e-7
1026.0 9.396751816492343e-7
1027.0 9.423108043561032e-7
1028.0 9.450012925057479e-7
1029.0 9.477462023805547e-7
1030.0 9.505450867832332e-7
1031.0 9.53397497260081e-7
1032.0 9.563029863131524e-7
1033.0 9.592611096091778e-7
1034.0 9.622714281876208e-7
1035.0 9.653335106763724e-7
1036.0 9.68446935523098e-7
1037.0 9.716112932539893e-7
1038.0 9.748261887692437e-7
1039.0 9.780912436940716e-7
1040.0 9.81406098798583e-7
1041.0 9.847704165047367e-7
1042.0 9.881838835037184e-7
1043.0 9.916462135009613e-7
1044.0 9.9515715012031e-7
1045.0 9.987164699870356e-7
1046.0 1.0023239860210792e-6
1047.0 1.005979550974756e-6
1048.0 1.0096830612407154e-6
1049.0 1.0134344609731773e-6
1050.0 1.017233746551997e-6
1051.0 1.0210809714363115e-6
1052.0 1.0249762514412403e-6
1053.0 1.028919770487472e-6
1054.0 1.0329117868608437e-6
1055.0 1.0369526400280204e-6
1056.0 1.0410427580634374e-6
1057.0 1.0451826657087085e-6
1058.0 1.0493729931359846e-6
1059.0 1.053614485431713e-6
1060.0 1.057908012850198e-6
1061.0 1.0622545818678692e-6
1062.0 1.0666553470472392e-6
1063.0 1.0711116237480865e-6
1064.0 1.075624901655111e-6
1065.0 1.0801968591314108e-6
1066.0 1.0848293783409202e-6
1067.0 1.0895245610856725e-6
1068.0 1.0942847452621244e-6
1069.0 1.0991125218082204e-6
1070.0 1.1040107519688874e-6
1071.0 1.108982584663473e-6
1072.0 1.1140314736857858e-6
1073.0 1.1191611943983514e-6
1074.0 1.1243758595318039e-6
1075.0 1.1296799336220662e-6
1076.0 1.135078245534118e-6
1077.0 1.140575998486776e-6
1078.0 1.1461787768603875e-6
1079.0 1.151892549077181e-6
1080.0 1.1577236657283506e-6
1081.0 1.1636788521275942e-6
1082.0 1.1697651944450175e-6
1083.0 1.1759901185811633e-6
1084.0 1.1823613610390173e-6
1085.0 1.188886931088491e-6
1086.0 1.1955750637371862e-6
1087.0 1.2024341631748916e-6
1088.0 1.2094727366413624e-6
1089.0 1.2166993189725797e-6
1090.0 1.2241223884267174e-6
1091.0 1.231750274783015e-6
1092.0 1.2395910611045643e-6
1093.0 1.2476524809351902e-6
1094.0 1.255941813071322e-6
1095.0 1.2644657763325005e-6
1096.0 1.2732304269814895e-6
1097.0 1.2822410615140202e-6
1098.0 1.2915021275579207e-6
1099.0 1.3010171454119788e-6
1100.0 1.3107886425071257e-6
1101.0 1.32081810261671e-6
1102.0 1.3311059311688533e-6
1103.0 1.3416514374095367e-6
1104.0 1.352452833556497e-6
1105.0 1.3635072504960208e-6
1106.0 1.3748107690030802e-6
1107.0 1.386358464968346e-6
1108.0 1.398144466777707e-6
1109.0 1.410162022665157e-6
1110.0 1.4224035757461523e-6
1111.0 1.434860844428748e-6
1112.0 1.447524905899427e-6
1113.0 1.4603862806518067e-6
1114.0 1.4734350161344164e-6
1115.0 1.4866607679973552e-6
1116.0 1.5000528775780681e-6
1117.0 1.5136004446924995e-6
1118.0 1.5272923950168255e-6
1119.0 1.541117541615964e-6
1120.0 1.5550646404330886e-6
1121.0 1.5691224397640768e-6
1122.0 1.5832797238462655e-6
1123.0 1.597525350877988e-6
1124.0 1.6118482858482003e-6
1125.0 1.6262376285988785e-6
1126.0 1.6406826375972368e-6
1127.0 1.6551727499095738e-6
1128.0 1.6696975978364386e-6
1129.0 1.6842470226649528e-6
1130.0 1.698811085960707e-6
1131.0 1.7133800788039354e-6
1132.0 1.7279445292773566e-6
1133.0 1.742495208555341e-6
1134.0 1.757023135838277e-6
1135.0 1.7715195823498572e-6
1136.0 1.785976074608897e-6
1137.0 1.8003843971238362e-6
1138.0 1.8147365946036354e-6
1139.0 1.8290249738366757e-6
1140.0 1.8432421052708053e-6
1141.0 1.8573808243423634e-6
1142.0 1.871434232629384e-6
1143.0 1.885395698802155e-6
1144.0 1.8992588594088432e-6
1145.0 1.9130176194886946e-6
1146.0 1.9266661529886227e-6
1147.0 1.9401989029968452e-6
1148.0 1.953610581749148e-6
1149.0 1.966896170406052e-6
1150.0 1.9800509185666485e-6
1151.0 1.9930703435099707e-6
1152.0 2.0059502291271186e-6
1153.0 2.018686624548484e-6
1154.0 2.0312758424209137e-6
1155.0 2.0437144568534407e-6
1156.0 2.055999300982114e-6
1157.0 2.068127464178747e-6
1158.0 2.0800962888777556e-6
1159.0 2.0919033670344754e-6
1160.0 2.1035465362005436e-6
1161.0 2.1150238752218985e-6
1162.0 2.126333699588276e-6
1163.0 2.1374745564158804e-6
1164.0 2.148445219089307e-6
1165.0 2.159244681583674e-6
1166.0 2.169872152468192e-6
1167.0 2.180327048624654e-6
1168.0 2.1906089887001547e-6
1169.0 2.200717786305247e-6
1170.0 2.2106534429934567e-6
1171.0 2.220416141044891e-6
1172.0 2.230006236067848e-6
1173.0 2.2394242494650692e-6
1174.0 2.248670860763319e-6
1175.0 2.2577468998578694e-6
1176.0 2.2666533391856883e-6
1177.0 2.275391285839607e-6
1178.0 2.283961973679988e-6
1179.0 2.292366755436693e-6
1180.0 2.300607094838978e-6
1181.0 2.308684558789746e-6
1182.0 2.3166008096159995e-6
1183.0 2.324357597396303e-6
1184.0 2.3319567524029815e-6
1185.0 2.3394001776572333e-6
1186.0 2.3466898416356015e-6
1187.0 2.35382777111347e-6
1188.0 2.36081604418799e-6
1189.0 2.36765678347104e-6
1190.0 2.3743521494706154e-6
1191.0 2.38090433417137e-6
1192.0 2.3873155548143827e-6
1193.0 2.3935880478919356e-6
1194.0 2.399724063358291e-6
1195.0 2.405725859054367e-6
1196.0 2.4115956953620423e-6
1197.0 2.4173358300808564e-6
1198.0 2.422948513525615e-6
1199.0 2.428435983863488e-6
1200.0 2.433800462654782e-6
1201.0 2.4390441506382738e-6
1202.0 2.4441692237273596e-6
1203.0 2.4491778292232937e-6
1204.0 2.4540720822497435e-6
1205.0 2.4588540623964037e-6
1206.0 2.463525810566441e-6
1207.0 2.468089326031866e-6
1208.0 2.4725465636788394e-6
1209.0 2.4768994314527625e-6
1210.0 2.481149787987648e-6
1211.0 2.4852994404089643e-6
1212.0 2.489350142322534e-6
1213.0 2.4933035919667627e-6
1214.0 2.4971614305253316e-6
1215.0 2.500925240604502e-6
1216.0 2.504596544856672e-6
1217.0 2.508176804747256e-6
1218.0 2.5116674194686698e-6
1219.0 2.5150697249818583e-6
1220.0 2.5183849931874564e-6
1221.0 2.5216144312217897e-6
1222.0 2.5247591808709317e-6
1223.0 2.5278203180945572e-6
1224.0 2.530798852659458e-6
1225.0 2.5336957278766984e-6
1226.0 2.5365118204371536e-6
1227.0 2.53924794034038e-6
1228.0 2.541904830914706e-6
1229.0 2.544483168922936e-6
1230.0 2.5469835647540453e-6
1231.0 2.5494065626889745e-6
1232.0 2.551752641247399e-6
1233.0 2.554022213606863e-6
1234.0 2.5562156280894443e-6
1235.0 2.5583331687192993e-6
1236.0 2.5603750558472827e-6
1237.0 2.5623414468347076e-6
1238.0 2.5642324368013134e-6
1239.0 2.566048059433517e-6
1240.0 2.567788287846836e-6
1241.0 2.569453035513262e-6
1242.0 2.5710421572318587e-6
1243.0 2.572555450164621e-6
1244.0 2.5739926549197974e-6
1245.0 2.5753534566868138e-6
1246.0 2.576637486426641e-6
1247.0 2.577844322108288e-6
1248.0 2.5789734900014505e-6
1249.0 2.580024466007754e-6
1250.0 2.58099667705605e-6
1251.0 2.5818895025337926e-6
1252.0 2.582702275771435e-6
1253.0 2.583434285577068e-6
1254.0 2.5840847778150648e-6
1255.0 2.5846529570337516e-6
1256.0 2.5851379881398165e-6
1257.0 2.5855389981200736e-6
1258.0 2.5858550778086095e-6
1259.0 2.5860852836996926e-6
1260.0 2.586228639809041e-6
1261.0 2.5862841395768344e-6
1262.0 2.5862507478147448e-6
1263.0 2.5861274027015557e-6
1264.0 2.585913017815979e-6
1265.0 2.5856064842164945e-6
1266.0 2.585206672557367e-6
1267.0 2.584712435251155e-6
1268.0 2.5841226086626155e-6
1269.0 2.583436015347958e-6
1270.0 2.5826514663219405e-6
1271.0 2.581767763364949e-6
1272.0 2.580783701360768e-6
1273.0 2.5796980706667043e-6
1274.0 2.578509659504627e-6
1275.0 2.5772172563882714e-6
1276.0 2.575819652564946e-6
1277.0 2.574315644482926e-6
1278.0 2.5727040362761346e-6
1279.0 2.5709836422581847e-6
1280.0 2.569153289437395e-6
1281.0 2.5672118200269084e-6
1282.0 2.565158093971805e-6
1283.0 2.5629909914672216e-6
1284.0 2.560709415477983e-6
1285.0 2.5583122942474544e-6
1286.0 2.555798583797471e-6
1287.0 2.553167270408942e-6
1288.0 2.550417373082991e-6
1289.0 2.5475479459770473e-6
1290.0 2.5445580808100584e-6
1291.0 2.5414469092302428e-6
1292.0 2.538213605147032e-6
1293.0 2.534857387015767e-6
1294.0 2.5313775200717113e-6
1295.0 2.527773318507256e-6
1296.0 2.5240441475963777e-6
1297.0 2.5201894257449143e-6
1298.0 2.5162086264737454e-6
1299.0 2.512101280330706e-6
1300.0 2.5078669767183117e-6
1301.0 2.5035053656358843e-6
1302.0 2.4990161593376955e-6
1303.0 2.4943991338912425e-6
1304.0 2.4896541306425367e-6
1305.0 2.4847810575727083e-6
1306.0000000000002 2.479779890558617e-6
1307.0 2.474650674511015e-6
1308.0 2.4693935244130753e-6
1308.9999999999998 2.464008626226461e-6
1310.0 2.4584962376994655e-6
1311.0 2.4528566890264725e-6
1312.0 2.4470903834106494e-6
1313.0 2.4411977974789658e-6
1314.0 2.4351794815844557e-6
1315.0 2.429036059969924e-6
1316.0 2.4227682308066033e-6
1317.0000000000002 2.4163767661038514e-6
1318.0 2.4098625114831553e-6
1319.0 2.403226385831309e-6
1319.9999999999998 2.396469380812657e-6
1321.0 2.38959256026341e-6
1322.0 2.382597059455077e-6
1323.0 2.375484084231609e-6
1324.0 2.368254910027729e-6
1325.0 2.3609108807639185e-6
1326.0 2.3534534076248897e-6
1327.0 2.3458839677257715e-6
1328.0000000000002 2.3382041026689694e-6
1329.0 2.3304154169886926e-6
1330.0 2.3225195765012835e-6
1330.9999999999998 2.3145183065534638e-6
1332.0 2.306413390178218e-6
1333.0 2.2982066661630853e-6
1334.0 2.2899000270395396e-6
1335.0 2.281495416987933e-6
1336.0 2.272994829677583e-6
1337.0 2.264400306039503e-6
1338.0 2.2557139319776853e-6
1339.0000000000002 2.2469378360267163e-6
1340.0 2.238074186967134e-6
1341.0 2.2291251913874964e-6
1341.9999999999998 2.2200930912265565e-6
1343.0 2.210980161270403e-6
1344.0 2.201788706641353e-6
1345.0 2.1925210602569978e-6
1346.0 2.183179580283208e-6
1347.0 2.173766647589408e-6
1348.0 2.1642846631907604e-6
1349.0 2.154736045707631e-6
1350.0000000000002 2.1451232288325385e-6
1351.0 2.1354486588133295e-6
1352.0 2.1257147919660832e-6
1352.9999999999998 2.115924092203712e-6
1354.0 2.1060790286080297e-6
1355.0 2.0961820730352573e-6
1356.0 2.0862356977580757e-6
1357.0 2.076242373160712e-6
1358.0 2.0662045654776217e-6
1359.0 2.056124734588879e-6
1360.0 2.0460053318679576e-6
1361.0000000000002 2.0358487980929846e-6
1362.0 2.025657561417426e-6
1363.0 2.015434035405135e-6
1363.9999999999998 2.0051806171330077e-6
1365.0 1.9948996853655533e-6
1366.0 1.984593598796512e-6
1366.9999999999998 1.9742646943587895e-6
1368.0 1.963915285622437e-6
1369.0 1.953547661247585e-6
1370.0 1.9431640835304833e-6
1371.0 1.9327667870117537e-6
1372.0000000000002 1.922357977168075e-6
1373.0 1.9119398291796263e-6
1374.0 1.9015144867713018e-6
1374.9999999999998 1.8910840611288687e-6
1376.0 1.8806506298947391e-6
1377.0 1.8702162362347371e-6
1377.9999999999998 1.859782887977217e-6
1379.0 1.8493525568321452e-6
1380.0 1.8389271776707056e-6
1381.0 1.8285086478864192e-6
1382.0 1.8180988268173728e-6
1383.0000000000002 1.8076995352378564e-6
1384.0 1.7973125549193316e-6
1385.0 1.7869396282482147e-6
1385.9999999999998 1.776582457914301e-6
1387.0 1.766242706652815e-6
1388.0 1.755921997048205e-6
1388.9999999999998 1.7456219113955663e-6
1390.0 1.735343991611147e-6
1391.0 1.7250897392023934e-6
1392.0 1.714860615282214e-6
1393.0 1.7046580406372007e-6
1394.0000000000002 1.6944833958361342e-6
1395.0 1.6843380213842549e-6
1396.0 1.6742232179262621e-6
1396.9999999999998 1.6641402464770127e-6
1398.0 1.6540903286975401e-6
1399.0 1.6440746472090906e-6
1399.9999999999998 1.6340943459309477e-6
1401.0 1.6241505304604583e-6
1402.0 1.614244268476874e-6
1403.0 1.6043765901718387e-6
1404.0 1.5945484887097502e-6
1405.0000000000002 1.5847609207091065e-6
1406.0 1.5750148067454975e-6
1407.0 1.5653110318765795e-6
1407.9999999999998 1.5556504461851485e-6
1409.0 1.5460338653383867e-6
1410.0 1.5364620711612367e-6
1410.9999999999998 1.5269358122255886e-6
1412.0 1.5174558044517913e-6
1413.0 1.5080227317167718e-6
1414.0 1.498637246478175e-6
1415.0 1.489299970398028e-6
1416.0000000000002 1.4800114949823645e-6
1417.0 1.4707723822153394e-6
1418.0 1.4615831652105511e-6
1419.0000000000002 1.4524443488527053e-6
1420.0 1.4433564104506972e-6
1421.0 1.4343198003857763e-6
1421.9999999999998 1.425334942763047e-6
1423.0 1.4164022360615346e-6
1424.0 1.407522053780149e-6
1425.0 1.3986947450862836e-6
1426.0 1.3899206354529623e-6
1427.0000000000002 1.3812000273028797e-6
1428.0 1.3725332006358623e-6
1429.0 1.3639204136606667e-6
1430.0000000000002 1.3553619034160615e-6
1431.0 1.3468578863846553e-6
1432.0 1.3384085591045865e-6
1432.9999999999998 1.3300140987682962e-6
1434.0 1.321674663816956e-6
1435.0 1.3133903945257344e-6
1436.0 1.3051614135796114e-6
1437.0 1.2969878266406865e-6
1438.0000000000002 1.2888697229081054e-6
1439.0 1.2808071756658045e-6
1440.0 1.2728002428205913e-6
1441.0000000000002 1.2648489674340892e-6
1442.0 1.2569533782383708e-6
1443.0 1.2491134901474905e-6
1443.9999999999998 1.2413293047541002e-6
1445.0 1.233600810816788e-6
1446.0 1.2259279847386103e-6
1447.0 1.2183107910321073e-6
1448.0 1.2107491827748314e-6
1449.0000000000002 1.2032431020535668e-6
1450.0 1.19579248039876e-6
1451.0 1.1883972392066423e-6
1452.0000000000002 1.181057290150729e-6
1453.0 1.1737725355828822e-6
1454.0 1.1665428689235489e-6
1454.9999999999998 1.1593681750391038e-6
1456.0 1.1522483306127321e-6
1457.0 1.1451832045003768e-6
1458.0 1.1381726580758866e-6
1459.0 1.1312165455705807e-6
1460.0 1.1243147143950284e-6
1461.0 1.1174670054574928e-6
1462.0 1.1106732534647904e-6
1463.0000000000002 1.103933287219444e-6
1464.0 1.0972469299028502e-6
1465.0 1.0906139993489872e-6
1465.9999999999998 1.0840343083096603e-6
1467.0 1.0775076647053473e-6
1468.0 1.071033871872989e-6
1469.0 1.0646127288002271e-6
1470.0 1.0582440303481398e-6
1471.0 1.0519275674703025e-6
1472.0 1.045663127417884e-6
1473.0 1.0394504939369428e-6
1474.0000000000002 1.0332894474570734e-6
1475.0 1.0271797652732163e-6
1476.0 1.0211212217138991e-6
1476.9999999999998 1.0151135883055214e-6
1478.0 1.0091566339265229e-6
1479.0 1.0032501249542143e-6
1480.0 9.973938254004182e-7
1481.0 9.915874970447983e-7
1482.0 9.858308995556722e-7
1483.0 9.801237906049995e-7
1484.0 9.744659259768114e-7
1485.0000000000002 9.68857059667315e-7
1486.0 9.632969439772246e-7
1487.0 9.577853296008153e-7
1487.9999999999998 9.523219657039525e-7
1489.0 9.469065999983424e-7
1490.0 9.41538978808666e-7
1491.0 9.362188471342977e-7
1492.0 9.309459487041206e-7
1493.0 9.257200260266784e-7
1494.0 9.205408204346731e-7
1495.0 9.154080721234201e-7
1496.0000000000002 9.103215201859686e-7
1497.0 9.052809026414235e-7
1498.0 9.002859564601285e-7
1498.9999999999998 8.953364175850068e-7
1500.0 8.904320209455867e-7
1501.0 8.85572500473991e-7
1502.0 8.807575891100036e-7
1503.0 8.759870188104298e-7
1504.0 8.712605205478428e-7
1505.0 8.665778243128499e-7
1506.0 8.619386591099894e-7
1507.0000000000002 8.573427529525296e-7
1508.0 8.527898328544796e-7
1509.0 8.48279624821434e-7
1509.9999999999998 8.438118538403497e-7
1511.0 8.393862438661233e-7
1512.0 8.35002517808713e-7
1513.0 8.306603975192069e-7
1514.0 8.263596037750584e-7
1515.0 8.220998562640408e-7
1516.0 8.178808735710962e-7
1517.0 8.137023731618684e-7
1518.0000000000002 8.095640713692051e-7
1519.0 8.054656833789817e-7
1520.0 8.014069232177606e-7
1520.9999999999998 7.973875037412699e-7
1522.0 7.934071366233497e-7
1523.0 7.894655323487045e-7
1524.0 7.855624002051813e-7
1525.0 7.8169744827987e-7
1526.0 7.778703834555242e-7
1527.0 7.740809114116977e-7
1528.0 7.703287366257245e-7
1529.0000000000002 7.666135623799943e-7
1530.0 7.629350907673887e-7
1531.0 7.592930227046914e-7
1531.9999999999998 7.55687057944952e-7
1533.0 7.521168950958666e-7
1534.0 7.48582231639951e-7
1535.0 7.450827639592609e-7
1536.0 7.416181873618446e-7
1537.0 7.381881961131112e-7
1538.0 7.347924834708904e-7
1539.0 7.314307417225661e-7
1540.0000000000002 7.281026622274428e-7
1541.0 7.248079354611845e-7
1542.0 7.215462510641242e-7
1542.9999999999998 7.183172978942155e-7
1544.0 7.151207640816622e-7
1545.0 7.119563370871677e-7
1546.0 7.088237037649677e-7
1547.0 7.057225504263921e-7
1548.0 7.026525629087035e-7
1549.0 6.996134266458308e-7
1550.0 6.966048267410022e-7
1551.0000000000002 6.936264480435402e-7
1552.0 6.906779752274065e-7
1553.0 6.87759092870951e-7
1553.9999999999998 6.848694855405388e-7
1555.0 6.820088378746746e-7
1556.0 6.791768346704371e-7
1557.0 6.763731609709776e-7
1558.0 6.735975021543849e-7
1559.0 6.708495440242255e-7
1560.0 6.681289728997521e-7
1561.0 6.654354757084738e-7
1562.0000000000002 6.627687400764385e-7
1563.0 6.601284544223138e-7
1564.0 6.575143080479566e-7
1564.9999999999998 6.549259912316993e-7
1566.0 6.523631953190172e-7
1567.0 6.498256128141843e-7
1568.0 6.47312937469909e-7
1569.0 6.448248643770982e-7
1570.0 6.423610900522264e-7
1571.0 6.399213125252759e-7
1572.0 6.375052314235191e-7
1573.0000000000002 6.351125480556309e-7
1574.0 6.327429654940612e-7
1575.0 6.303961886535256e-7
1575.9999999999998 6.280719243698742e-7
1577.0 6.257698814740619e-7
1578.0 6.234897708668152e-7
1579.0 6.212313055880968e-7
1580.0 6.189942008850537e-7
1581.0 6.167781742783641e-7
1582.0 6.145829456240646e-7
1583.0 6.124082371736127e-7
1584.0000000000002 6.102537736312381e-7
1585.0 6.08119282207835e-7
1586.0 6.060044926718388e-7
1586.9999999999998 6.039091373985913e-7
1588.0 6.018329514143102e-7
1589.0 5.997756724391413e-7
1590.0 5.977370409264773e-7
1591.0 5.95716800099222e-7
1592.0 5.937146959827674e-7
1593.0 5.917304774358814e-7
1594.0 5.897638961780185e-7
1595.0000000000002 5.878147068139281e-7
1596.0 5.858826668551728e-7
1597.0 5.839675367396325e-7
1597.9999999999998 5.820690798471836e-7
1599.0 5.801870625133672e-7
1600.0 5.783212540401273e-7
1601.0 5.764714267047119e-7
1602.0 5.746373557645463e-7
1603.0 5.728188194612929e-7
1604.0 5.71015599021694e-7
1605.0 5.692274786565377e-7
1606.0000000000002 5.674542455564616e-7
1607.0 5.656956898874948e-7
1608.0 5.639516047826182e-7
1608.9999999999998 5.622217863326444e-7
1610.0 5.605060335746329e-7
1611.0 5.588041484789501e-7
1612.0 5.571159359341479e-7
1613.0 5.554412037306646e-7
1614.0 5.53779762542631e-7
1615.0 5.521314259089235e-7
1616.0 5.504960102115264e-7
1617.0000000000002 5.488733346542343e-7
1618.0 5.472632212390341e-7
1619.0 5.456654947418752e-7
1619.9999999999998 5.4407998268689e-7
1621.0 5.425065153205536e-7
1622.0 5.40944925583676e-7
1622.9999999999998 5.393950490841328e-7
1624.0 5.37856724067501e-7
1625.0 5.363297913875414e-7
1626.0 5.348140944760284e-7
1627.0 5.333094793126009e-7
1628.0000000000002 5.318157943927969e-7
1629.0 5.303328906968681e-7
1630.0 5.28860621657778e-7
1630.9999999999998 5.273988431288702e-7
1632.0 5.259474133512092e-7
1633.0 5.245061929208536e-7
1633.9999999999998 5.230750447557931e-7
1635.0 5.216538340631401e-7
1636.0 5.202424283056002e-7
1637.0 5.18840697168672e-7
1638.0 5.174485125268743e-7
1639.0000000000002 5.160657484111055e-7
1640.0 5.146922809752014e-7
1641.0 5.1332798846309e-7
1641.9999999999998 5.119727511757353e-7
1643.0 5.106264514386066e-7
1644.0 5.092889735690217e-7
1644.9999999999998 5.079602038437498e-7
1646.0 5.066400304670704e-7
1647.0 5.053283435388375e-7
1648.0 5.040250350226827e-7
1649.0 5.027299987152185e-7
1650.0000000000002 5.014431302145721e-7
1651.0 5.001643268899169e-7
1652.0 4.988934878510859e-7
1652.9999999999998 4.976305139186347e-7
1654.0 4.963753075943772e-7
1655.0 4.951277730315604e-7
1655.9999999999998 4.938878160066323e-7
1657.0 4.926553438901599e-7
1658.0 4.914302656192125e-7
1659.0 4.902124916692202e-7
1660.0 4.890019340269769e-7
1661.0000000000002 4.877985061632994e-7
1662.0 4.866021230069429e-7
1663.0 4.854127009181045e-7
1664.0000000000002 4.842301576630774e-7
1665.0 4.830544123885011e-7
1666.0 4.818853855969794e-7
1666.9999999999998 4.807229991220684e-7
1668.0 4.795671761046223e-7
1669.0 4.78417840968841e-7
1670.0 4.772749193992363e-7
1671.0 4.7613833831754204e-7
1672.0000000000002 4.7500802586036906e-7
1673.0 4.738839113571375e-7
1674.0 4.7276592530841915e-7
1675.0000000000002 4.716539993644952e-7
1676.0 4.7054806630474087e-7
1677.0 4.694480600169348e-7
1677.9999999999998 4.683539154769735e-7
1679.0 4.6726556872954523e-7
1680.0 4.6618295686825354e-7
1681.0 4.6510601801709405e-7
1682.0 4.640346913112726e-7
1683.0000000000002 4.629689168793611e-7
1684.0 4.6190863582499845e-7
1685.0 4.608537902096262e-7
1686.0000000000002 4.598043230349376e-7
1687.0 4.587601782261264e-7
1688.0 4.577213006152955e-7
1688.9999999999998 4.5668763592516734e-7
1690.0 4.5565913075315513e-7
1691.0 4.5463573255572966e-7
1692.0 4.53617389633251e-7
1693.0 4.526040511149015e-7
1694.0000000000002 4.515956669440369e-7
1695.0 4.505921878638203e-7
1696.0 4.495935654031234e-7
1697.0000000000002 4.4859975186277053e-7
1698.0 4.476107003021715e-7
1699.0 4.4662636452602325e-7
1699.9999999999998 4.456466990712974e-7
1701.0 4.4467165919475125e-7
1702.0 4.437012008606405e-7
1703.0 4.427352807285526e-7
1704.0 4.417738561413703e-7
1705.0000000000002 4.408168851141773e-7
1706.0 4.398643263224953e-7
1707.0 4.389161390916701e-7
1708.0000000000002 4.3797228338583655e-7
1709.0 4.370327197973257e-7
1710.0 4.3609740953678703e-7
1710.9999999999998 4.3516631442274035e-7
1712.0 4.3423939687198133e-7
1713.0 4.333166198900809e-7
1714.0 4.3239794706189487e-7
1715.0 4.314833425428133e-7
1716.0 4.305727710496184e-7
1717.0 4.296661978520012e-7
1718.0 4.287635887642826e-7
1719.0000000000002 4.2786491013708814e-7
1720.0 4.269701288497786e-7
1721.0 4.2607921230223667e-7
1721.9999999999998 4.2519212840784144e-7
1723.0 4.2430884558607894e-7
1724.0 4.2342933275546115e-7
1725.0 4.2255355932682843e-7
1726.0 4.2168149519662713e-7
1727.0 4.2081311074060455e-7
1728.0 4.199483768077185e-7
1729.0 4.190872647140937e-7
1730.0000000000002 4.182297462372063e-7
1731.0 4.173757936106185e-7
1732.0 4.1652537951837353e-7
1732.9999999999998 4.156784770900497e-7
1734.0 4.1483505989592993e-7
1735.0 4.1399510194205463e-7
1736.0 4.1315857766595234e-7
1737.0 4.1232546193231957e-7
1738.0 4.114957300288964e-7
1739.0 4.106693576625827e-7
1740.0 4.098463209558988e-7
1741.0000000000002 4.0902659644341983e-7
1742.0 4.082101610684927e-7
1743.0 4.0739699218022797e-7
1743.9999999999998 4.065870675307311e-7
1745.0 4.0578036527224663e-7
1746.0 4.049768639550036e-7
1747.0 4.041765425246068e-7
1748.0 4.033793803203443e-7
1749.0 4.025853570731443e-7
1750.0 4.0179445290396495e-7
1751.0 4.0100664832242503e-7
1752.0000000000002 4.002219242256177e-7
1753.0 3.994402618968023e-7
1754.0 3.9866164300499826e-7
1754.9999999999998 3.978860496038439e-7
1756.0 3.971134641317723e-7
1757.0 3.9634386941132017e-7
1758.0 3.9557724864920287e-7
1759.0 3.9481358543674486e-7
1760.0 3.9405286374990524e-7
1761.0 3.9329506795022454e-7
1762.0 3.925401827852203e-7
1763.0000000000002 3.9178819338981774e-7
1764.0 3.9103908528722247e-7
1765.0 3.9029284439036395e-7
1765.9999999999998 3.8954945700376314e-7
1767.0 3.888089098249362e-7
1768.0 3.880711899467531e-7
1769.0 3.8733628485934335e-7
1770.0 3.8660418245285045e-7
1771.0 3.858748710197847e-7
1772.0 3.8514833925782094e-7
1773.0 3.8442457627311855e-7
1774.0000000000002 3.8370357158316785e-7
1775.0 3.8298531512050925e-7
1776.0 3.822697972360318e-7
1776.9999999999998 3.8155700870317333e-7
1778.0 3.8084694072167095e-7
1779.0 3.8013958492170937e-7
1780.0 3.794349333686659e-7
1781.0 3.787329785673261e-7
1782.0 3.780337134669195e-7
1783.0 3.773371314658768e-7
1784.0 3.7664322641729186e-7
1785.0000000000002 3.759519926340624e-7
1786.0 3.7526342489433266e-7
1787.0 3.745775184475396e-7
1787.9999999999998 3.738942690198965e-7
1789.0 3.7321367282085976e-7
1790.0 3.7253572654893223e-7
1791.0 3.7186042739845347e-7
1792.0 3.711877730659174e-7
1793.0 3.70517761756653e-7
1794.0 3.6985039219200436e-7
1795.0 3.691856636158459e-7
1796.0000000000002 3.6852357580225245e-7
1797.0 3.678641290622912e-7
1798.0 3.672073242518345e-7
1798.9999999999998 3.665531627788535e-7
1800.0 3.659016466110393e-7
1801.0 3.6525277828371505e-7
1802.0 3.6460656090746583e-7
1803.0 3.6396299817623453e-7
1804.0 3.633220943750707e-7
1805.0 3.6268385438838014e-7
1806.0 3.620482837079373e-7
1807.0000000000002 3.614153884410035e-7
1808.0 3.607851753185611e-7
1809.0 3.6015765170325754e-7
1809.9999999999998 3.5953282559784276e-7
1811.0 3.5891070565303704e-7
1812.0 3.5829130117577736e-7
1813.0 3.576746221372332e-7
1814.0 3.570606791807596e-7
1815.0 3.5644948362970803e-7
1816.0 3.5584104749517406e-7
1817.0 3.552353834837457e-7
1818.0000000000002 3.5463250500481663e-7
1819.0 3.540324261778441e-7
1820.0 3.534351618394913e-7
1820.9999999999998 3.52840727550492e-7
1822.0 3.5224913960204227e-7
1823.0 3.5166041502220913e-7
1824.0 3.5107457158189574e-7
1825.0 3.5049162780043924e-7
1826.0 3.499116029507559e-7
1827.0 3.49334517064233e-7
1828.0 3.4876039093518525e-7
1829.0000000000002 3.481892461244988e-7
1830.0 3.4762110496323683e-7
1831.0 3.4705599055538547e-7
1831.9999999999998 3.4649392677997274e-7
1833.0 3.4593493829288053e-7
1834.0 3.4537905052752453e-7
1835.0 3.448262896951365e-7
1836.0 3.4427668278430173e-7
1837.0 3.437302575594713e-7
1838.0 3.4318704255886615e-7
1839.0 3.426470670912995e-7
1840.0000000000002 3.4211036123219775e-7
1841.0 3.4157695581862477e-7
1842.0 3.4104688244322134e-7
1842.9999999999998 3.4052017344710277e-7
1844.0 3.3999686191168006e-7
1845.0 3.394769816492201e-7
1846.0 3.389605671923537e-7
1847.0 3.3844765378209795e-7
1848.0 3.379382773548215e-7
1849.0 3.3743247452771285e-7
1850.0 3.369302825828882e-7
1851.0000000000002 3.364317394500357e-7
1852.0 3.3593688368778683e-7
1853.0 3.3544575446316625e-7
1853.9999999999998 3.34958391530028e-7
1855.0 3.344748352053253e-7
1856.0 3.3399512634433615e-7
1857.0 3.33519306313744e-7
1858.0 3.330474169634481e-7
1859.0 3.3257950059628707e-7
1860.0 3.321155999364631e-7
1861.0 3.3165575809581045e-7
1862.0000000000002 3.312000185386494e-7
1863.0 3.307484250447468e-7
1864.0 3.3030102167047844e-7
1864.9999999999998 3.298578527082705e-7
1866.0 3.2941896264439804e-7
1867.0 3.2898439611486766e-7
1868.0 3.285541978597711e-7
1869.0 3.2812841267579796e-7
1870.0 3.277070853670984e-7
1871.0 3.2729026069476554e-7
1872.0 3.268779833244628e-7
1873.0000000000002 3.26470297772584e-7
1874.0 3.260672483511908e-7
1875.0 3.2566887911131155e-7
1875.9999999999998 3.2527523378498586e-7
1877.0 3.24886355726245e-7
1878.0 3.2450228785071464e-7
1878.9999999999998 3.241230725744226e-7
1880.0 3.237487517515119e-7
1881.0 3.233793666111762e-7
1882.0 3.230149576940995e-7
1883.0 3.2265556478793674e-7
1884.0000000000002 3.2230122686286343e-7
1885.0 3.219519820064431e-7
1886.0 3.216078673585429e-7
1886.9999999999998 3.2126891904633356e-7
1888.0 3.209351721193313e-7
1889.0 3.2060666048485904e-7
1889.9999999999998 3.20283416844059e-7
1891.0 3.1996547262852027e-7
1892.0 3.196528579378763e-7
1893.0 3.193456014783658e-7
1894.0 3.190437305026045e-7
1895.0000000000002 3.1874727075087836e-7
1896.0 3.1845624639387963e-7
1897.0 3.181706799773043e-7
1897.9999999999998 3.178905923683517e-7
1899.0 3.176160027043141e-7
1900.0 3.173469283435085e-7
1900.9999999999998 3.1708338481859686e-7
1902.0 3.1682538579249827e-7
1903.0 3.1657294301718224e-7
1904.0 3.1632606629520654e-7
1905.0 3.160847634443511e-7
1906.0000000000002 3.1584904026549096e-7
1907.0 3.1561890051365766e-7
1908.0 3.153943458725779e-7
1908.9999999999998 3.1517537593261064e-7
1910.0 3.149619881723324e-7
1911.0 3.147541779437496e-7
1911.9999999999998 3.1455193846119764e-7
1913.0 3.143552607940333e-7
1914.0 3.141641338630805e-7
1915.0 3.1397854444088057e-7
1916.0 3.13798477155757e-7
1917.0000000000002 3.13623914499703e-7
1918.0 3.134548368400282e-7
1919.0 3.132912224347302e-7
1919.9999999999998 3.1313304745158856e-7
1921.0 3.12980285990862e-7
1922.0 3.1283291011157335e-7
1922.9999999999998 3.1269088986119775e-7
1924.0 3.125541933087726e-7
1925.0 3.1242278658121795e-7
1926.0 3.1229663390281867e-7
1927.0 3.121756976376552e-7
1928.0000000000002 3.12059938334903e-7
1929.0 3.119493147768889e-7
1930.0 3.1184378402958213e-7
1931.0000000000002 3.117433014955939e-7
1932.0 3.1164782096924693e-7
1933.0 3.1155729469379187e-7
1933.9999999999998 3.114716734204309e-7
1935.0 3.1139090646901383e-7
1936.0 3.1131494179022687e-7
1937.0 3.1124372602906217e-7
1938.0 3.1117720458947964e-7
1939.0000000000002 3.1111532169989286e-7
1940.0 3.110580204794853e-7
1941.0 3.110052430050637e-7
1942.0000000000002 3.109569303783103e-7
1943.0 3.109130227932456e-7
1944.0 3.108734596037342e-7
1944.9999999999998 3.108381793908641e-7
1946.0 3.10807120030077e-7
1947.0 3.10780218757834e-7
1948.0 3.10757412237709e-7
1949.0 3.107386366257863e-7
1950.0000000000002 3.107238276351795e-7
1951.0 3.107129205995845e-7
1952.0 3.1070585053573663e-7
1953.0000000000002 3.1070255220467295e-7
1954.0 3.107029601716766e-7
1955.0 3.107070088648442e-7
1955.9999999999998 3.107146326321529e-7
1957.0 3.107257657969659e-7
1958.0 3.1074034271195233e-7
1959.0 3.107582978112526e-7
1960.0 3.1077956566096643e-7
1961.0000000000002 3.1080408100781233e-7
1962.0 3.1083177882599183e-7
1963.0 3.1086259436218716e-7
1964.0000000000002 3.108964631786718e-7
1965.0 3.1093332119456296e-7
1966.0 3.1097310472513074e-7
1966.9999999999998 3.1101575051921333e-7
1968.0 3.11061195794745e-7
1969.0 3.111093782723534e-7
1970.0 3.1116023620709315e-7
1971.0 3.1121370841829165e-7
1972.0 3.1126973431756334e-7
1973.0 3.113282539349796e-7
1974.0 3.1138920794346423e-7
1975.0000000000002 3.1145253768142455e-7
1976.0 3.1151818517363154e-7
1977.0 3.1158609315044694e-7
1977.9999999999998 3.1165620506537943e-7
1979.0 3.117284651110478e-7
1980.0 3.1180281823358424e-7
1981.0 3.1187921014552476e-7
1982.0 3.1195758733723783e-7
1983.0 3.120378970869369e-7
1984.0 3.12120087469329e-7
1985.0 3.1220410736294263e-7
1986.0000000000002 3.122899064562115e-7
1987.0 3.123774352523335e-7
1988.0 3.124666450729664e-7
1988.9999999999998 3.1255748806082356e-7
1990.0 3.1264991718121666e-7
1991.0 3.127438862225742e-7
1992.0 3.128393497960176e-7
1993.0 3.129362633340405e-7
1994.0 3.130345830882972e-7
1995.0 3.1313426612660746e-7
1996.0 3.132352703291794e-7
1997.0000000000002 3.1333755438415013e-7
1998.0 3.1344107778240314e-7
1999.0 3.135458008117793e-7
1999.9999999999998 3.136516845507219e-7
