0.0 8.868007552643556e-6
1.0 8.868145855872169e-6
2.0 8.868560792104474e-6
3.0 8.869252441300835e-6
4.0 8.870220936281707e-6
5.0 8.871466463400992e-6
6.0 8.872989262563837e-6
7.0 8.874789626844525e-6
8.0 8.876867903182683e-6
9.0 8.879224492184376e-6
10.0 8.881859848760515e-6
10.999999999999998 8.884774481614847e-6
12.0 8.887968954140415e-6
13.000000000000002 8.891443884654946e-6
14.0 8.895199946206676e-6
14.999999999999998 8.899237867368532e-6
16.0 8.903558432372124e-6
17.0 8.908162481734215e-6
18.0 8.913050912151455e-6
19.0 8.918224677437535e-6
20.0 8.923684789016878e-6
21.0 8.929432315958286e-6
21.999999999999996 8.935468385804344e-6
23.0 8.941794185144751e-6
24.0 8.94841096021335e-6
25.0 8.955320017356932e-6
26.000000000000004 8.96252272382649e-6
27.0 8.970020508314003e-6
28.0 8.977814861748993e-6
29.0 8.985907338177627e-6
29.999999999999996 8.994299555306235e-6
31.0 9.00299319554883e-6
32.0 9.01199000676587e-6
33.0 9.021291803042579e-6
34.0 9.030900465811377e-6
35.0 9.0408179449765e-6
36.0 9.051046259004196e-6
37.0 9.061587497585994e-6
38.0 9.072443821121463e-6
39.0 9.083617462822359e-6
40.0 9.095110729548972e-6
41.0 9.106926003001021e-6
42.0 9.119065741316745e-6
43.0 9.131532479852814e-6
43.99999999999999 9.144328833066915e-6
45.0 9.157457495466395e-6
46.0 9.170921243580876e-6
47.0 9.18472293708978e-6
48.0 9.198865520397233e-6
49.0 9.213352024665074e-6
50.0 9.228185569063832e-6
51.0 9.243369362564815e-6
52.00000000000001 9.258906706363716e-6
53.0 9.274800994645331e-6
54.0 9.29105571748328e-6
55.0 9.307674462710494e-6
56.0 9.32466091729069e-6
57.0 9.342018870586484e-6
58.0 9.359752215409176e-6
59.0 9.377864951458949e-6
59.99999999999999 9.396361186917358e-6
61.0 9.415245141220302e-6
62.0 9.434521147417824e-6
63.0 9.454193655195308e-6
64.0 9.474267233456041e-6
65.0 9.494746572870358e-6
66.0 9.515636489053933e-6
67.0 9.536941925853728e-6
68.0 9.558667958073141e-6
69.0 9.580819794718155e-6
70.0 9.603402783004177e-6
71.0 9.626422411056497e-6
72.0 9.649884311894167e-6
73.0 9.673794267388097e-6
74.0 9.698158211501752e-6
75.0 9.722982234883696e-6
76.0 9.748272589227336e-6
77.0 9.774035690604135e-6
78.0 9.800278124745349e-6
79.0 9.82700665188947e-6
80.0 9.854228210548824e-6
81.0 9.881949923387631e-6
82.0 9.910179102033121e-6
83.00000000000001 9.93892325245014e-6
84.0 9.968190080634199e-6
85.0 9.997987498089e-6
86.0 1.0028323627893789e-5
87.0 1.0059206811383851e-5
87.99999999999999 1.0090645613482908e-5
89.0 1.0122648830310533e-5
90.0 1.0155225496284433e-5
91.0 1.0188384889883567e-5
92.0 1.0222136542845811e-5
92.99999999999999 1.0256490247076202e-5
94.0 1.0291456062298895e-5
95.0 1.0327044325452503e-5
96.0 1.036326565859876e-5
97.0 1.0400130978046966e-5
98.0 1.0437651504197777e-5
99.00000000000001 1.047583877109688e-5
100.0 1.0514704636281291e-5
101.0 1.0554261292058295e-5
102.0 1.0594521275612325e-5
103.0 1.063549748128312e-5
104.00000000000001 1.0677203172527359e-5
105.0 1.0719651993480284e-5
106.0 1.0762857982664576e-5
107.0 1.0806835586921425e-5
108.0 1.0851599674109687e-5
108.99999999999999 1.089716554892344e-5
110.0 1.0943548968095644e-5
111.0 1.0990766155671425e-5
112.0 1.103883382056881e-5
113.0 1.1087769173579398e-5
114.0 1.113758994510265e-5
115.00000000000001 1.1188314405137537e-5
116.0 1.1239961382257215e-5
117.0 1.1292550284649085e-5
118.0 1.1346101121512254e-5
119.0 1.1400634526272507e-5
119.99999999999999 1.1456171780030933e-5
121.0 1.1512734835960128e-5
122.0 1.1570346345557405e-5
123.0 1.1629029686366717e-5
124.0 1.1688808989333126e-5
124.99999999999999 1.1749709169978613e-5
126.0 1.1811755958323333e-5
127.0 1.1874975932409739e-5
128.0 1.1939396553388443e-5
129.0 1.2005046199921963e-5
130.0 1.2071954207469651e-5
131.0 1.2140150907935742e-5
132.0 1.2209667670639457e-5
133.0 1.2280536947421528e-5
134.0 1.2352792318357106e-5
135.0 1.2426468539762655e-5
136.0 1.250160159684998e-5
137.0 1.2578228756262153e-5
138.0 1.2656388623527234e-5
139.0 1.2736121202116722e-5
140.0 1.2817467957782688e-5
141.0 1.2900471884142874e-5
142.0 1.2985177572740324e-5
143.0 1.3071631288029143e-5
144.0 1.3159881043902194e-5
145.0 1.3249976689146747e-5
146.0 1.3341969992091941e-5
147.0 1.3435914734904997e-5
148.0 1.3531866810667213e-5
149.0 1.3629884327552273e-5
150.0 1.3730027717940887e-5
151.0 1.3832359856246161e-5
152.0 1.3936946180852459e-5
153.0 1.4043854826909684e-5
154.0 1.415315676412411e-5
155.0 1.4264925945965152e-5
156.0 1.437923946601494e-5
157.0 1.4496177725903945e-5
158.0 1.4615824614000933e-5
159.0 1.473826769463896e-5
160.0 1.4863598411528215e-5
161.0 1.4991912302266654e-5
162.0 1.5123309230001107e-5
163.0 1.5257893630776897e-5
164.0 1.5395774774090835e-5
164.99999999999997 1.5537067047592153e-5
166.00000000000003 1.568189025669036e-5
167.0 1.5830369949986097e-5
168.0 1.5982637762931923e-5
169.0 1.6138831792999875e-5
170.0 1.629909699827316e-5
171.0 1.646358562572766e-5
172.0 1.6632457676136555e-5
173.0 1.680588139964875e-5
174.0 1.6984033835126827e-5
174.99999999999997 1.716710138652943e-5
175.99999999999997 1.7355280449916754e-5
177.00000000000003 1.754877809129021e-5
178.0 1.7747812774587655e-5
179.0 1.7952615158419053e-5
180.0 1.8163428952854237e-5
181.0 1.83805118560976e-5
182.0 1.8604136564654713e-5
183.0 1.8834591881499314e-5
184.0 1.9072183917421673e-5
185.0 1.931723740081768e-5
185.99999999999997 1.9570097113966863e-5
187.00000000000003 1.983112945640986e-5
188.0 2.01007241640914e-5
189.0 2.037929618673491e-5
190.0 2.0667287755310574e-5
191.0 2.0965170655967507e-5
192.0 2.127344872566803e-5
193.0 2.159266061701627e-5
194.0 2.1923382842583217e-5
195.0 2.2266233151828878e-5
196.0 2.262187426427868e-5
196.99999999999997 2.299101802690545e-5
198.00000000000003 2.337443003053952e-5
199.0 2.37729347545646e-5
200.0 2.4187421318297965e-5
201.0 2.461884990941632e-5
202.0 2.506825899780214e-5
203.0 2.553677343657969e-5
204.0 2.602561358644991e-5
205.0 2.6536105618990287e-5
206.0 2.7069693168461677e-5
206.99999999999997 2.7627950558959383e-5
208.00000000000003 2.821259783509412e-5
209.00000000000003 2.882551791633856e-5
210.0 2.9468776202691714e-5
211.0 3.014464307085503e-5
212.0 3.085561974875303e-5
213.0 3.160446818317923e-5
214.0 3.239424562306644e-5
215.0 3.322834480163075e-5
216.0 3.411054080056545e-5
217.0 3.504504590882906e-5
217.99999999999997 3.6036574085550824e-5
219.00000000000003 3.709041703508693e-5
220.0 3.821253437587075e-5
221.0 3.940966096136859e-5
222.0 4.0689435268997606e-5
223.0 4.206055370226525e-5
224.0 4.35329570346258e-5
225.0 4.5118056832799816e-5
226.0 4.682901202929661e-5
227.0 4.868106866791259e-5
228.0 5.069197970733005e-5
228.99999999999997 5.288252698025568e-5
230.00000000000003 5.527717413034053e-5
231.0 5.790488840977992e-5
232.0 6.080018136764792e-5
233.0 6.400443399242057e-5
234.0 6.756759232198108e-5
235.0 7.155034475998954e-5
236.0 7.602692085869136e-5
237.0 8.108867841904335e-5
238.0 8.684865367498729e-5
238.99999999999997 9.344719618445649e-5
239.99999999999997 0.00010105858944926607
241.00000000000003 0.0001098979183332814
242.0 0.00012022579767783338
243.0 0.0001323445989170113
244.0 0.0001465707121594233
245.0 0.00016314821153903513
246.0 0.00018203563957849616
247.0 0.00020246665726224332
248.0 0.00022227046553077663
249.0 0.0002374287187417274
249.99999999999997 0.0002431800359643721
251.00000000000003 0.00023718666289380724
252.0 0.00022163692990620517
253.0 0.00020130481568975302
254.0 0.0001803134463107055
255.0 0.00016091557805315208
256.0 0.00014390957054869193
257.0 0.00012933750020585155
258.0 0.00011694359620948315
259.0 0.00010639746032024293
260.0 9.73842056813494e-5
261.0 8.9633129676417e-5
262.0 8.292135788975105e-5
263.0 7.706869328281022e-5
264.0 7.193031609209865e-5
265.0 6.738980291075825e-5
266.0 6.335321430421625e-5
267.0 5.9744337824191855e-5
268.0 5.650094898606966e-5
269.0 5.35719012486789e-5
270.0 5.091486707486564e-5
271.0 4.849458213651168e-5
272.0 4.628147552559143e-5
273.0 4.42505956839374e-5
274.0 4.238076341392642e-5
275.0 4.0653899823032355e-5
276.0 3.90544897177797e-5
277.0 3.756915046762207e-5
278.0 3.618628346622239e-5
279.0 3.489579065664681e-5
280.0 3.3688842656303635e-5
281.0 3.25576879807754e-5
282.0 3.149549527587391e-5
283.0 3.0496222144577907e-5
284.0 2.9554505562652623e-5
285.0 2.866556986262777e-5
286.0 2.782514916647371e-5
287.0 2.7029421669599457e-5
288.0 2.627495376062598e-5
289.0 2.5558652308949418e-5
290.0 2.487772376195936e-5
291.0 2.4229638970151415e-5
292.0 2.361210281803145e-5
293.0 2.3023027920371215e-5
294.0 2.246051177057514e-5
295.0 2.192281682396964e-5
296.0 2.1408353086173915e-5
297.0 2.0915662849943664e-5
298.0 2.0443407283275455e-5
299.0 1.9990354605151893e-5
300.0 1.9555369642259372e-5
301.0 1.9137404575109918e-5
302.0 1.8735490730851052e-5
303.0 1.8348731272028078e-5
304.0 1.797629468806697e-5
305.0 1.7617408970088505e-5
306.0 1.727135640024118e-5
307.0 1.693746888001137e-5
308.0 1.661512372519217e-5
309.0 1.6303739884715543e-5
310.0 1.600277452877242e-5
311.0 1.5711719964439302e-5
312.0 1.543010084714974e-5
313.0 1.5157471651425505e-5
314.0 1.4893414373561129e-5
315.0 1.4637536445846976e-5
316.0 1.4389468833941046e-5
317.0 1.414886430529081e-5
318.0 1.3915395844701835e-5
319.0 1.3688755208316176e-5
320.0 1.3468651598616208e-5
321.0 1.3254810449541806e-5
322.0 1.3046972312564432e-5
323.0 1.2844891832097673e-5
324.0 1.2648336803676159e-5
325.0 1.2457087305921921e-5
326.0 1.2270934900489243e-5
327.0 1.2089681894225685e-5
328.0 1.1913140655518045e-5
329.0 1.1741132985569354e-5
329.99999999999994 1.1573489532025765e-5
331.0 1.1410049248589279e-5
332.00000000000006 1.1250658892661127e-5
333.0 1.1095172559369139e-5
334.0 1.0943451248109242e-5
335.0 1.0795362459647563e-5
336.0 1.0650779821016726e-5
337.0 1.0509582736010529e-5
338.0 1.0371656059157183e-5
339.0 1.0236889792530924e-5
340.0 1.0105178800728108e-5
340.99999999999994 9.976422545742074e-6
342.0 9.850524839307913e-6
343.00000000000006 9.727393610018267e-6
344.0 9.606940685950256e-6
345.0 9.489081590345167e-6
346.0 9.373735351061017e-6
347.0 9.26082432024462e-6
348.0 9.150274005747017e-6
349.0 9.042012913252139e-6
349.99999999999994 8.935972396595023e-6
351.0 8.832086517807295e-6
351.99999999999994 8.730291914788943e-6
353.0 8.630527677469886e-6
354.00000000000006 8.532735229934095e-6
355.0 8.43685821983438e-6
356.0 8.342842414601254e-6
357.0 8.250635602166757e-6
358.0 8.160187498331289e-6
359.0 8.071449658273101e-6
360.0 7.984375393905987e-6
360.99999999999994 7.898919694614253e-6
362.0 7.8150391526108e-6
363.00000000000006 7.732691892841072e-6
364.0 7.651837505521106e-6
365.0 7.572436982955757e-6
366.0 7.494452659067862e-6
367.0 7.417848152729208e-6
368.0 7.342588313120714e-6
369.0 7.268639168210744e-6
370.0 7.195967876140184e-6
371.0 7.1245426784667e-6
371.99999999999994 7.0543328558921025e-6
373.0 6.985308686156816e-6
374.00000000000006 6.917441404214607e-6
375.0 6.85070316376831e-6
376.0 6.785067000868605e-6
377.0 6.720506799692802e-6
378.0 6.6569972591764195e-6
379.0 6.594513861595342e-6
380.0 6.533032842518298e-6
381.0 6.472531162184074e-6
382.0 6.412986478101005e-6
382.99999999999994 6.35437711892913e-6
384.0 6.296682059482253e-6
385.00000000000006 6.239880896884371e-6
386.0 6.1839538274630084e-6
387.0 6.128881625576949e-6
388.0 6.074645622054668e-6
389.0 6.021227684616782e-6
390.0 5.968610198613861e-6
391.0 5.916776048682004e-6
392.0 5.8657086013052645e-6
393.0 5.815391687909274e-6
393.99999999999994 5.765809588833422e-6
395.0 5.716947017788521e-6
396.00000000000006 5.668789107117223e-6
397.0 5.6213213935452375e-6
398.0 5.574529804542493e-6
399.0 5.528400645269067e-6
400.0 5.482920585971785e-6
401.0 5.4380766499982054e-6
402.0 5.393856202034901e-6
403.0 5.350246937169336e-6
404.0 5.307236869912196e-6
404.99999999999994 5.264814324342718e-6
406.0 5.222967923682839e-6
407.00000000000006 5.181686581249123e-6
408.0 5.140959490852498e-6
409.0 5.100776118438037e-6
410.0 5.061126193262877e-6
411.0 5.0219996997358465e-6
412.0 4.9833868698759745e-6
413.0 4.9452781752782605e-6
413.99999999999994 4.90766432023657e-6
415.0 4.8705362343283025e-6
416.00000000000006 4.833885065915136e-6
417.0 4.797702175445098e-6
418.00000000000006 4.7619791292885124e-6
419.0 4.72670769347262e-6
420.0 4.691879827905495e-6
421.0 4.65748768076211e-6
422.0 4.623523582967861e-6
423.0 4.589980042863256e-6
424.0 4.556849741197316e-6
424.99999999999994 4.524125526225123e-6
426.0 4.491800408788334e-6
427.00000000000006 4.4598675579266195e-6
428.0 4.4283202963460176e-6
429.0 4.397152096066932e-6
430.0 4.3663565744821045e-6
431.0 4.3359274900207725e-6
432.0 4.305858738637594e-6
433.0 4.276144349717817e-6
434.0 4.2467784828296995e-6
435.0 4.217755423763886e-6
435.99999999999994 4.189069581537866e-6
437.0 4.160715484875557e-6
438.00000000000006 4.132687779100953e-6
439.0 4.104981223043952e-6
440.0 4.077590686038748e-6
441.0 4.0505111450634696e-6
442.0 4.023737681942239e-6
443.0 3.997265480519349e-6
444.0 3.971089824242905e-6
445.0 3.945206093438043e-6
446.0 3.919609762811422e-6
446.99999999999994 3.894296399282991e-6
448.0 3.86926165939746e-6
449.00000000000006 3.844501287179736e-6
450.0 3.8200111120349345e-6
451.0 3.7957870464568844e-6
452.0 3.77182508410067e-6
453.0 3.748121297749031e-6
454.0 3.7246718373399748e-6
455.0 3.7014729281052588e-6
456.0 3.6785208687790047e-6
457.0 3.6558120297426807e-6
457.99999999999994 3.6333428514474885e-6
459.0 3.611109842506347e-6
460.00000000000006 3.589109578335057e-6
461.0 3.567338699331747e-6
462.0 3.545793909591509e-6
463.0 3.524471975123574e-6
464.0 3.5033697226743757e-6
465.0 3.4824840381250606e-6
466.0 3.4618118652297024e-6
467.0 3.4413502042583937e-6
468.0 3.421096110663865e-6
468.99999999999994 3.4010466938399107e-6
470.0 3.381199115958992e-6
471.00000000000006 3.3615505906604755e-6
472.0 3.3420983819878053e-6
473.0 3.3228398032143796e-6
474.0 3.303772215793939e-6
475.0 3.2848930281977506e-6
476.0 3.2661996949470007e-6
477.0 3.2476897156255435e-6
477.99999999999994 3.229360633767317e-6
479.0 3.211210036055596e-6
479.99999999999994 3.1932355512827253e-6
481.0 3.1754348494203094e-6
482.00000000000006 3.15780564083888e-6
483.0 3.1403456753639853e-6
484.0 3.123052741394519e-6
485.0 3.1059246652131975e-6
486.0 3.0889593100478967e-6
487.0 3.0721545753970226e-6
488.0 3.055508396161916e-6
488.99999999999994 3.039018742049112e-6
490.0 3.0226836166893414e-6
491.00000000000006 3.006501057068907e-6
492.0 2.990469132728182e-6
493.0 2.9745859451690657e-6
494.0 2.9588496271787926e-6
495.0 2.943258342197131e-6
496.0 2.9278102836736287e-6
497.0 2.9125036744656145e-6
498.0 2.897336766276711e-6
499.0 2.8823078390410977e-6
499.99999999999994 2.867415200366782e-6
501.0 2.8526571850095306e-6
502.00000000000006 2.8380321543130737e-6
503.0 2.823538495670549e-6
504.0 2.809174622050286e-6
505.0 2.7949389714812597e-6
506.0 2.7808300065146262e-6
507.0 2.766846213861572e-6
508.0 2.7529861037756516e-6
509.0 2.7392482097408568e-6
510.0 2.7256310879331495e-6
510.99999999999994 2.7121333168134167e-6
512.0 2.69875349671896e-6
513.0 2.685490249444191e-6
514.0 2.6723422177932243e-6
515.0 2.65930806525344e-6
516.0 2.646386475528777e-6
517.0 2.633576152247675e-6
518.0 2.6208758185358846e-6
519.0 2.608284216630044e-6
520.0 2.5958001076169918e-6
521.0 2.5834222709994457e-6
522.0 2.5711495044021584e-6
523.0 2.558980623207939e-6
524.0 2.546914460295797e-6
525.0 2.53494986565179e-6
526.0 2.523085706088376e-6
527.0 2.511320864969511e-6
528.0 2.4996542418660733e-6
529.0 2.488084752310787e-6
530.0 2.4766113274606786e-6
531.0 2.4652329138829188e-6
532.0 2.453948473246188e-6
533.0 2.4427569820274733e-6
534.0 2.431657431330905e-6
535.0 2.420648826547997e-6
536.0 2.409730187175424e-6
537.0 2.3989005465030386e-6
538.0 2.3881589514591907e-6
539.0 2.377504462296597e-6
540.0 2.366936152394807e-6
541.0 2.3564531080641746e-6
542.0 2.346054428269535e-6
543.0 2.3357392244601756e-6
544.0 2.3255066203256493e-6
545.0 2.315355751623781e-6
546.0 2.3052857659573837e-6
547.0 2.2952958225516956e-6
548.0 2.2853850921161654e-6
549.0 2.2755527566075086e-6
550.0 2.265798009066757e-6
551.0 2.256120053404811e-6
552.0 2.2465181042956895e-6
553.0 2.2369913868821033e-6
554.0 2.2275391367240962e-6
555.0 2.2181605995659045e-6
556.0 2.2088550311673794e-6
557.0 2.1996216971733257e-6
558.0 2.1904598729225097e-6
559.0 2.1813688433035797e-6
560.0 2.1723479026182284e-6
561.0 2.163396354411225e-6
562.0 2.1545135113111142e-6
563.0 2.1456986949376843e-6
564.0 2.1369512356824988e-6
565.0 2.12827047264809e-6
566.0 2.1196557534553612e-6
567.0 2.111106434132392e-6
568.0 2.102621878990012e-6
569.0 2.0942014604750305e-6
570.0 2.085844559051188e-6
571.0 2.077550563079306e-6
572.0 2.0693188686984173e-6
573.0 2.061148879685893e-6
574.0 2.0530400073661305e-6
575.0 2.0449916704830404e-6
576.0 2.0370032950769033e-6
577.0 2.0290743143907515e-6
578.0 2.0212041687552003e-6
579.0 2.013392305488241e-6
580.0 2.0056381787652016e-6
581.0 1.9979412495532984e-6
582.0 1.990300985464836e-6
583.0 1.982716860711974e-6
584.0 1.9751883559609305e-6
585.0 1.9677149582660853e-6
586.0 1.960296160951621e-6
587.0 1.952931463561013e-6
588.0 1.9456203716963995e-6
589.0 1.938362397003842e-6
590.0 1.9311570570478597e-6
591.0 1.9240038752218183e-6
592.0 1.916902380666324e-6
593.0 1.9098521082063195e-6
594.0 1.902852598242778e-6
595.0 1.8959033966907992e-6
596.0 1.8890040548982705e-6
597.0 1.8821541295467374e-6
598.0 1.8753531826081636e-6
599.0 1.8686007812478755e-6
600.0 1.8618964977670498e-6
601.0 1.8552399095039334e-6
602.0 1.8486305987995479e-6
603.0 1.8420681528842054e-6
604.0 1.8355521638585285e-6
605.0 1.8290822285818262e-6
606.0 1.8226579486355719e-6
607.0 1.8162789302347464e-6
608.0 1.8099447841866188e-6
609.0 1.8036551258064056e-6
610.0 1.7974095748802842e-6
611.0 1.7912077555688258e-6
612.0 1.785049296393809e-6
613.0 1.7789338301254832e-6
614.0 1.7728609937726838e-6
615.0 1.7668304284955594e-6
616.0 1.7608417795589786e-6
617.0 1.7548946962886722e-6
618.0 1.7489888319919822e-6
619.0 1.743123843922723e-6
620.0 1.737299393232608e-6
621.0 1.7315151448970519e-6
622.0 1.7257707676964947e-6
623.0 1.7200659341281999e-6
624.0 1.7144003203953653e-6
625.0 1.7087736063255377e-6
626.0 1.7031854753589745e-6
627.0 1.6976356144555145e-6
628.0 1.692123714097317e-6
629.0 1.6866494682063107e-6
630.0 1.6812125741168545e-6
631.0 1.6758127325338761e-6
632.0 1.6704496474746429e-6
633.0 1.6651230262458744e-6
634.0 1.6598325793881047e-6
635.0 1.6545780206362464e-6
636.0 1.6493590668838285e-6
637.0 1.6441754381378583e-6
638.0 1.6390268574908677e-6
639.0 1.6339130510637008e-6
640.0 1.6288337479803666e-6
641.0 1.6237886803302944e-6
642.0 1.6187775831287318e-6
643.0 1.613800194278677e-6
644.0 1.6088562545393178e-6
645.0 1.6039455074821485e-6
646.0 1.5990676994760068e-6
647.0 1.5942225796279307e-6
648.0 1.5894098997697816e-6
649.0 1.5846294144121751e-6
650.0 1.5798808807164124e-6
651.0 1.5751640584676984e-6
652.0 1.5704787100399364e-6
653.0000000000001 1.5658246003566614e-6
654.0 1.5612014968720307e-6
655.0 1.5566091695408421e-6
656.0 1.5520473907747276e-6
657.0 1.547515935432015e-6
658.0 1.5430145807800272e-6
659.0 1.538543106457623e-6
659.9999999999999 1.5341012944630842e-6
661.0 1.5296889291193913e-6
662.0 1.5253057970476337e-6
663.0 1.5209516871459106e-6
664.0000000000001 1.5166263905487304e-6
665.0 1.5123297006215943e-6
666.0 1.5080614129115201e-6
667.0 1.5038213251486749e-6
668.0 1.4996092372015523e-6
669.0 1.4954249510635665e-6
670.0 1.491268270821312e-6
670.9999999999999 1.4871390026377825e-6
672.0 1.483036954726951e-6
673.0 1.4789619373332482e-6
674.0 1.4749137627019699e-6
675.0000000000001 1.4708922450654154e-6
676.0 1.4668972006200458e-6
677.0 1.462928447497814e-6
678.0 1.4589858057560853e-6
679.0 1.4550690973474272e-6
680.0 1.4511781461067222e-6
681.0 1.4473127777250276e-6
681.9999999999999 1.4434728197332976e-6
683.0 1.4396581014839312e-6
684.0 1.4358684541232984e-6
685.0 1.4321037105944402e-6
686.0000000000001 1.4283637055830061e-6
687.0 1.4246482755391866e-6
688.0 1.4209572586278414e-6
688.9999999999999 1.4172904947281233e-6
690.0 1.4136478254111564e-6
691.0 1.410029093924328e-6
692.0 1.4064341451711958e-6
692.9999999999999 1.4028628256989333e-6
694.0 1.399314983678248e-6
695.0 1.3957904688908809e-6
696.0 1.392289132712188e-6
697.0000000000001 1.3888108280968528e-6
698.0 1.3853554095625049e-6
699.0 1.3819227331759254e-6
699.9999999999999 1.3785126565358781e-6
701.0 1.3751250387580436e-6
702.0 1.371759740470351e-6
703.0 1.3684166237881262e-6
703.9999999999999 1.3650955522986878e-6
705.0 1.3617963910615289e-6
706.0 1.3585190065832803e-6
707.0 1.3552632668082659e-6
708.0000000000001 1.3520290411042612e-6
709.0 1.3488162002556498e-6
710.0 1.3456246164448734e-6
710.9999999999999 1.3424541632389632e-6
712.0 1.3393047155858689e-6
713.0 1.3361761497967486e-6
714.0 1.333068343535564e-6
715.0000000000001 1.329981175806414e-6
716.0 1.3269145269494195e-6
717.0 1.323868278621779e-6
718.0 1.3208423137880324e-6
719.0000000000001 1.3178365167165202e-6
720.0 1.314850772963984e-6
721.0 1.311884969365593e-6
721.9999999999999 1.3089389940240738e-6
723.0 1.3060127363091716e-6
724.0 1.3031060868376964e-6
725.0 1.300218937464866e-6
726.0000000000001 1.2973511812857075e-6
727.0 1.2945027126168796e-6
728.0 1.2916734269913822e-6
729.0 1.28886322114997e-6
730.0 1.2860719930328011e-6
731.0 1.2832996417732385e-6
732.0 1.2805460676894355e-6
732.9999999999999 1.2778111722769084e-6
734.0 1.2750948582016255e-6
735.0 1.27239702928674e-6
736.0 1.2697175905207668e-6
737.0000000000001 1.2670564480352572e-6
738.0 1.264413509107747e-6
739.0 1.2617886821522709e-6
740.0 1.259181876711231e-6
741.0 1.2565930034604713e-6
742.0 1.2540219741846185e-6
743.0 1.2514687017905734e-6
743.9999999999999 1.2489331002915134e-6
745.0 1.2464150848050067e-6
746.0 1.2439145715498232e-6
747.0 1.2414314778361607e-6
748.0000000000001 1.2389657220685905e-6
749.0 1.2365172237354442e-6
750.0 1.2340859034102763e-6
751.0 1.2316716827430698e-6
752.0 1.2292744844597458e-6
753.0 1.22689423236013e-6
754.0 1.224530851310405e-6
754.9999999999999 1.222184267244278e-6
756.0 1.2198544071599527e-6
757.0 1.2175411991122315e-6
758.0 1.2152445722206058e-6
759.0000000000001 1.212964456658598e-6
760.0 1.210700783651819e-6
761.0 1.2084534854857873e-6
762.0 1.2062224954916136e-6
763.0 1.2040077480563584e-6
764.0 1.2018091786126855e-6
765.0 1.1996267236447483e-6
765.9999999999999 1.1974603206854138e-6
767.0 1.1953099083168644e-6
768.0 1.1931754261670318e-6
769.0 1.1910568149173322e-6
770.0000000000001 1.1889540162924553e-6
771.0 1.1868669730720996e-6
772.0 1.1847956290830357e-6
773.0 1.1827399292053632e-6
774.0 1.1806998193733987e-6
775.0 1.178675246574678e-6
776.0 1.1766661588525e-6
776.9999999999999 1.1746725053113984e-6
778.0 1.1726942361160355e-6
779.0 1.1707313024934157e-6
780.0 1.1687836567378726e-6
781.0000000000001 1.166851252211075e-6
782.0 1.1649340433500065e-6
783.0 1.1630319856659373e-6
784.0 1.1611450357500106e-6
785.0 1.1592731512764086e-6
786.0 1.1574162910073713e-6
787.0 1.1555744147973531e-6
787.9999999999999 1.1537474835977465e-6
789.0 1.1519354594602946e-6
790.0 1.1501383055445113e-6
791.0 1.1483559861207038e-6
792.0000000000001 1.1465884665779675e-6
793.0 1.144835713426799e-6
794.0 1.1430976943069391e-6
795.0 1.141374377994611e-6
796.0 1.1396657344054335e-6
797.0 1.137971734602422e-6
798.0 1.13629235080613e-6
798.9999999999999 1.1346275563946694e-6
800.0 1.1329773259155753e-6
801.0 1.1313416350921005e-6
802.0 1.1297204608308568e-6
803.0000000000001 1.1281137812267085e-6
804.0 1.1265215755715746e-6
805.0 1.1249438243642648e-6
806.0 1.123380509315794e-6
807.0 1.121831613355688e-6
808.0 1.1202971206427492e-6
809.0 1.1187770165726576e-6
809.9999999999999 1.117271287781554e-6
811.0 1.1157799221594486e-6
812.0 1.1143029088541383e-6
813.0 1.112840238279374e-6
814.0000000000001 1.1113919021227233e-6
815.0 1.1099578933531507e-6
816.0 1.1085382062271763e-6
816.9999999999999 1.1071328362954166e-6
818.0 1.1057417804102445e-6
819.0 1.1043650367305682e-6
820.0 1.1030026047293909e-6
820.9999999999999 1.1016544851964544e-6
822.0 1.100320680245293e-6
823.0 1.0990011933149537e-6
824.0 1.097696029177684e-6
825.0000000000001 1.096405193936521e-6
826.0 1.0951286950321842e-6
827.0 1.0938665412395616e-6
827.9999999999999 1.0926187426710457e-6
829.0 1.0913853107748186e-6
830.0 1.0901662583333542e-6
831.0 1.088961599458189e-6
832.0000000000001 1.0877713495860375e-6
833.0 1.0865955254739286e-6
834.0 1.0854341451882756e-6
835.0 1.0842872280998226e-6
836.0000000000001 1.0831547948651995e-6
837.0 1.082036867420398e-6
838.0 1.0809334689590475e-6
838.9999999999999 1.0798446239176507e-6
840.0 1.0787703579526142e-6
841.0 1.0777106979179514e-6
842.0 1.0766656718366706e-6
843.0000000000001 1.0756353088721529e-6
844.0 1.0746196392932759e-6
845.0 1.0736186944404769e-6
846.0 1.0726325066805413e-6
847.0000000000001 1.0716611093636813e-6
848.0 1.07070453677526e-6
849.0 1.0697628240783134e-6
849.9999999999999 1.0688360072570462e-6
851.0 1.0679241230519643e-6
852.0 1.0670272088875058e-6
853.0 1.0661453027995204e-6
854.0000000000001 1.0652784433508025e-6
855.0 1.0644266695432107e-6
856.0 1.0635900207220874e-6
857.0 1.0627685364738072e-6
858.0 1.0619622565154672e-6
859.0 1.0611712205762464e-6
860.0 1.0603954682720404e-6
860.9999999999999 1.0596350389704345e-6
862.0 1.0588899716461412e-6
863.0 1.058160304729082e-6
864.0 1.0574460759420093e-6
865.0000000000001 1.0567473221287036e-6
866.0 1.0560640790705144e-6
867.0 1.0553963812953193e-6
868.0 1.054744261874926e-6
869.0 1.0541077522106221e-6
870.0 1.0534868818114793e-6
871.0 1.0528816780564418e-6
871.9999999999999 1.0522921659532131e-6
873.0 1.0517183678790142e-6
874.0 1.051160303317577e-6
875.0 1.0506179885818364e-6
876.0000000000001 1.0500914365299048e-6
877.0 1.0495806562703693e-6
878.0 1.0490856528614637e-6
879.0 1.0486064270010356e-6
880.0 1.0481429747131992e-6
881.0 1.0476952870281667e-6
882.0 1.0472633496611304e-6
882.9999999999999 1.0468471426889302e-6
884.0 1.0464466402278392e-6
885.0 1.046061810116811e-6
886.0 1.0456926136053996e-6
887.0000000000001 1.0453390050527923e-6
888.0 1.0450009316407222e-6
889.0 1.044678333102794e-6
890.0 1.0443711414775535e-6
891.0 1.044079280887823e-6
892.0 1.043802667354081e-6
893.0 1.0435412086458821e-6
893.9999999999999 1.043294804180368e-6
895.0 1.0430633449729628e-6
896.0 1.0428467136500569e-6
897.0 1.042644784530193e-6
898.0000000000001 1.0424574237846661e-6
899.0 1.042284489686218e-6
900.0 1.0421258329557122e-6
901.0 1.0419812972184485e-6
902.0 1.0418507195800882e-6
903.0 1.0417339313339771e-6
904.0 1.0416307588114223e-6
904.9999999999999 1.0415410243865793e-6
906.0 1.041464547647342e-6
907.0 1.0414011467429957e-6
908.0 1.0413506399205983e-6
909.0000000000001 1.041312847258121e-6
910.0 1.041287592603756e-6
911.0 1.041274705729119e-6
912.0 1.0412740246999816e-6
913.0 1.041285398468564e-6
914.0 1.0413086896868359e-6
915.0 1.0413437777365754e-6
915.9999999999999 1.0413905619697327e-6
917.0 1.0414489651458643e-6
918.0 1.0415189370503767e-6
919.0 1.0416004582696064e-6
920.0000000000001 1.0416935440933324e-6
921.0 1.0417982485095563e-6
922.0 1.041914668246277e-6
923.0 1.0420429468099127e-6
924.0 1.0421832784610515e-6
925.0 1.042335912060036e-6
926.0 1.0425011547071388e-6
926.9999999999999 1.0426793750955168e-6
928.0 1.0428710064869068e-6
929.0 1.0430765492162676e-6
930.0 1.04329657262505e-6
931.0000000000001 1.0435317163227519e-6
932.0 1.0437826906750058e-6
933.0 1.044050276418085e-6
934.0 1.0443353233069874e-6
935.0 1.044638747712e-6
936.0 1.044961529090867e-6
937.0 1.045304705281831e-6
937.9999999999999 1.0456693665802039e-6
939.0 1.0460566485865236e-6
940.0 1.0464677238440344e-6
941.0 1.046903792308272e-6
942.0000000000001 1.0473660707314874e-6
943.0 1.0478557810703026e-6
944.0 1.0483741380684438e-6
944.9999999999999 1.0489223361924469e-6
946.0 1.0495015361338585e-6
947.0 1.0501128511167487e-6
948.0 1.0507573332708111e-6
948.9999999999999 1.051435960348842e-6
950.0 1.0521496230707871e-6
951.0 1.0528991133774664e-6
952.0 1.0536851138678027e-6
953.0000000000001 1.054508188673564e-6
954.0 1.0553687759934168e-6
955.0 1.056267182476896e-6
955.9999999999999 1.057203579604207e-6
957.0 1.0581780021512063e-6
958.0 1.0591903487904548e-6
959.0 1.0602403848126586e-6
959.9999999999999 1.0613277469013118e-6
961.0 1.0624519498554271e-6
962.0 1.063612395087861e-6
963.0 1.0648083807105233e-6
964.0000000000001 1.066039112964239e-6
965.0 1.0673037187473195e-6
966.0 1.068601258964632e-6
966.9999999999999 1.069930742430537e-6
968.0 1.0712911400432555e-6
969.0 1.0726813989759755e-6
970.0 1.0741004566355224e-6
971.0000000000001 1.075547254167015e-6
972.0 1.077020749306825e-6
973.0 1.0785199284212644e-6
974.0 1.0800438175861735e-6
975.0000000000001 1.0815914926174944e-6
976.0 1.0831620879634488e-6
977.0 1.0847548044264977e-6
977.9999999999999 1.0863689156882476e-6
979.0 1.088003773647298e-6
980.0 1.0896588125987668e-6
981.0 1.0913335522978847e-6
982.0000000000001 1.0930275999643729e-6
983.0 1.0947406513038716e-6
984.0 1.0964724906188928e-6
985.0 1.0982229901013294e-6
986.0 1.0999921083801994e-6
987.0 1.1017798884306918e-6
988.0 1.1035864549094607e-6
988.9999999999999 1.105412011024752e-6
990.0 1.1072568350003894e-6
991.0 1.1091212762256087e-6
992.0 1.1110057511494383e-6
993.0000000000001 1.1129107389974384e-6
994.0 1.1148367773563586e-6
995.0 1.1167844576946529e-6
996.0 1.118754420852915e-6
997.0 1.1207473525543485e-6
998.0 1.1227639789692446e-6
999.0 1.1248050623635317e-6
999.9999999999999 1.1268713968568617e-6
1001.0 1.1289638043147487e-6
1002.0 1.1310831303856063e-6
1003.0 1.1332302407067764e-6
1004.0000000000001 1.1354060172808906e-6
1005.0 1.1376113550282055e-6
1006.0 1.139847158532402e-6
1007.0 1.142114338968459e-6
1008.0 1.1444138112173347e-6
1009.0 1.1467464911753603e-6
1010.0 1.1491132932386634e-6
1010.9999999999999 1.151515127972275e-6
1012.0 1.1539528999588311e-6
1013.0 1.1564275058127798e-6
1014.0 1.1589398323588602e-6
1015.0000000000001 1.1614907549747299e-6
1016.0 1.1640811360818903e-6
1017.0 1.166711823780209e-6
1018.0 1.1693836506232404e-6
1019.0 1.1720974325210902e-6
1020.0 1.1748539677765424e-6
1021.0 1.177654036222781e-6
1021.9999999999999 1.180498398492428e-6
1023.0 1.1833877953669328e-6
1024.0 1.1863229472472962e-6
1025.0 1.1893045537033123e-6
1026.0 1.1923332931056974e-6
1027.0 1.1954098223538837e-6
1028.0 1.1985347766598965e-6
1029.0 1.201708769420981e-6
1030.0 1.204932392134354e-6
1031.0 1.2082062143956472e-6
1032.0 1.211530783933647e-6
1033.0 1.2149066267065831e-6
1034.0 1.2183342470392105e-6
1035.0 1.2218141278052228e-6
1036.0 1.2253467306442573e-6
1037.0 1.2289324962207018e-6
1038.0 1.2325718445052488e-6
1039.0 1.2362651750870486e-6
1040.0 1.2400128675157115e-6
1041.0 1.2438152816525842e-6
1042.0 1.2476727580529065e-6
1043.0 1.2515856183494188e-6
1044.0 1.255554165662812e-6
1045.0 1.2595786850092651e-6
1046.0 1.2636594437199655e-6
1047.0 1.267796691866726e-6
1048.0 1.2719906626836607e-6
1049.0 1.276241572994419e-6
1050.0 1.2805496236310605e-6
1051.0 1.2849149998558532e-6
1052.0 1.2893378717659015e-6
1053.0 1.2938183946999038e-6
1054.0 1.298356709628768e-6
1055.0 1.3029529435238043e-6
1056.0 1.307607209744897e-6
1057.0 1.3123196083631513e-6
1058.0 1.3170902265145907e-6
1059.0 1.3219191387054592e-6
1060.0 1.3268064071067704e-6
1061.0 1.3317520818410243e-6
1062.0 1.3367562012133349e-6
1063.0 1.341818791971826e-6
1064.0 1.3469398694859325e-6
1065.0 1.3521194379513409e-6
1066.0 1.3573574905373574e-6
1067.0 1.3626540095210022e-6
1068.0 1.368008966393387e-6
1069.0 1.3734223219407947e-6
1070.0 1.3788940262927962e-6
1071.0 1.3844240189496435e-6
1072.0 1.3900122287754694e-6
1073.0 1.395658573965315e-6
1074.0 1.4013629619804883e-6
1075.0 1.4071252894711428e-6
1076.0 1.4129454421297853e-6
1077.0 1.4188232945757858e-6
1078.0 1.4247587101428748e-6
1079.0 1.4307515406956886e-6
1080.0 1.4368016263787045e-6
1081.0 1.4429087953483758e-6
1082.0 1.4490728634886668e-6
1083.0 1.4552936340573268e-6
1084.0 1.461570897363872e-6
1085.0 1.4679044303528216e-6
1086.0 1.4742939962069524e-6
1087.0 1.4807393438948805e-6
1088.0 1.4872402076991103e-6
1089.0 1.4937963067153561e-6
1090.0 1.5004073443189084e-6
1091.0 1.5070730076062524e-6
1092.0 1.5137929668048383e-6
1093.0 1.52056687466137e-6
1094.0 1.5273943657956265e-6
1095.0 1.5342750560272709e-6
1096.0 1.541208541685179e-6
1097.0 1.5481943988718212e-6
1098.0 1.5552321827207547e-6
1099.0 1.5623214266124464e-6
1100.0 1.5694616413772643e-6
1101.0 1.576652314464521e-6
1102.0 1.5838929090850792e-6
1103.0 1.591182863344835e-6
1104.0 1.598521589335916e-6
1105.0 1.6059084722125877e-6
1106.0 1.6133428692586145e-6
1107.0 1.6208241088978854e-6
1108.0 1.62835148972755e-6
1109.0 1.6359242795075023e-6
1110.0 1.6435417141160388e-6
1111.0 1.6512029965338373e-6
1112.0 1.6589072957589091e-6
1113.0 1.6666537457504029e-6
1114.0 1.6744414443142145e-6
1115.0 1.6822694520318918e-6
1116.0 1.690136791114856e-6
1117.0 1.6980424442901237e-6
1118.0 1.7059853536774967e-6
1119.0 1.7139644196426378e-6
1120.0 1.7219784996422388e-6
1121.0 1.7300264070981842e-6
1122.0 1.7381069102354343e-6
1123.0 1.7462187309369216e-6
1124.0 1.7543605436157131e-6
1125.0 1.762530974071342e-6
1126.0 1.7707285983667822e-6
1127.0 1.7789519417167924e-6
1128.0 1.7871994774015687e-6
1129.0 1.7954696256806384e-6
1130.0 1.8037607527369374e-6
1131.0 1.8120711696664242e-6
1132.0 1.8203991314587226e-6
1133.0 1.8287428360429386e-6
1134.0 1.8371004233643378e-6
1135.0 1.8454699744870137e-6
1136.0 1.8538495107641717e-6
1137.0 1.862236993059255e-6
1138.0 1.870630320990414e-6
1139.0 1.8790273322761494e-6
1140.0 1.8874258021349138e-6
1141.0 1.8958234427283514e-6
1142.0 1.9042179027230977e-6
1143.0 1.9126067669032085e-6
1144.0 1.920987555883311e-6
1145.0 1.9293577259155316e-6
1146.0 1.9377146687853935e-6
1147.0 1.9460557118213812e-6
1148.0 1.954378118008978e-6
1149.0 1.9626790862336646e-6
1150.0 1.9709557516223506e-6
1151.0 1.97920518604374e-6
1152.0 1.9874243987045375e-6
1153.0 1.995610336932877e-6
1154.0 2.0037598870577207e-6
1155.0 2.011869875484528e-6
1156.0 2.01993706988992e-6
1157.0 2.027958180603313e-6
1158.0 2.03592986213481e-6
1159.0 2.043848714901066e-6
1160.0 2.0517112871016373e-6
1161.0 2.0595140767785984e-6
1162.0 2.0672535340703887e-6
1163.0 2.0749260636483233e-6
1164.0 2.0825280273286277e-6
1165.0 2.0900557468949884e-6
1166.0 2.097505507091859e-6
1167.0 2.1048735588260638e-6
1168.0 2.1121561225575117e-6
1169.0 2.119349391878823e-6
1170.0 2.126449537282681e-6
1171.0 2.1334527101272796e-6
1172.0 2.140355046778994e-6
1173.0 2.147152672942665e-6
1174.0 2.153841708160598e-6
1175.0 2.1604182704882257e-6
1176.0 2.1668784813417864e-6
1177.0 2.1732184704769135e-6
1178.0 2.179434381148438e-6
1179.0 2.1855223753896377e-6
1180.0 2.1914786394191363e-6
1181.0 2.1972993891631363e-6
1182.0 2.2029808759040756e-6
1183.0 2.2085193919812494e-6
1184.0 2.2139112766089713e-6
1185.0 2.219152921719788e-6
1186.0 2.2242407778838245e-6
1187.0 2.229171360228815e-6
1188.0 2.2339412543943517e-6
1189.0 2.2385471224681148e-6
1190.0 2.2429857088959514e-6
1191.0 2.247253846352041e-6
1192.0 2.2513484615410777e-6
1193.0 2.255266580915682e-6
1194.0 2.259005336301682e-6
1195.0 2.2625619703779415e-6
1196.0 2.265933842031833e-6
1197.0 2.2691184315441162e-6
1198.0 2.2721133455817175e-6
1199.0 2.2749163220120793e-6
1200.0 2.2775252344580573e-6
1201.0 2.279938096650785e-6
1202.0 2.282153066505409e-6
1203.0 2.2841684499217572e-6
1204.0 2.2859827043048736e-6
1205.0 2.2875944417780133e-6
1206.0 2.2890024320738083e-6
1207.0 2.290205605102151e-6
1208.0 2.291203053168214e-6
1209.0 2.2919940328529374e-6
1210.0 2.2925779665275154e-6
1211.0 2.292954443496377e-6
1212.0 2.2931232207868687e-6
1213.0 2.293084223552089e-6
1214.0 2.2928375451039907e-6
1215.0 2.292383446572893e-6
1216.0 2.2917223561931402e-6
1217.0 2.2908548682134795e-6
1218.0 2.2897817414519647e-6
1219.0 2.2885038974851443e-6
1220.0 2.2870224184851365e-6
1221.0 2.2853385447227487e-6
1222.0 2.28345367173142e-6
1223.0 2.2813693471616158e-6
1224.0 2.279087267319913e-6
1225.0 2.27660927342557e-6
1226.0 2.273937347588266e-6
1227.0 2.2710736085294893e-6
1228.0 2.268020307060394e-6
1229.0 2.2647798213350543e-6
1230.0 2.261354651907021e-6
1231.0 2.257747416590753e-6
1232.0 2.2539608451617004e-6
1233.0 2.2499977739119126e-6
1234.0 2.2458611400784997e-6
1235.0 2.241553976163536e-6
1236.0 2.237079404167865e-6
1237.0 2.2324406297639317e-6
1238.0 2.2276409364123135e-6
1239.0 2.222683679458424e-6
1240.0 2.2175722802160243e-6
1241.0 2.2123102200529876e-6
1242.0 2.2069010345153104e-6
1243.0 2.2013483074805625e-6
1244.0 2.1956556653812157e-6
1245.0 2.1898267714906332e-6
1246.0 2.183865320297346e-6
1247.0 2.1777750319967205e-6
1248.0 2.1715596470659554e-6
1249.0 2.165222920992974e-6
1250.0 2.158768619122765e-6
1251.0 2.152200511653406e-6
1252.0 2.1455223687888256e-6
1253.0 2.138737956044068e-6
1254.0 2.131851029726698e-6
1255.0 2.1248653325907125e-6
1256.0 2.1177845896608125e-6
1257.0 2.1106125042471763e-6
1258.0 2.1033527541418102e-6
1259.0 2.0960089880061485e-6
1260.0 2.0885848219366652e-6
1261.0 2.0810838362364896e-6
1262.0 2.073509572365031e-6
1263.0 2.0658655300808214e-6
1264.0 2.0581551647681814e-6
1265.0 2.0503818849502505e-6
1266.0 2.042549050000163e-6
1267.0 2.0346599680043044e-6
1268.0 2.0267178938282797e-6
1269.0 2.018726027345222e-6
1270.0 2.010687511830276e-6
1271.0 2.002605432526486e-6
1272.0 1.99448281536322e-6
1273.0 1.9863226258453776e-6
1274.0 1.9781277680634336e-6
1275.0 1.9699010838768983e-6
1276.0 1.961645352219767e-6
1277.0 1.9533632885466607e-6
1278.0 1.945057544391926e-6
1279.0 1.9367307070767583e-6
1280.0 1.9283852994976354e-6
1281.0 1.920023780061773e-6
1282.0 1.9116485426917165e-6
1283.0 1.903261916953323e-6
1284.0 1.8948661682592443e-6
1285.0 1.8864634981808134e-6
1286.0 1.8780560448138073e-6
1287.0 1.8696458832377272e-6
1288.0 1.8612350260514832e-6
1289.0 1.8528254239570315e-6
1290.0 1.844418966417404e-6
1291.0 1.8360174823658064e-6
1292.0 1.8276227409645245e-6
1293.0 1.8192364524215894e-6
1294.0 1.8108602688335191e-6
1295.0 1.802495785073161e-6
1296.0 1.7941445397301344e-6
1297.0 1.78580801603948e-6
1298.0 1.7774876428898676e-6
1299.0 1.7691847958097196e-6
1300.0 1.7609007980032506e-6
1301.0 1.7526369213905054e-6
1302.0 1.7443943876658048e-6
1303.0 1.7361743693626843e-6
1304.0 1.7279779909383096e-6
1305.0 1.719806329850261e-6
1306.0000000000002 1.711660417650125e-6
1307.0 1.7035412410684056e-6
1308.0 1.695449743106701e-6
1308.9999999999998 1.687386824130181e-6
1310.0 1.679353342941782e-6
1311.0 1.6713501178674337e-6
1312.0 1.663377927825471e-6
1313.0 1.6554375133854685e-6
1314.0 1.6475295778336432e-6
1315.0 1.63965478820353e-6
1316.0 1.631813776309179e-6
1317.0000000000002 1.6240071397680088e-6
1318.0 1.6162354430013637e-6
1319.0 1.6084992182291845e-6
1319.9999999999998 1.6007989664355742e-6
1321.0 1.5931351583353839e-6
1322.0 1.5855082353174135e-6
1323.0 1.5779186103639657e-6
1324.0 1.5703666689677794e-6
1325.0 1.5628527700189605e-6
1326.0 1.5553772466732546e-6
1327.0 1.5479404072243275e-6
1328.0000000000002 1.540542535922804e-6
1329.0 1.5331838938013718e-6
1330.0 1.5258647194849682e-6
1330.9999999999998 1.5185852299600388e-6
1332.0 1.5113456213414058e-6
1333.0 1.5041460696253717e-6
1334.0 1.4969867314074085e-6
1335.0 1.4898677445978988e-6
1336.0 1.4827892291097228e-6
1337.0 1.4757512875285582e-6
1338.0 1.4687540057727195e-6
1339.0000000000002 1.4617974537310016e-6
1340.0 1.454881685874103e-6
1341.0 1.4480067418697734e-6
1341.9999999999998 1.441172647161508e-6
1343.0 1.4343794135315637e-6
1344.0 1.4276270396705206e-6
1345.0 1.4209155116989655e-6
1346.0 1.4142448036897408e-6
1347.0 1.4076148781840194e-6
1348.0 1.4010256866684399e-6
1349.0 1.3944771700556487e-6
1350.0000000000002 1.3879692591460336e-6
1351.0 1.3815018750670926e-6
1352.0 1.3750749297136917e-6
1352.9999999999998 1.368688326159114e-6
1354.0 1.3623419590612832e-6
1355.0 1.3560357150560262e-6
1356.0 1.3497694731335228e-6
1357.0 1.3435431050077685e-6
1358.0 1.3373564754645574e-6
1359.0 1.3312094427079351e-6
1360.0 1.3251018586900866e-6
1361.0000000000002 1.3190335694301414e-6
1362.0 1.3130044153214354e-6
1363.0 1.3070142314291408e-6
1363.9999999999998 1.301062847776692e-6
1365.0 1.295150089627889e-6
1366.0 1.2892757777474274e-6
1366.9999999999998 1.283439728658101e-6
1368.0 1.277641754898011e-6
1369.0 1.2718816652493057e-6
1370.0 1.2661592649771794e-6
1371.0 1.2604743560466613e-6
1372.0000000000002 1.2548267373373753e-6
1373.0 1.2492162048505032e-6
1374.0 1.243642551909847e-6
1374.9999999999998 1.2381055693457879e-6
1376.0 1.2326050456823473e-6
1377.0 1.2271407673167817e-6
1377.9999999999998 1.2217125186843514e-6
1379.0 1.2163200824225275e-6
1380.0 1.2109632395274132e-6
1381.0 1.2056417695062574e-6
1382.0 1.2003554505218567e-6
1383.0000000000002 1.1951040595247255e-6
1384.0 1.1898873723970282e-6
1385.0 1.1847051640672262e-6
1385.9999999999998 1.1795572086466365e-6
1387.0 1.1744432795360123e-6
1388.0 1.1693631495391532e-6
1388.9999999999998 1.1643165909781611e-6
1390.0 1.1593033757867815e-6
1391.0 1.1543232756174616e-6
1392.0 1.1493760619268932e-6
1393.0 1.1444615060765395e-6
1394.0000000000002 1.1395793794123707e-6
1395.0 1.134729453344788e-6
1396.0 1.1299114994384788e-6
1396.9999999999998 1.1251252894756405e-6
1398.0 1.120370595534309e-6
1399.0 1.1156471900568794e-6
1399.9999999999998 1.1109548459113056e-6
1401.0 1.1062933364576081e-6
1402.0 1.1016624356062246e-6
1403.0 1.0970619178719407e-6
1404.0 1.0924915584298343e-6
1405.0000000000002 1.0879511331658803e-6
1406.0 1.0834404187258864e-6
1407.0 1.0789591925588835e-6
1407.9999999999998 1.0745072329631836e-6
1409.0 1.0700843191278193e-6
1410.0 1.0656902311685065e-6
1410.9999999999998 1.061324750168756e-6
1412.0 1.0569876582111557e-6
1413.0 1.0526787384129898e-6
1414.0 1.0483977749558235e-6
1415.0 1.044144553114468e-6
1416.0000000000002 1.0399188592866064e-6
1417.0 1.0357204810139468e-6
1418.0 1.0315492070127232e-6
1419.0000000000002 1.0274048271906145e-6
1420.0 1.0232871326729115e-6
1421.0 1.0191959158178302e-6
1421.9999999999998 1.0151309702368865e-6
1423.0 1.0110920908132207e-6
1424.0 1.007079073712919e-6
1425.0 1.003091716406099e-6
1426.0 9.991298176735775e-7
1427.0000000000002 9.951931776254618e-7
1428.0 9.912815977066e-7
1429.0 9.873948807103726e-7
1430.0000000000002 9.835328307873377e-7
1431.0 9.79695253451155e-7
1432.0 9.758819555898946e-7
1432.9999999999998 9.72092745468329e-7
1434.0 9.683274327379824e-7
1435.0 9.64585828437402e-7
1436.0 9.608677449995784e-7
1437.0 9.57172996253794e-7
1438.0000000000002 9.535013974279987e-7
1439.0 9.498527651528119e-7
1440.0 9.46226917459907e-7
1441.0000000000002 9.426236737865437e-7
1442.0 9.390428549712725e-7
1443.0 9.354842832572462e-7
1443.9999999999998 9.31947782290254e-7
1445.0 9.284331771158635e-7
1446.0 9.24940294179448e-7
1447.0 9.21468961323026e-7
1448.0 9.18019007783474e-7
1449.0000000000002 9.14590264186839e-7
1450.0 9.111825625472916e-7
1451.0 9.077957362631842e-7
1452.0000000000002 9.044296201103556e-7
1453.0 9.010840502399535e-7
1454.0 8.977588641731616e-7
1454.9999999999998 8.944539007927202e-7
1456.0 8.91169000343772e-7
1457.0 8.879040044225597e-7
1458.0 8.846587559705162e-7
1459.0 8.814330992730965e-7
1460.0 8.782268799465626e-7
1461.0 8.750399449372014e-7
1462.0 8.718721425087038e-7
1463.0000000000002 8.687233222395764e-7
1464.0 8.655933350140126e-7
1465.0 8.624820330143779e-7
1465.9999999999998 8.593892697154229e-7
1467.0 8.563148998724246e-7
1468.0 8.532587795157063e-7
1469.0 8.502207659451039e-7
1470.0 8.472007177165712e-7
1471.0 8.441984946377202e-7
1472.0 8.412139577596312e-7
1473.0 8.382469693652393e-7
1474.0000000000002 8.352973929626798e-7
1475.0 8.323650932779502e-7
1476.0 8.294499362447054e-7
1476.9999999999998 8.265517889945427e-7
1478.0 8.236705198500982e-7
1479.0 8.208059983165629e-7
1480.0 8.179580950690098e-7
1481.0 8.151266819483122e-7
1482.0 8.123116319492839e-7
1483.0 8.095128192114917e-7
1484.0 8.067301190127727e-7
1485.0000000000002 8.039634077577839e-7
1486.0 8.012125629678035e-7
1487.0 7.984774632761558e-7
1487.9999999999998 7.957579884148267e-7
1489.0 7.930540192078207e-7
1490.0 7.90365437560473e-7
1491.0 7.876921264513899e-7
1492.0 7.850339699232001e-7
1493.0 7.823908530738038e-7
1494.0 7.797626620462874e-7
1495.0 7.771492840210714e-7
1496.0000000000002 7.74550607205901e-7
1497.0 7.71966520828365e-7
1498.0 7.693969151247607e-7
1498.9999999999998 7.66841681333645e-7
1500.0 7.64300711683218e-7
1501.0 7.617738993886574e-7
1502.0 7.592611386360897e-7
1503.0 7.567623245798787e-7
1504.0 7.542773533291006e-7
1505.0 7.518061219419533e-7
1506.0 7.493485284161521e-7
1507.0000000000002 7.469044716810259e-7
1508.0 7.444738515868883e-7
1509.0 7.420565688979753e-7
1509.9999999999998 7.396525252844518e-7
1511.0 7.372616233138644e-7
1512.0 7.348837664405691e-7
1513.0 7.325188589999169e-7
1514.0 7.301668062001702e-7
1515.0 7.278275141108403e-7
1516.0 7.255008896590349e-7
1517.0 7.231868406181653e-7
1518.0000000000002 7.208852756011101e-7
1519.0 7.185961040518181e-7
1520.0 7.163192362378363e-7
1520.9999999999998 7.140545832428517e-7
1522.0 7.118020569561358e-7
1523.0 7.095615700685312e-7
1524.0 7.073330360620297e-7
1525.0 7.051163692040303e-7
1526.0 7.029114845374664e-7
1527.0 7.007182978759781e-7
1528.0 6.985367257924964e-7
1529.0000000000002 6.963666856179643e-7
1530.0 6.942080954269641e-7
1531.0 6.920608740362315e-7
1531.9999999999998 6.899249409930115e-7
1533.0 6.878002165708449e-7
1534.0 6.856866217609689e-7
1535.0 6.835840782668569e-7
1536.0 6.814925084946737e-7
1537.0 6.794118355479069e-7
1538.0 6.773419832211012e-7
1539.0 6.752828759910466e-7
1540.0000000000002 6.732344390126759e-7
1541.0 6.711965981103137e-7
1542.0 6.691692797702972e-7
1542.9999999999998 6.671524111375986e-7
1544.0 6.65145920007069e-7
1545.0 6.631497348155858e-7
1546.0 6.611637846398055e-7
1547.0 6.591879991855836e-7
1548.0 6.572223087842808e-7
1549.0 6.552666443862199e-7
1550.0 6.533209375530917e-7
1551.0000000000002 6.513851204528114e-7
1552.0 6.49459125854736e-7
1553.0 6.47542887120577e-7
1553.9999999999998 6.456363382014085e-7
1555.0 6.43739413630054e-7
1556.0 6.418520485170218e-7
1557.0 6.399741785420802e-7
1558.0 6.381057399504108e-7
1559.0 6.362466695470888e-7
1560.0 6.343969046899361e-7
1561.0 6.325563832868697e-7
1562.0000000000002 6.30725043785649e-7
1563.0 6.289028251739893e-7
1564.0 6.270896669694028e-7
1564.9999999999998 6.252855092171846e-7
1566.0 6.234902924831099e-7
1567.0 6.217039578498356e-7
1568.0 6.19926446909527e-7
1569.0 6.181577017613774e-7
1570.0 6.163976650032901e-7
1571.0 6.146462797311786e-7
1572.0 6.129034895296864e-7
1573.0000000000002 6.11169238469177e-7
1574.0 6.094434711017315e-7
1575.0 6.077261324543591e-7
1575.9999999999998 6.060171680261371e-7
1577.0 6.043165237811198e-7
1578.0 6.026241461463833e-7
1579.0 6.009399820059489e-7
1580.0 5.992639786947308e-7
1581.0 5.975960839974152e-7
1582.0 5.95936246141254e-7
1583.0 5.942844137919594e-7
1584.0000000000002 5.926405360507456e-7
1585.0 5.910045624481706e-7
1586.0 5.893764429404189e-7
1586.9999999999998 5.877561279062438e-7
1588.0 5.861435681403542e-7
1589.0 5.845387148509939e-7
1590.0 5.829415196554558e-7
1591.0 5.813519345762199e-7
1592.0 5.797699120352502e-7
1593.0 5.781954048521355e-7
1594.0 5.766283662388707e-7
1595.0000000000002 5.750687497960614e-7
1596.0 5.735165095088962e-7
1597.0 5.719715997438893e-7
1597.9999999999998 5.704339752445277e-7
1599.0 5.689035911273063e-7
1600.0 5.673804028781332e-7
1601.0 5.658643663495219e-7
1602.0 5.64355437754976e-7
1603.0 5.628535736668243e-7
1604.0 5.613587310123396e-7
1605.0 5.598708670704891e-7
1606.0000000000002 5.583899394667153e-7
1607.0 5.569159061717853e-7
1608.0 5.554487254965632e-7
1608.9999999999998 5.539883560894158e-7
1610.0 5.525347569321824e-7
1611.0 5.51087887337726e-7
1612.0 5.496477069457821e-7
1613.0 5.482141757199014e-7
1614.0 5.467872539439397e-7
1615.0 5.453669022199164e-7
1616.0 5.439530814629209e-7
1617.0000000000002 5.425457528992673e-7
1618.0 5.41144878063267e-7
1619.0 5.397504187942531e-7
1619.9999999999998 5.383623372320141e-7
1621.0 5.369805958160772e-7
1622.0 5.356051572798895e-7
1622.9999999999998 5.342359846509353e-7
1624.0 5.328730412454951e-7
1625.0 5.315162906664614e-7
1626.0 5.301656967997042e-7
1627.0 5.288212238132692e-7
1628.0000000000002 5.274828361519604e-7
1629.0 5.261504985356428e-7
1630.0 5.248241759570161e-7
1630.9999999999998 5.235038336778297e-7
1632.0 5.221894372267822e-7
1633.0 5.20880952396182e-7
1633.9999999999998 5.19578345239558e-7
1635.0 5.182815820695295e-7
1636.0 5.169906294542176e-7
1637.0 5.157054542155989e-7
1638.0 5.144260234255317e-7
1639.0000000000002 5.131523044048508e-7
1640.0 5.118842647190821e-7
1641.0 5.106218721774059e-7
1641.9999999999998 5.093650948291974e-7
1643.0 5.081139009621215e-7
1644.0 5.068682590992554e-7
1644.9999999999998 5.056281379965517e-7
1646.0 5.043935066411665e-7
1647.0 5.031643342483364e-7
1648.0 5.019405902589024e-7
1649.0 5.007222443377617e-7
1650.0000000000002 4.995092663709247e-7
1651.0 4.983016264629484e-7
1652.0 4.970992949352263e-7
1652.9999999999998 4.959022423235779e-7
1654.0 4.947104393762696e-7
1655.0 4.935238570506039e-7
1655.9999999999998 4.923424665123835e-7
1657.0 4.911662391317057e-7
1658.0 4.899951464833659e-7
1659.0 4.888291603422792e-7
1660.0 4.876682526829382e-7
1661.0000000000002 4.865123956760557e-7
1662.0 4.853615616877078e-7
1663.0 4.842157232761236e-7
1664.0000000000002 4.830748531909907e-7
1665.0 4.819389243693506e-7
1666.0 4.808079099363551e-7
1666.9999999999998 4.796817832000334e-7
1668.0 4.78560517652126e-7
1669.0 4.774440869643225e-7
1670.0 4.763324649873447e-7
1671.0 4.752256257485371e-7
1672.0000000000002 4.741235434495753e-7
1673.0 4.73026192465211e-7
1674.0 4.7193354734156643e-7
1675.0000000000002 4.7084558279294674e-7
1676.0 4.697622737017208e-7
1677.0 4.6868359511551047e-7
1677.9999999999998 4.676095222446296e-7
1679.0 4.665400304623107e-7
1680.0 4.6547509530089035e-7
1681.0 4.644146924514835e-7
1682.0 4.6335879776095684e-7
1683.0000000000002 4.623073872314418e-7
1684.0 4.612604370173995e-7
1685.0 4.6021792342523437e-7
1686.0000000000002 4.591798229101646e-7
1687.0 4.5814611207564554e-7
1688.0 4.5711676767111244e-7
1688.9999999999998 4.560917665906922e-7
1690.0 4.550710858712779e-7
1691.0 4.540547026908696e-7
1692.0 4.5304259436704005e-7
1693.0 4.520347383558416e-7
1694.0000000000002 4.510311122494389e-7
1695.0 4.5003169377512066e-7
1696.0 4.4903646079320345e-7
1697.0000000000002 4.480453912958666e-7
1698.0 4.470584634058484e-7
1699.0 4.4607565537480006e-7
1699.9999999999998 4.4509694558109813e-7
1701.0 4.4412231252927235e-7
1702.0 4.431517348483477e-7
1703.0 4.4218519129050476e-7
1704.0 4.412226607286266e-7
1705.0000000000002 4.4026412215665543e-7
1706.0 4.393095546861842e-7
1707.0 4.3835893754717833e-7
1708.0000000000002 4.374122500850459e-7
1709.0 4.364694717593832e-7
1710.0 4.355305821439643e-7
1710.9999999999998 4.345955609238687e-7
1712.0 4.336643878949103e-7
1713.0 4.3273704296254914e-7
1714.0 4.3181350613977167e-7
1715.0 4.308937575469836e-7
1716.0 4.2997777740987175e-7
1717.0 4.2906554605834676e-7
1718.0 4.2815704392568674e-7
1719.0000000000002 4.272522515468656e-7
1720.0 4.263511495582094e-7
1721.0 4.2545371869492216e-7
1721.9999999999998 4.2455993979103833e-7
1723.0 4.2366979377785706e-7
1724.0 4.2278326168303747e-7
1725.0 4.2190032462922896e-7
1726.0 4.210209638330952e-7
1727.0 4.201451606041439e-7
1728.0 4.192728963442941e-7
1729.0 4.184041525461043e-7
1730.0000000000002 4.1753891079165884e-7
1731.0 4.1667715275261814e-7
1732.0 4.1581886018810005e-7
1732.9999999999998 4.1496401494424296e-7
1734.0 4.141125989536574e-7
1735.0 4.1326459423345284e-7
1736.0 4.1241998288517756e-7
1737.0 4.1157874709387803e-7
1738.0 4.10740869126747e-7
1739.0 4.099063313325667e-7
1740.0 4.090751161410716e-7
1741.0000000000002 4.0824720606207565e-7
1742.0 4.074225836840042e-7
1743.0 4.066012316739535e-7
1743.9999999999998 4.057831327768614e-7
1745.0 4.049682698139466e-7
1746.0 4.041566256833088e-7
1747.0 4.03348183357655e-7
1748.0 4.0254292588512643e-7
1749.0 4.0174083638755046e-7
1750.0 4.0094189806025564e-7
1751.0 4.001460941714403e-7
1752.0000000000002 3.993534080618278e-7
1753.0 3.9856382314301086e-7
1754.0 3.9777732289847276e-7
1754.9999999999998 3.969938908812083e-7
1756.0 3.962135107151876e-7
1757.0 3.9543616609331377e-7
1758.0 3.9466184077720315e-7
1759.0 3.9389051859761193e-7
1760.0 3.93122183452723e-7
1761.0 3.923568193088674e-7
1762.0 3.915944101988675e-7
1763.0000000000002 3.908349402230915e-7
1764.0 3.9007839354796187e-7
1765.0 3.893247544056488e-7
1765.9999999999998 3.8857400709486633e-7
1767.0 3.8782613597884817e-7
1768.0 3.870811254867931e-7
1769.0 3.8633896011181914e-7
1770.0 3.855996244124649e-7
1771.0 3.8486310301128915e-7
1772.0 3.8412938059458273e-7
1773.0 3.833984419133419e-7
1774.0000000000002 3.826702717817381e-7
1775.0 3.819448550778446e-7
1776.0 3.8122217674264437e-7
1776.9999999999998 3.805022217811569e-7
1778.0 3.7978497526125564e-7
1779.0 3.790704223136077e-7
1780.0 3.783585481326397e-7
1781.0 3.7764933797528885e-7
1782.0 3.7694277716169594e-7
1783.0 3.7623885107451677e-7
1784.0 3.7553754515999804e-7
1785.0000000000002 3.7483884492707155e-7
1786.0 3.741427359473368e-7
1787.0 3.734492038562345e-7
1787.9999999999998 3.727582343515241e-7
1789.0 3.720698131949675e-7
1790.0 3.713839262107932e-7
1791.0 3.707005592875104e-7
1792.0 3.700196983768533e-7
1793.0 3.6934132949396373e-7
1794.0 3.6866543871867257e-7
1795.0 3.679920121940978e-7
1796.0000000000002 3.6732103612834077e-7
1797.0 3.6665249679327724e-7
1798.0 3.6598638052620064e-7
1798.9999999999998 3.653226737290381e-7
1800.0 3.646613628687184e-7
1801.0 3.640024344781845e-7
1802.0 3.6334587515567846e-7
1803.0 3.6269167156591997e-7
1804.0 3.620398104394966e-7
1805.0 3.613902785739915e-7
1806.0 3.607430628339254e-7
1807.0000000000002 3.6009815015115654e-7
1808.0 3.594555275255551e-7
1809.0 3.5881518202443476e-7
1809.9999999999998 3.581771007841945e-7
1811.0 3.5754127100949017e-7
1812.0 3.569076799744529e-7
1813.0 3.562763150228223e-7
1814.0 3.5564716356843356e-7
1815.0 3.550202130954307e-7
1816.0 3.543954511586597e-7
1817.0 3.537728653846107e-7
1818.0000000000002 3.5315244347144523e-7
1819.0 3.5253417318922535e-7
1820.0 3.519180423808262e-7
1820.9999999999998 3.513040389624279e-7
1822.0 3.5069215092339465e-7
1823.0 3.5008236632725227e-7
1824.0 3.4947467331213913e-7
1825.0 3.488690600911962e-7
1826.0 3.4826551495281695e-7
1827.0 3.4766402626150535e-7
1828.0 3.4706458245834666e-7
1829.0000000000002 3.4646717206098745e-7
1830.0 3.458717836647782e-7
1831.0 3.4527840594304007e-7
1831.9999999999998 3.4468702764724277e-7
1833.0 3.4409763760817116e-7
1834.0 3.4351022473587835e-7
1835.0 3.4292477802003744e-7
1836.0 3.423412865312335e-7
1837.0 3.4175973942069037e-7
1838.0 3.411801259212199e-7
1839.0 3.4060243534739745e-7
1840.0000000000002 3.400266570962865e-7
1841.0 3.394527806478561e-7
1842.0 3.388807955655572e-7
1842.9999999999998 3.3831069149658506e-7
1844.0 3.377424581726297e-7
1845.0 3.3717608541009756e-7
1846.0 3.366115631109624e-7
1847.0 3.360488812626885e-7
1848.0 3.354880299391681e-7
1849.0 3.3492899930108423e-7
1850.0 3.3437177959614024e-7
1851.0000000000002 3.3381636115956474e-7
1852.0 3.3326273441506507e-7
1853.0 3.3271088987421e-7
1853.9999999999998 3.321608181382214e-7
1855.0 3.3161250989684546e-7
1856.0 3.310659559302177e-7
1857.0 3.3052114710815626e-7
1858.0 3.29978074391448e-7
1859.0 3.294367288312415e-7
1860.0 3.288971015704459e-7
1861.0 3.2835918384318547e-7
1862.0000000000002 3.278229669757578e-7
1863.0 3.272884423868183e-7
1864.0 3.267556015875007e-7
1864.9999999999998 3.2622443618182623e-7
1866.0 3.2569493786722893e-7
1867.0 3.251670984343689e-7
1868.0 3.2464090976803716e-7
1869.0 3.2411636384687085e-7
1870.0 3.23593452743524e-7
1871.0 3.2307216862554195e-7
1872.0 3.2255250375506376e-7
1873.0000000000002 3.2203445048874063e-7
1874.0 3.215180012787739e-7
1875.0 3.2100314867236767e-7
1875.9999999999998 3.204898853119527e-7
1877.0 3.1997820393570743e-7
1878.0 3.194680973771395e-7
1878.9999999999998 3.1895955856552576e-7
1880.0 3.184525805259494e-7
1881.0 3.179471563788955e-7
1882.0 3.174432793412569e-7
1883.0 3.1694094272496656e-7
1884.0000000000002 3.164401399383599e-7
1885.0 3.159408644851715e-7
1886.0 3.154431099647836e-7
1886.9999999999998 3.149468700723165e-7
1888.0 3.1445213859834554e-7
1889.0 3.1395890942860894e-7
1889.9999999999998 3.134671765442343e-7
1891.0 3.1297693402101164e-7
1892.0 3.1248817602987916e-7
1893.0 3.1200089683611994e-7
1894.0 3.115150907993618e-7
1895.0000000000002 3.1103075237317114e-7
1896.0 3.105478761048482e-7
1897.0 3.100664566349768e-7
1897.9999999999998 3.095864886972633e-7
1899.0 3.091079671177625e-7
1900.0 3.0863088681483713e-7
1900.9999999999998 3.0815524279859307e-7
1902.0 3.076810301700062e-7
1903.0 3.0720824412119865e-7
1904.0 3.067368799342447e-7
1905.0 3.0626693298061644e-7
1906.0000000000002 3.057983987209468e-7
1907.0 3.053312727040151e-7
1908.0 3.0486555056648177e-7
1908.9999999999998 3.04401228031846e-7
1910.0 3.0393830090969876e-7
1911.0 3.034767650952941e-7
1911.9999999999998 3.0301661656818925e-7
1913.0 3.0255785139202576e-7
1914.0 3.021004657133386e-7
1915.0 3.016444557606499e-7
1916.0 3.011898178434309e-7
1917.0000000000002 3.0073654835144715e-7
1918.0 3.0028464375357244e-7
1919.0 2.998341005966917e-7
1919.9999999999998 2.9938491550470465e-7
1921.0 2.989370851773118e-7
1922.0 2.9849060638922063e-7
1922.9999999999998 2.9804547598837304e-7
1924.0 2.9760169089527116e-7
1925.0 2.9715924810140035e-7
1926.0 2.967181446683039e-7
1927.0 2.962783777257683e-7
1928.0000000000002 2.958399444707839e-7
1929.0 2.9540284216624377e-7
1930.0 2.9496706813917805e-7
1931.0000000000002 2.945326197798793e-7
1932.0 2.940994945395505e-7
1933.0 2.936676899296616e-7
1933.9999999999998 2.9323720351983515e-7
1935.0 2.9280803293655877e-7
1936.0 2.923801758614267e-7
1937.0 2.9195363002932037e-7
1938.0 2.915283932272781e-7
1939.0000000000002 2.9110446329228904e-7
1940.0 2.90681838109536e-7
1941.0 2.9026051561098463e-7
1942.0000000000002 2.8984049377325425e-7
1943.0 2.894217706160616e-7
1944.0 2.890043442002875e-7
1944.9999999999998 2.885882126258193e-7
1946.0 2.8817337403013254e-7
1947.0 2.87759826585911e-7
1948.0 2.873475684993355e-7
1949.0 2.869365980081784e-7
1950.0000000000002 2.865269133796061e-7
1951.0 2.86118512908399e-7
1952.0 2.857113949146244e-7
1953.0000000000002 2.853055577418809e-7
1954.0 2.84900999754829e-7
1955.0 2.8449771933783064e-7
1955.9999999999998 2.8409571489206574e-7
1957.0 2.836949848337112e-7
1958.0 2.8329552759213345e-7
1959.0 2.8289734160729834e-7
1960.0 2.825004253279304e-7
1961.0000000000002 2.821047772090616e-7
1962.0 2.817103957103596e-7
1963.0 2.8131727929365585e-7
1964.0000000000002 2.8092542642049256e-7
1965.0 2.8053483555075676e-7
1966.0 2.8014550513981484e-7
1966.9999999999998 2.7975743363673777e-7
1968.0 2.793706194818844e-7
1969.0 2.789850611050811e-7
1970.0 2.7860075692315713e-7
1971.0 2.78217705338147e-7
1972.0 2.778359047350155e-7
1973.0 2.7745535347939627e-7
1974.0 2.770760499158793e-7
1975.0000000000002 2.7669799236558467e-7
1976.0 2.7632117912427997e-7
1977.0 2.7594560846049537e-7
1977.9999999999998 2.755712786133394e-7
1979.0 2.751981877903779e-7
1980.0 2.748263341662794e-7
1981.0 2.7445571587999217e-7
1982.0 2.7408633103376275e-7
1983.0 2.737181776906699e-7
1984.0 2.733512538729602e-7
1985.0 2.729855575604524e-7
1986.0000000000002 2.7262108668853014e-7
1987.0 2.722578391464972e-7
1988.0 2.718958127760423e-7
1988.9999999999998 2.7153500536949694e-7
1990.0 2.711754146681655e-7
1991.0 2.7081703836100363e-7
1992.0 2.704598740830597e-7
1993.0 2.7010391941378475e-7
1994.0 2.697491718760409e-7
1995.0 2.693956289344887e-7
1996.0 2.690432879945467e-7
1997.0000000000002 2.686921464007589e-7
1998.0 2.6834220143607985e-7
1999.0 2.6799345032052974e-7
1999.9999999999998 2.67645890210025e-7
