0.0 1.5427202008735795e-5
1.0 1.5427547623977303e-5
2.0 1.5428584562680964e-5
3.0 1.5430313105002503e-5
4.0 1.543273371635036e-5
5.0 1.5435847049816648e-5
6.0 1.5439653946429345e-5
7.0 1.544415543389846e-5
8.0 1.5449352729282096e-5
9.0 1.5455247238606036e-5
10.0 1.5461840559228358e-5
10.999999999999998 1.5469134478559558e-5
12.0 1.547713097737557e-5
13.000000000000002 1.5485832231203607e-5
14.0 1.5495240609782867e-5
14.999999999999998 1.5505358680666817e-5
16.0 1.551618921012154e-5
17.0 1.5527735165814085e-5
18.0 1.5539999716959923e-5
19.0 1.5552986238604228e-5
20.0 1.5566698313708697e-5
21.0 1.558113973410019e-5
21.999999999999996 1.5596314504407226e-5
23.0 1.5612226844684288e-5
24.0 1.562888119343399e-5
25.0 1.5646282210537002e-5
26.000000000000004 1.5664434780547432e-5
27.0 1.5683344016046527e-5
28.0 1.570301526155546e-5
29.0 1.5723454097649282e-5
29.999999999999996 1.5744666344287125e-5
31.0 1.5766658065982628e-5
32.0 1.5789435575556127e-5
33.0 1.581300543856738e-5
34.0 1.583737447882106e-5
35.0 1.5862549783963813e-5
36.0 1.5888538707610927e-5
37.0 1.5915348880637683e-5
38.0 1.5942988211118897e-5
39.0 1.5971464894016302e-5
40.0 1.6000787416169105e-5
41.0 1.603096456277343e-5
42.0 1.6062005425447722e-5
43.0 1.6093919407512596e-5
43.99999999999999 1.6126716233204e-5
45.0 1.616040595387886e-5
46.0 1.6194998957788263e-5
47.0 1.6230505977319097e-5
48.0 1.626693809755175e-5
49.0 1.630430676700689e-5
50.0 1.6342623805563825e-5
51.0 1.638190141458067e-5
52.00000000000001 1.6422152189339283e-5
53.0 1.64633891258922e-5
54.0 1.6505625635586254e-5
55.0 1.6548875556752983e-5
56.0 1.6593153163601893e-5
57.0 1.6638473183443856e-5
58.0 1.6684850805432107e-5
59.0 1.6732301698652882e-5
59.99999999999999 1.6780842023289637e-5
61.0 1.6830488446802383e-5
62.0 1.6881258158947886e-5
63.0 1.693316888920775e-5
64.0 1.6986238923228637e-5
65.0 1.7040487119546678e-5
66.0 1.7095932928737946e-5
67.0 1.715259641357644e-5
68.0 1.7210498267734086e-5
69.0 1.7269659836564555e-5
70.0 1.733010314126675e-5
71.0 1.7391850898864267e-5
72.0 1.7454926547273394e-5
73.0 1.7519354271359e-5
74.0 1.7585159026055262e-5
75.0 1.7652366565956147e-5
76.0 1.7721003474668624e-5
77.0 1.7791097190497966e-5
78.0 1.7862676040791228e-5
79.0 1.793576927532924e-5
80.0 1.80104070960915e-5
81.0 1.808662069685999e-5
82.0 1.816444229861373e-5
83.00000000000001 1.8243905189080953e-5
84.0 1.832504376410737e-5
85.0 1.8407893569397768e-5
86.0 1.8492491345934983e-5
87.0 1.8578875079226716e-5
87.99999999999999 1.8667084044126506e-5
89.0 1.8757158860780254e-5
90.0 1.884914154962352e-5
91.0 1.8943075583326458e-5
92.0 1.9039005953214906e-5
92.99999999999999 1.9136979229886604e-5
94.0 1.9237043627637977e-5
95.0 1.9339249078441018e-5
96.0 1.944364730246862e-5
97.0 1.955029188618772e-5
98.0 1.9659238365280818e-5
99.00000000000001 1.9770544309851713e-5
100.0 1.9884269413856036e-5
101.0 2.0000475593431724e-5
102.0 2.0119227084081114e-5
103.0 2.0240590549882138e-5
104.00000000000001 2.0364635197248604e-5
105.0 2.0491432888884184e-5
106.0 2.0621058272858613e-5
107.0 2.075358891747146e-5
108.0 2.0889105445599297e-5
108.99999999999999 2.1027691688869677e-5
110.0 2.116943484437775e-5
111.0 2.1314425639065507e-5
112.0 2.1462758510769384e-5
113.0 2.1614531794589413e-5
114.0 2.1769847920571736e-5
115.00000000000001 2.1928813630662363e-5
116.0 2.209154020027332e-5
117.0 2.225814367946339e-5
118.0 2.242874514759065e-5
119.0 2.260347098743365e-5
119.99999999999999 2.278245317403824e-5
121.0 2.2965829582324142e-5
122.0 2.315374431802314e-5
123.0 2.334634807288215e-5
124.0 2.3543798495916928e-5
124.99999999999999 2.3746260602482708e-5
126.0 2.395390719933486e-5
127.0 2.416691934976555e-5
128.0 2.4385486871958695e-5
129.0 2.460980886216994e-5
130.0 2.4840094272190094e-5
131.0 2.5076562520964293e-5
132.0 2.5319444150827024e-5
133.0 2.5568981542101567e-5
134.0 2.5825429676648365e-5
135.0 2.6089056959701977e-5
136.0 2.6360146117776338e-5
137.0 2.6638995155837596e-5
138.0 2.6925918401681762e-5
139.0 2.722124763072768e-5
140.0 2.7525333294661365e-5
141.0 2.7838545845337005e-5
142.0 2.816127717423423e-5
143.0 2.849394218739924e-5
144.0 2.8836980503242705e-5
145.0 2.9190858329842565e-5
146.0 2.9556070483415345e-5
147.0 2.9933142620251295e-5
148.0 3.0322633664665284e-5
149.0 3.0725138479539076e-5
150.0 3.11412907875833e-5
151.0 3.157176639673569e-5
152.0 3.201728673359685e-5
153.0 3.247862275765193e-5
154.0 3.2956599266076135e-5
155.0 3.345209967125061e-5
156.0 3.396607128185651e-5
157.0 3.449953117378512e-5
158.0 3.505357271921942e-5
159.0 3.5629372852925794e-5
160.0 3.6228200196178394e-5
161.0 3.6851424127912346e-5
162.0 3.750052496920065e-5
163.0 3.817710542778175e-5
164.0 3.8882903453472636e-5
164.99999999999997 3.9619806794179805e-5
166.00000000000003 4.038986942225771e-5
167.0 4.11953302052196e-5
168.0 4.2038634095545764e-5
169.0 4.292245635021423e-5
170.0 4.3849730197728176e-5
171.0 4.482367857507542e-5
172.0 4.5847850691688563e-5
173.0 4.692616420041502e-5
174.0 4.806295411003588e-5
174.99999999999997 4.9263029611577234e-5
175.99999999999997 5.053174045384721e-5
177.00000000000003 5.187505473329311e-5
178.0 5.32996503847839e-5
179.0 5.4813023418122034e-5
180.0 5.642361636869931e-5
181.0 5.8140971671265505e-5
182.0 5.99759155383757e-5
183.0 6.194077984981127e-5
184.0 6.404967125574776e-5
185.0 6.631879961500534e-5
185.99999999999997 6.876688155000063e-5
187.00000000000003 7.141563953333378e-5
188.0 7.429042387096068e-5
189.0 7.742099365407046e-5
190.0 8.084250571095697e-5
191.0 8.459677790865645e-5
192.0 8.873391796125e-5
193.0 9.331444494301435e-5
194.0 9.841208134718678e-5
195.0 0.00010411746933432193
196.0 0.0001105431745674336
196.99999999999997 0.00011783050633517328
198.00000000000003 0.00012615892649486162
199.0 0.00013575918422705573
200.0 0.0001469318437095537
201.0 0.00016007360309464334
202.0 0.00017571467108901226
203.0 0.00019457097676924546
204.0 0.00021761312944701657
205.0 0.00024614267525178643
206.0 0.0002818215513541271
206.99999999999997 0.00032644946570741895
208.00000000000003 0.0003808434378723022
209.00000000000003 0.0004413170875845861
210.0 0.0004930121990182802
211.0 0.0005100113710007203
212.0 0.0004802167705624526
213.0 0.00042254913586655556
214.0 0.0003615818866559478
215.0 0.00030873502853013635
216.0 0.0002659381095694572
217.0 0.000231838089459772
217.99999999999997 0.0002045564904165084
219.00000000000003 0.00018247738546846076
220.0 0.0001643635820813073
221.0 0.00014929965133995922
222.0 0.0001366116908903583
223.0 0.0001258003159581804
224.0 0.00011649123423420882
225.0 0.00010840022039198344
226.0 0.00010130854251092945
227.0 9.504567452891598e-5
228.0 8.947703013043298e-5
228.99999999999997 8.449516172744223e-5
230.00000000000003 8.001336853825447e-5
231.0 7.596099669262077e-5
232.0 7.227994112891012e-5
233.0 6.89220117210673e-5
234.0 6.584692794343084e-5
235.0 6.302077591176911e-5
236.0 6.041480958526846e-5
237.0 5.8004510529282046e-5
238.0 5.576884413072978e-5
238.99999999999997 5.36896663322857e-5
239.99999999999997 5.175124676598658e-5
241.00000000000003 4.993988268444594e-5
242.0 4.8243584278664024e-5
243.0 4.665181650671928e-5
244.0 4.5155286021932725e-5
245.0 4.374576428574147e-5
246.0 4.241593998002845e-5
247.0 4.1159295178309445e-5
248.0 3.9970000973130503e-5
249.0 3.884282911394359e-5
249.99999999999997 3.77730768356772e-5
251.00000000000003 3.675650266893994e-5
252.0 3.578927142460613e-5
253.0 3.4867906800306546e-5
254.0 3.398925050647518e-5
255.0 3.315042679931222e-5
256.0 3.2348811655972145e-5
257.0 3.158200588975144e-5
258.0 3.084781163869536e-5
259.0 3.0144211721277532e-5
260.0 2.9469351490170735e-5
261.0 2.8821522817794727e-5
262.0 2.8199149934296206e-5
263.0 2.760077687958108e-5
264.0 2.7025056351958713e-5
265.0 2.6470739769241862e-5
266.0 2.5936668414064288e-5
267.0 2.542176550165933e-5
268.0 2.4925029071795196e-5
269.0 2.4445525621348713e-5
270.0 2.39823843565219e-5
271.0 2.353479202356559e-5
272.0 2.3101988246068e-5
273.0 2.268326129561159e-5
274.0 2.227794427183787e-5
275.0 2.188541163226948e-5
276.0 2.1505076039123428e-5
277.0 2.1136385490577758e-5
278.0 2.0778820707090876e-5
279.0 2.0431892742718365e-5
280.0 2.0095140810232953e-5
281.0 1.9768130279904362e-5
282.0 1.9450450853837742e-5
283.0 1.9141714888396268e-5
284.0 1.8841555857407057e-5
285.0 1.854962692833094e-5
286.0 1.826559966528348e-5
287.0 1.798916282286982e-5
288.0 1.772002123834302e-5
289.0 1.745789480886367e-5
290.0 1.7202517541180294e-5
291.0 1.695363667761718e-5
292.0 1.671101188383614e-5
293.0 1.6474414494199816e-5
294.0 1.6243626813962192e-5
295.0 1.6018441470429872e-5
296.0 1.5798660808419096e-5
297.0 1.5584096327268334e-5
298.0 1.5374568159453653e-5
299.0 1.5169904581274391e-5
300.0 1.4969941558828245e-5
301.0 1.4774522320517334e-5
302.0 1.4583496963210403e-5
303.0 1.4396722077033619e-5
304.0 1.421406040179372e-5
305.0 1.403538049848288e-5
306.0 1.3860556444436484e-5
307.0 1.3689467549432107e-5
308.0 1.3521998084741445e-5
309.0 1.3358037031996137e-5
310.0 1.3197477846736107e-5
311.0 1.3040218234446164e-5
312.0 1.288615994194503e-5
313.0 1.2735208560007103e-5
314.0 1.2587273336516122e-5
315.0 1.244226700262694e-5
316.0 1.2300105606177163e-5
317.0 1.2160708357219068e-5
318.0 1.2023997479241183e-5
319.0 1.1889898071259693e-5
320.0 1.1758337975969095e-5
321.0 1.1629247655120576e-5
322.0 1.1502560072506804e-5
323.0 1.1378210582227097e-5
324.0 1.125613682350387e-5
325.0 1.1136278620482866e-5
326.0 1.1018577887556171e-5
327.0 1.0902978540047889e-5
328.0 1.078942640752709e-5
329.0 1.0677869155209118e-5
329.99999999999994 1.0568256204954837e-5
331.0 1.0460538663058502e-5
332.00000000000006 1.0354669250915622e-5
333.0 1.0250602238945191e-5
334.0 1.0148293383719954e-5
335.0 1.0047699868281188e-5
336.0 9.948780245074908e-6
337.0 9.851494381731873e-6
338.0 9.75580340927528e-6
339.0 9.661669673682987e-6
340.0 9.569056687875855e-6
340.99999999999994 9.477929087175107e-6
342.0 9.388252587115066e-6
343.00000000000006 9.29999394204248e-6
344.0 9.213120906418808e-6
345.0 9.127602197167812e-6
346.0 9.043407458891449e-6
347.0 8.960507229093065e-6
348.0 8.878872905655604e-6
349.0 8.798476716397978e-6
349.99999999999994 8.719291688593964e-6
351.0 8.641291620827032e-6
351.99999999999994 8.564451055304919e-6
353.0 8.488745252406979e-6
354.00000000000006 8.414150164986314e-6
355.0 8.340642414303685e-6
356.0 8.268199267710767e-6
357.0 8.19679861584553e-6
358.0 8.126418951855641e-6
359.0 8.057039350716087e-6
360.0 7.988639450333472e-6
360.99999999999994 7.921199432224266e-6
362.0 7.854700003555674e-6
363.00000000000006 7.78912238040966e-6
364.0 7.724448270603658e-6
365.0 7.660659858072933e-6
366.0 7.597739787198525e-6
367.0 7.535671148619745e-6
368.0 7.4744374645118945e-6
369.0 7.414022674971722e-6
370.0 7.354411125282868e-6
371.0 7.2955875529514245e-6
371.99999999999994 7.237537075566696e-6
373.0 7.180245179054729e-6
374.00000000000006 7.123697706652833e-6
375.0 7.0678808477232656e-6
376.0 7.012781127141255e-6
377.0 6.958385395758388e-6
378.0 6.9046808201629865e-6
379.0 6.851654873442867e-6
380.0 6.799295326068426e-6
381.0 6.747590237221208e-6
382.0 6.696527946334746e-6
382.99999999999994 6.646097064976371e-6
384.0 6.596286468966115e-6
385.00000000000006 6.547085290764964e-6
386.0 6.498482911879434e-6
387.0 6.450468956513397e-6
388.0 6.403033283930811e-6
389.0 6.3561659823031055e-6
390.0 6.3098573621721294e-6
391.0 6.264097950244828e-6
392.0 6.21887848351691e-6
393.0 6.1741899034172175e-6
393.99999999999994 6.130023350326591e-6
395.0 6.086370157983863e-6
396.00000000000006 6.043221848450305e-6
397.0 6.000570126926488e-6
398.0 5.958406876865652e-6
399.0 5.916724155307868e-6
400.0 5.875514188192973e-6
401.0 5.834769366048802e-6
402.0 5.794482239456954e-6
403.0 5.754645515139678e-6
404.0 5.7152520515777705e-6
404.99999999999994 5.676294855613058e-6
406.0 5.63776707804784e-6
407.00000000000006 5.599662010492287e-6
408.0 5.561973081292823e-6
409.0 5.524693852591256e-6
410.0 5.487818016596716e-6
411.0 5.451339392293555e-6
412.0 5.415251922722076e-6
413.0 5.379549671351634e-6
413.99999999999994 5.344226819583883e-6
415.0 5.309277663449439e-6
416.00000000000006 5.274696611117439e-6
417.0 5.240478180007656e-6
418.00000000000006 5.206616994313726e-6
419.0 5.173107782200274e-6
420.0 5.13994537343089e-6
421.0 5.107124697014334e-6
422.0 5.0746407787936775e-6
423.0 5.0424887390599e-6
424.0 5.010663790472842e-6
424.99999999999994 4.979161235897251e-6
426.0 4.947976466119019e-6
427.00000000000006 4.917104958041837e-6
428.0 4.886542272588801e-6
429.0 4.856284052698222e-6
430.0 4.826326021708881e-6
431.0 4.796663981093927e-6
432.0 4.767293809182928e-6
433.0 4.738211458974433e-6
434.0 4.709412956947101e-6
435.0 4.680894400844286e-6
435.99999999999994 4.652651958597393e-6
437.0 4.624681866466847e-6
438.00000000000006 4.596980427654833e-6
439.0 4.5695440107994875e-6
440.0 4.542369048522299e-6
441.0 4.515452036091724e-6
442.0 4.488789530062103e-6
443.0 4.462378146783838e-6
444.0 4.436214561433421e-6
445.0 4.4102955064962185e-6
446.0 4.384617770515336e-6
446.99999999999994 4.359178197212043e-6
448.0 4.333973683966187e-6
449.00000000000006 4.30900118082461e-6
450.0 4.284257689516147e-6
451.0 4.259740262144857e-6
452.0 4.235446000310235e-6
453.0 4.211372054056666e-6
454.0 4.1875156207896054e-6
455.0 4.163873944364592e-6
456.0 4.140444314166292e-6
457.0 4.117224064082126e-6
457.99999999999994 4.094210571780475e-6
459.0 4.071401257526685e-6
460.00000000000006 4.048793583672748e-6
461.0 4.026385053480759e-6
462.0 4.0041732106743125e-6
463.0 3.982155638200241e-6
464.0 3.96032995784755e-6
465.0 3.938693829206006e-6
466.0 3.917244949064034e-6
467.0 3.895981050668741e-6
468.0 3.87489990293701e-6
468.99999999999994 3.853999309805226e-6
470.0 3.833277109632187e-6
471.00000000000006 3.812731174358698e-6
472.0 3.792359409015499e-6
473.0 3.7721597510152613e-6
474.0 3.7521301696068975e-6
475.0 3.732268665145753e-6
476.0 3.712573268582969e-6
477.0 3.693042040958759e-6
477.99999999999994 3.673673072630507e-6
479.0 3.6544644829758273e-6
479.99999999999994 3.6354144196757017e-6
481.0 3.6165210581860097e-6
482.00000000000006 3.597782601359584e-6
483.0 3.5791972788397388e-6
484.0 3.5607633464975858e-6
485.0 3.542479086161617e-6
486.0 3.5243428049232017e-6
487.0 3.506352834840525e-6
488.0 3.488507532326766e-6
488.99999999999994 3.470805277922755e-6
490.0 3.4532444756313935e-6
491.00000000000006 3.435823552687214e-6
492.0 3.418540958990773e-6
493.0 3.4013951667940377e-6
494.0 3.3843846702947508e-6
495.0 3.3675079852469732e-6
496.0 3.350763648540891e-6
497.0 3.3341502178531717e-6
498.0 3.3176662713251757e-6
499.0 3.3013104071389687e-6
499.99999999999994 3.2850812431937447e-6
501.0 3.2689774167954217e-6
502.00000000000006 3.2529975842852694e-6
503.0 3.23714042070045e-6
504.0 3.221404619495459e-6
505.0 3.2057888922143085e-6
506.0 3.1902919681160463e-6
507.0 3.174912594029533e-6
508.0 3.159649533841726e-6
509.0 3.144501568413944e-6
510.0 3.1294674951635686e-6
510.99999999999994 3.1145461278241475e-6
512.0 3.0997362962018756e-6
513.0 3.0850368458835543e-6
514.0 3.0704466379425054e-6
515.0 3.0559645487537642e-6
516.0 3.0415894696423445e-6
517.0 3.027320306762852e-6
518.0 3.0131559807659535e-6
519.0 2.999095426533209e-6
520.0 2.9851375930744206e-6
521.0 2.9712814431690186e-6
522.0 2.9575259532164386e-6
523.0 2.9438701129563416e-6
524.0 2.930312925353719e-6
525.0 2.9168534062732814e-6
526.0 2.9034905843171884e-6
527.0 2.890223500665295e-6
528.0 2.8770512088045254e-6
529.0 2.863972774395263e-6
530.0 2.8509872750030087e-6
531.0 2.8380938000034596e-6
532.0 2.8252914503454175e-6
533.0 2.8125793383226206e-6
534.0 2.799956587521562e-6
535.0 2.7874223325137017e-6
536.0 2.774975718786308e-6
537.0 2.7626159024794498e-6
538.0 2.7503420503307435e-6
539.0 2.7381533394176378e-6
540.0 2.7260489570209982e-6
541.0 2.714028100526252e-6
542.0 2.7020899771861366e-6
543.0 2.6902338040323434e-6
544.0 2.67845880767816e-6
545.0 2.6667642242279123e-6
546.0 2.6551492991042655e-6
547.0 2.6436132868664e-6
548.0 2.6321554511662254e-6
549.0 2.620775064534258e-6
550.0 2.6094714082865337e-6
551.0 2.5982437723468226e-6
552.0 2.5870914552303487e-6
553.0 2.5760137637373655e-6
554.0 2.5650100130051476e-6
555.0 2.5540795263062857e-6
556.0 2.5432216349064324e-6
557.0 2.5324356780097944e-6
558.0 2.521721002585041e-6
559.0 2.5110769632797605e-6
560.0 2.5005029223270896e-6
561.0 2.489998249411003e-6
562.0 2.4795623215357936e-6
563.0 2.4691945230092714e-6
564.0 2.4588942452075045e-6
565.0 2.448660886605049e-6
566.0 2.438493852579901e-6
567.0 2.4283925553550636e-6
568.0 2.418356413911102e-6
569.0 2.4083848538644692e-6
570.0 2.39847730738514e-6
571.0 2.388633213110772e-6
572.0 2.3788520160643247e-6
573.0 2.369133167531302e-6
574.0 2.359476125016183e-6
575.0 2.3498803521333188e-6
576.0 2.3403453185172666e-6
577.0 2.330870499756359e-6
578.0 2.32145537731372e-6
579.0 2.312099438450066e-6
580.0 2.302802176112764e-6
581.0 2.293563088919091e-6
582.0 2.2843816810060762e-6
583.0 2.2752574620497625e-6
584.0 2.266189947113795e-6
585.0 2.2571786566295655e-6
586.0 2.248223116287655e-6
587.0 2.2393228570433623e-6
588.0 2.230477414935183e-6
589.0 2.2216863311437236e-6
590.0 2.2129491518693105e-6
591.0 2.2042654282702486e-6
592.0 2.195634716403024e-6
593.0 2.1870565772061273e-6
594.0 2.1785305763968624e-6
595.0 2.1700562844535743e-6
596.0 2.1616332765563784e-6
597.0 2.1532611325125674e-6
598.0 2.1449394367516815e-6
599.0 2.1366677782539253e-6
600.0 2.128445750534396e-6
601.0 2.1202729515598e-6
602.0 2.112148983768202e-6
603.0 2.1040734539668517e-6
604.0 2.0960459733842088e-6
605.0 2.0880661575682468e-6
606.0 2.0801336264070133e-6
607.0 2.0722480040750724e-6
608.0 2.0644089190463144e-6
609.0 2.056616004052752e-6
610.0 2.048868896109079e-6
611.0 2.0411672364519355e-6
612.0 2.033510670616064e-6
613.0 2.0258988483494655e-6
614.0 2.0183314237031025e-6
615.0 2.0108080549955446e-6
616.0 2.0033284048535814e-6
617.0 1.995892140256526e-6
618.0 1.9884989325324123e-6
619.0 1.981148457434545e-6
620.0 1.9738403951954966e-6
621.0 1.966574430556358e-6
622.0 1.959350252888201e-6
623.0 1.9521675562154134e-6
624.0 1.945026039367778e-6
625.0 1.937925406032315e-6
626.0 1.930865364936568e-6
627.0 1.9238456299001838e-6
628.0 1.9168659200643735e-6
629.0 1.909925959998329e-6
630.0 1.9030254799072193e-6
631.0 1.8961642158335355e-6
632.0 1.8893419098571378e-6
633.0 1.8825583103615966e-6
634.0 1.8758131722776341e-6
635.0 1.8691062573645936e-6
636.0 1.862437334531577e-6
637.0 1.8558061801551676e-6
638.0 1.8492125784585454e-6
639.0 1.8426563218539502e-6
640.0 1.8361372113798505e-6
641.0 1.8296550571199432e-6
642.0 1.823209678660363e-6
643.0 1.8168009055567386e-6
644.0 1.810428577832406e-6
645.0 1.8040925464761895e-6
646.0 1.7977926739892156e-6
647.0 1.7915288348715496e-6
648.0 1.7853009161674555e-6
649.0 1.7791088179471382e-6
650.0 1.7729524537979868e-6
651.0 1.7668317512583925e-6
652.0 1.7607466521953514e-6
653.0000000000001 1.754697113078977e-6
654.0 1.748683105192939e-6
655.0 1.7427046146853603e-6
656.0 1.736761642434328e-6
657.0 1.7308542037598009e-6
658.0 1.7249823278445289e-6
659.0 1.7191460568697004e-6
659.9999999999999 1.7133454448503417e-6
661.0 1.7075805560540644e-6
662.0 1.701851462992073e-6
663.0 1.6961582439420923e-6
664.0000000000001 1.6905009799087605e-6
665.0 1.6848797510823323e-6
666.0 1.6792946326363106e-6
667.0 1.673745690013692e-6
668.0 1.6682329735483018e-6
669.0 1.662756512589955e-6
670.0 1.657316309113291e-6
670.9999999999999 1.6519123309717931e-6
672.0 1.6465445048896869e-6
673.0 1.6412127094004838e-6
674.0 1.6359167679197497e-6
675.0000000000001 1.630656442252707e-6
676.0 1.625431426775013e-6
677.0 1.62024134359016e-6
678.0 1.615085739011222e-6
679.0 1.6099640815945738e-6
680.0 1.604875762034158e-6
681.0 1.5998200950691878e-6
681.9999999999999 1.5947963235798566e-6
683.0 1.589803624866182e-6
684.0 1.5848411190347843e-6
685.0 1.5799078793797503e-6
686.0000000000001 1.575002944319435e-6
687.0 1.5701253307245543e-6
688.0 1.5652740479441157e-6
688.9999999999999 1.5604481122009151e-6
690.0 1.5556465607417168e-6
691.0 1.550868465249637e-6
692.0 1.5461129440547537e-6
692.9999999999999 1.5413791727717792e-6
694.0 1.5366663930242074e-6
695.0 1.53197391910939e-6
696.0 1.5273011424895921e-6
697.0000000000001 1.5226475341375265e-6
698.0 1.5180126448530564e-6
699.0 1.5133961037305262e-6
699.9999999999999 1.508797615035474e-6
701.0 1.5042169537522283e-6
702.0 1.4996539601415874e-6
703.0 1.4951085335197473e-6
703.9999999999999 1.4905806256177296e-6
705.0 1.4860702337662937e-6
706.0 1.4815773940554905e-6
707.0 1.4771021747223434e-6
708.0000000000001 1.4726446698715578e-6
709.0 1.468204993659209e-6
710.0 1.4637832749629282e-6
710.9999999999999 1.459379652625138e-6
712.0 1.454994271284812e-6
713.0 1.4506272777448862e-6
714.0 1.4462788179037839e-6
715.0000000000001 1.441949034194297e-6
716.0 1.4376380635123576e-6
717.0 1.4333460355450034e-6
718.0 1.4290730714977645e-6
719.0000000000001 1.4248192831716767e-6
720.0 1.4205847723069031e-6
721.0 1.4163696301817875e-6
721.9999999999999 1.4121739374198078e-6
723.0 1.407997763990774e-6
724.0 1.4038411693098196e-6
725.0 1.3997042024722625e-6
726.0000000000001 1.3955869025986117e-6
727.0 1.39148929919798e-6
728.0 1.3874114126138231e-6
729.0 1.3833532544880307e-6
730.0 1.3793148282526243e-6
731.0 1.3752961296266678e-6
732.0 1.371297147116435e-6
732.9999999999999 1.3673178625089448e-6
734.0 1.3633582513563269e-6
735.0 1.3594182834289697e-6
736.0 1.3554979232031454e-6
737.0000000000001 1.3515971302540619e-6
738.0 1.3477158596905195e-6
739.0 1.3438540625350808e-6
740.0 1.3400116860848697e-6
741.0 1.3361886742833973e-6
742.0 1.3323849679979437e-6
743.0 1.32860050536596e-6
743.9999999999999 1.3248352220485448e-6
745.0 1.3210890515029118e-6
746.0 1.3173619252234483e-6
747.0 1.313653772960784e-6
748.0000000000001 1.3099645229394648e-6
749.0 1.3062941020405071e-6
750.0 1.3026424359879076e-6
751.0 1.299009449498912e-6
752.0 1.2953950664455042e-6
753.0 1.2917992099894199e-6
754.0 1.288221802701871e-6
754.9999999999999 1.2846627666876527e-6
756.0 1.2811220236910652e-6
757.0 1.2775994951801688e-6
758.0 1.27409510245982e-6
759.0000000000001 1.270608766731828e-6
760.0 1.267140409170781e-6
761.0 1.2636899510107238e-6
762.0 1.2602573135802054e-6
763.0 1.2568424183811169e-6
764.0 1.253445187120958e-6
765.0 1.2500655417721107e-6
765.9999999999999 1.2467034046091932e-6
767.0 1.2433586982504394e-6
768.0 1.2400313456806016e-6
769.0 1.236721270302038e-6
770.0000000000001 1.2334283959367842e-6
771.0 1.2301526468782453e-6
772.0 1.2268939478913673e-6
773.0 1.2236522242473065e-6
774.0 1.2204274017377068e-6
775.0 1.2172194066864317e-6
776.0 1.2140281659646277e-6
776.9999999999999 1.2108536070112942e-6
778.0 1.2076956578369072e-6
779.0 1.204554247030716e-6
780.0 1.2014293037764765e-6
781.0000000000001 1.1983207578499519e-6
782.0 1.1952285396387049e-6
783.0 1.1921525801346017e-6
784.0 1.1890928109436393e-6
785.0 1.1860491642860398e-6
786.0 1.1830215730024381e-6
787.0 1.1800099705554443e-6
787.9999999999999 1.177014291028651e-6
789.0 1.1740344691266885e-6
790.0 1.171070440179626e-6
791.0 1.1681221401375744e-6
792.0000000000001 1.1651895055765777e-6
793.0 1.1622724736879314e-6
794.0 1.159370982284492e-6
795.0 1.1564849697990317e-6
796.0 1.1536143752755407e-6
797.0 1.150759138369248e-6
798.0 1.147919199353549e-6
798.9999999999999 1.1450944990996478e-6
800.0 1.142284979086553e-6
801.0 1.1394905813946747e-6
802.0 1.1367112487035218e-6
803.0000000000001 1.1339469242831e-6
804.0 1.131197551992349e-6
805.0 1.1284630762811073e-6
806.0 1.1257434421806854e-6
807.0 1.1230385952959792e-6
808.0 1.1203484818096554e-6
809.0 1.1176730484767154e-6
809.9999999999999 1.1150122426111716e-6
811.0 1.1123660120935663e-6
812.0 1.109734305360337e-6
813.0 1.1071170713993736e-6
814.0000000000001 1.1045142597466362e-6
815.0 1.1019258204832768e-6
816.0 1.099351704228799e-6
816.9999999999999 1.0967918621357596e-6
818.0 1.0942462458888761e-6
819.0 1.0917148076959156e-6
820.0 1.0891975002890158e-6
820.9999999999999 1.086694276913063e-6
822.0 1.0842050913268517e-6
823.0 1.0817298977915261e-6
824.0 1.0792686510789004e-6
825.0000000000001 1.0768213064510093e-6
826.0 1.0743878196696568e-6
827.0 1.0719681469789976e-6
827.9999999999999 1.0695622451099648e-6
829.0 1.0671700712739877e-6
830.0 1.06479158315861e-6
831.0 1.0624267389193814e-6
832.0000000000001 1.0600754971774326e-6
833.0 1.057737817018991e-6
834.0 1.0554136579822969e-6
835.0 1.0531029800665509e-6
836.0000000000001 1.0508057437078654e-6
837.0 1.0485219097968318e-6
838.0 1.0462514396555082e-6
838.9999999999999 1.0439942950459058e-6
840.0 1.0417504381582854e-6
841.0 1.0395198316124156e-6
842.0 1.0373024384468683e-6
843.0000000000001 1.0350982221204597e-6
844.0 1.0329071465017065e-6
845.0 1.0307291758758534e-6
846.0 1.0285642749276612e-6
847.0000000000001 1.026412408742445e-6
848.0 1.0242735428078871e-6
849.0 1.0221476429993595e-6
849.9999999999999 1.0200346755834715e-6
851.0 1.0179346072137775e-6
852.0 1.015847404919264e-6
853.0 1.0137730361103309e-6
854.0000000000001 1.0117114685688685e-6
855.0 1.0096626704451153e-6
856.0 1.0076266102549547e-6
857.0 1.0056032568752096e-6
858.0 1.0035925795416669e-6
859.0 1.0015945478407716e-6
860.0 9.99609131711048e-7
860.9999999999999 9.976363014378073e-7
862.0 9.956760276455175e-7
863.0 9.93728281299213e-7
864.0 9.91793033698732e-7
865.0000000000001 9.898702564776945e-7
866.0 9.879599215937693e-7
867.0 9.860620013298843e-7
868.0 9.841764682916091e-7
869.0 9.82303295398347e-7
870.0 9.804424558892998e-7
871.0 9.785939233055304e-7
871.9999999999999 9.767576715031573e-7
873.0 9.749336746355823e-7
874.0 9.731219071603495e-7
875.0 9.713223438294945e-7
876.0000000000001 9.695349596918653e-7
877.0 9.67759730082597e-7
878.0 9.659966306277122e-7
879.0 9.64245637233558e-7
880.0 9.625067260898686e-7
881.0 9.607798736621622e-7
882.0 9.5906505669224e-7
882.9999999999999 9.57362252194138e-7
884.0 9.556714374468726e-7
885.0 9.539925899986976e-7
886.0 9.523256876572027e-7
887.0000000000001 9.506707084898957e-7
888.0 9.490276308226203e-7
889.0 9.473964332333059e-7
890.0 9.457770945527418e-7
891.0 9.441695938570237e-7
892.0 9.425739104698377e-7
893.0 9.409900239543582e-7
893.9999999999999 9.394179141158245e-7
895.0 9.378575609947326e-7
896.0 9.363089448674139e-7
897.0 9.3477204624231e-7
898.0000000000001 9.332468458536649e-7
899.0 9.317333246657419e-7
900.0 9.302314638636553e-7
901.0 9.287412448542681e-7
902.0 9.272626492646466e-7
903.0 9.257956589369219e-7
904.0 9.243402559287385e-7
904.9999999999999 9.228964225065662e-7
906.0 9.214641411486727e-7
907.0 9.200433945371356e-7
908.0 9.186341655606575e-7
909.0000000000001 9.172364373085157e-7
910.0 9.158501930727144e-7
911.0 9.144754163383283e-7
912.0 9.131120907923677e-7
913.0 9.117602003088855e-7
914.0 9.104197289577879e-7
915.0 9.090906609961711e-7
915.9999999999999 9.077729808698449e-7
917.0 9.064666732109158e-7
918.0 9.051717228332401e-7
919.0 9.038881147336161e-7
920.0000000000001 9.026158340897963e-7
921.0 9.013548662589741e-7
922.0 9.001051967738581e-7
923.0 8.988668113431194e-7
924.0 8.976396958511906e-7
925.0 8.964238363546692e-7
926.0 8.952192190817428e-7
926.9999999999999 8.940258304329826e-7
928.0 8.928436569782366e-7
929.0 8.916726854566488e-7
930.0 8.90512902775516e-7
931.0000000000001 8.89364296012632e-7
932.0 8.882268524107735e-7
933.0 8.871005593821055e-7
934.0 8.859854045076306e-7
935.0 8.848813755342976e-7
936.0 8.8378846038054e-7
937.0 8.827066471343139e-7
937.9999999999999 8.816359240515702e-7
939.0 8.805762795643387e-7
940.0 8.795277022768043e-7
941.0 8.78490180970464e-7
942.0000000000001 8.774637046042654e-7
943.0 8.764482623202583e-7
944.0 8.754438434451282e-7
944.9999999999999 8.744504374954868e-7
946.0 8.73468034181024e-7
947.0 8.724966234101148e-7
948.0 8.715361952963841e-7
948.9999999999999 8.705867401641654e-7
950.0 8.696482485554542e-7
951.0 8.687207112381103e-7
952.0 8.678041192164749e-7
953.0000000000001 8.668984637378039e-7
954.0 8.660037363051683e-7
955.0 8.651199286906481e-7
955.9999999999999 8.64247032943999e-7
957.0 8.633850414124643e-7
958.0 8.625339467535444e-7
959.0 8.616937419501704e-7
959.9999999999999 8.608644203352692e-7
961.0 8.600459756064753e-7
962.0 8.592384018531984e-7
963.0 8.584416935769801e-7
964.0000000000001 8.576558457213735e-7
965.0 8.568808536986162e-7
966.0 8.561167134232195e-7
966.9999999999999 8.553634213434258e-7
968.0 8.546209744801101e-7
969.0 8.538893704661872e-7
970.0 8.531686075900346e-7
971.0000000000001 8.524586848421496e-7
972.0 8.517596019664664e-7
973.0 8.510713595135447e-7
974.0 8.503939589036151e-7
975.0000000000001 8.49727402486071e-7
976.0 8.490716936120845e-7
977.0 8.48426836706467e-7
977.9999999999999 8.47792837349358e-7
979.0 8.471697023633777e-7
980.0 8.46557439905866e-7
981.0 8.459560595686517e-7
982.0000000000001 8.453655724872772e-7
983.0 8.447859914563779e-7
984.0 8.442173310561792e-7
985.0 8.43659607783195e-7
986.0 8.431128401987425e-7
987.0 8.425770490787167e-7
988.0 8.420522575855235e-7
988.9999999999999 8.415384914412528e-7
990.0 8.410357791219606e-7
991.0 8.40544152060431e-7
992.0 8.400636448673355e-7
993.0000000000001 8.395942955651189e-7
994.0 8.391361458408856e-7
995.0 8.386892413143322e-7
996.0 8.382536318265747e-7
997.0 8.378293717479867e-7
998.0 8.374165203071078e-7
999.0 8.37015141941433e-7
999.9999999999999 8.366253066732482e-7
1001.0 8.362470905086493e-7
1002.0 8.358805758655771e-7
1003.0 8.355258520268229e-7
1004.0000000000001 8.351830156238876e-7
1005.0 8.348521711536963e-7
1006.0 8.345334315245178e-7
1007.0 8.342269186389485e-7
1008.0 8.339327640121456e-7
1009.0 8.336511094266062e-7
1010.0 8.333821076279873e-7
1010.9999999999999 8.331259230627077e-7
1012.0 8.328827326545058e-7
1013.0 8.326527266302575e-7
1014.0 8.324361093890839e-7
1015.0000000000001 8.32233100419733e-7
1016.0 8.320439352657706e-7
1017.0 8.318688665428608e-7
1018.0 8.317081650061053e-7
1019.0 8.315621206696342e-7
1020.0 8.314310439770879e-7
1021.0 8.313152670288373e-7
1021.9999999999999 8.312151448564542e-7
1023.0 8.311310567541135e-7
1024.0 8.310634076570294e-7
1025.0 8.310126295695039e-7
1026.0 8.309791830415884e-7
1027.0 8.309635586844555e-7
1028.0 8.309662787289223e-7
1029.0 8.309878986133563e-7
1030.0 8.310290086021775e-7
1031.0 8.310902354196931e-7
1032.0 8.311722438975364e-7
1033.0 8.312757386181001e-7
1034.0 8.314014655473623e-7
1035.0 8.315502136391261e-7
1036.0 8.31722816395558e-7
1037.0 8.319201533656198e-7
1038.0 8.32143151561882e-7
1039.0 8.323927867714066e-7
1040.0 8.3267008473628e-7
1041.0 8.329761221765578e-7
1042.0 8.333120276247596e-7
1043.0 8.336789820406068e-7
1044.0 8.34078219171008e-7
1045.0 8.345110256190959e-7
1046.0 8.349787405836376e-7
1047.0 8.354827552294631e-7
1048.0 8.360245116484848e-7
1049.0 8.366055013704148e-7
1050.0 8.372272633816152e-7
1051.0 8.378913816143735e-7
1052.0 8.385994818667818e-7
1053.0 8.393532281217843e-7
1054.0 8.401543182313613e-7
1055.0 8.410044789435165e-7
1056.0 8.419054602562758e-7
1057.0 8.42859029079003e-7
1058.0 8.438669622131557e-7
1059.0 8.449310386511439e-7
1060.0 8.460530312185197e-7
1061.0 8.472346975967883e-7
1062.0 8.484777707625374e-7
1063.0 8.497839489215005e-7
1064.0 8.511548849907393e-7
1065.0 8.525921757397811e-7
1066.0 8.540973506730485e-7
1067.0 8.556718607792491e-7
1068.0 8.573170672660917e-7
1069.0 8.590342304148795e-7
1070.0 8.608244986888031e-7
1071.0 8.626888982396218e-7
1072.0 8.646283229496679e-7
1073.0 8.666435251461311e-7
1074.0 8.687351071165426e-7
1075.0 8.709035135511336e-7
1076.0 8.731490249951547e-7
1077.0 8.7547175243841e-7
1078.0 8.778716330621193e-7
1079.0 8.803484272412773e-7
1080.0 8.829017167899257e-7
1081.0 8.855309044757825e-7
1082.0 8.882352147837521e-7
1083.0 8.910136958676224e-7
1084.0 8.93865222672338e-7
1085.0 8.967885010936033e-7
1086.0 8.997820731323836e-7
1087.0 9.028443229016523e-7
1088.0 9.059734833880503e-7
1089.0 9.091676438413631e-7
1090.0 9.124247576619771e-7
1091.0 9.157426506686104e-7
1092.0 9.191190296147222e-7
1093.0 9.225514908464764e-7
1094.0 9.260375289829084e-7
1095.0 9.295745455196572e-7
1096.0 9.33159857277196e-7
1097.0 9.367907045927424e-7
1098.0 9.404642592145655e-7
1099.0 9.441776318260482e-7
1100.0 9.479278791673416e-7
1101.0 9.517120107205889e-7
1102.0 9.555269949351452e-7
1103.0 9.593697649981454e-7
1104.0 9.63237224128048e-7
1105.0 9.67126250413268e-7
1106.0 9.710337012197863e-7
1107.0 9.749564171509215e-7
1108.0 9.788912256370434e-7
1109.0 9.8283494414206e-7
1110.0 9.867843830266616e-7
1111.0 9.90736348131092e-7
1112.0 9.94687643064638e-7
1113.0 9.986350712858977e-7
1114.0 1.0025754379610765e-6
1115.0 1.0065055516932396e-6
1116.0 1.0104222260845066e-6
1117.0 1.0143222812305554e-6
1118.0 1.0182025451422256e-6
1119.0 1.0220598551270135e-6
1120.0 1.0258910591541704e-6
1121.0 1.0296930172529846e-6
1122.0 1.0334626029268652e-6
1123.0 1.0371967046317632e-6
1124.0 1.040892227335874e-6
1125.0 1.0445460941533416e-6
1126.0 1.0481552480881734e-6
1127.0 1.0517166538874635e-6
1128.0 1.0552273000204696e-6
1129.0 1.0586842007746917e-6
1130.0 1.0620843984875245e-6
1131.0 1.0654249659171313e-6
1132.0 1.0687030087332035e-6
1133.0 1.0719156681477174e-6
1134.0 1.0750601236755528e-6
1135.0 1.078133596006943e-6
1136.0 1.0811333500071807e-6
1137.0 1.0840566978236276e-6
1138.0 1.0869010020763877e-6
1139.0 1.0896636791548173e-6
1140.0 1.0923422025798346e-6
1141.0 1.094934106421527e-6
1142.0 1.0974369887792023e-6
1143.0 1.099848515278442e-6
1144.0 1.102166422593246e-6
1145.0 1.1043885219652207e-6
1146.0 1.1065127027017268e-6
1147.0 1.108536935641632e-6
1148.0 1.1104592765670416e-6
1149.0 1.112277869543638e-6
1150.0 1.1139909501673778e-6
1151.0 1.1155968487103444e-6
1152.0 1.1170939931316242e-6
1153.0 1.1184809119579312e-6
1154.0 1.1197562369891724e-6
1155.0 1.1209187058417347e-6
1156.0 1.121967164290088e-6
1157.0 1.122900568408042e-6
1158.0 1.123717986485241e-6
1159.0 1.1244186007158092e-6
1160.0 1.1250017086414632e-6
1161.0 1.125466724336063e-6
1162.0 1.125813179336004e-6
1163.0 1.1260407232914582e-6
1164.0 1.1261491243497615e-6
1165.0 1.1261382692520255e-6
1166.0 1.1260081631518279e-6
1167.0 1.1257589291451525e-6
1168.0 1.1253908075200605e-6
1169.0 1.1249041547253633e-6
1170.0 1.1242994420539556e-6
1171.0 1.123577254064044e-6
1172.0 1.1227382867224565e-6
1173.0 1.1217833452970935e-6
1174.0 1.1207133419937428e-6
1175.0 1.1195292933580918e-6
1176.0 1.1182323174447333e-6
1177.0 1.116823630778002e-6
1178.0 1.1153045451045944e-6
1179.0 1.1136764639586908e-6
1180.0 1.111940879062349e-6
1181.0 1.1100993665619075e-6
1182.0 1.108153583124539e-6
1183.0 1.1061052619172454e-6
1184.0 1.1039562084718402e-6
1185.0 1.1017082964646422e-6
1186.0 1.0993634634181246e-6
1187.0 1.0969237063549064e-6
1188.0 1.0943910774020423e-6
1189.0 1.0917676793804563e-6
1190.0 1.0890556613796597e-6
1191.0 1.0862572143484423e-6
1192.0 1.083374566701729e-6
1193.0 1.080409979969108e-6
1194.0 1.0773657444913472e-6
1195.0 1.0742441751826655e-6
1196.0 1.0710476073687003e-6
1197.0 1.0677783927035173e-6
1198.0 1.0644388952037964e-6
1199.0 1.0610314873598267e-6
1200.0 1.05755854639099e-6
1201.0 1.054022450602186e-6
1202.0 1.0504255758811926e-6
1203.0 1.0467702923289561e-6
1204.0 1.0430589610275092e-6
1205.0 1.0392939309532976e-6
1206.0 1.0354775360396195e-6
1207.0 1.0316120923857469e-6
1208.0 1.0276998956232888e-6
1209.0 1.0237432184317713e-6
1210.0 1.019744308200417e-6
1211.0 1.0157053848601134e-6
1212.0 1.0116286388494628e-6
1213.0 1.0075162292372336e-6
1214.0 1.0033702819992874e-6
1215.0 9.991928884286814e-7
1216.0 9.949861036983656e-7
1217.0 9.907519455615659e-7
1218.0 9.864923931791625e-7
1219.0 9.822093860911577e-7
1220.0 9.779048233069288e-7
1221.0 9.73580562523585e-7
1222.0 9.692384194515703e-7
1223.0 9.648801672715814e-7
1224.0 9.605075361847027e-7
1225.0 9.561222130693447e-7
1226.0 9.517258412419527e-7
1227.0 9.473200203063902e-7
1228.0 9.429063060933394e-7
1229.0 9.384862106767891e-7
1230.0 9.340612024821437e-7
1231.0 9.296327064543709e-7
1232.0 9.252021042976734e-7
1233.0 9.207707347840755e-7
1234.0 9.163398941185504e-7
1235.0 9.119108363562e-7
1236.0 9.074847738672165e-7
1237.0 9.030628778565364e-7
1238.0 8.986462789190375e-7
1239.0 8.942360676305357e-7
1240.0 8.898332951841983e-7
1241.0 8.854389740352606e-7
1242.0 8.81054078600921e-7
1243.0 8.766795459591845e-7
1244.0 8.723162765858558e-7
1245.0 8.67965135098905e-7
1246.0 8.636269510151992e-7
1247.0 8.593025195389402e-7
1248.0 8.549926023265152e-7
1249.0 8.506979282952783e-7
1250.0 8.464191944080424e-7
1251.0 8.421570664767655e-7
1252.0 8.379121799644672e-7
1253.0 8.336851407811127e-7
1254.0 8.294765260822575e-7
1255.0 8.252868850662344e-7
1256.0 8.211167397589763e-7
1257.0 8.169665857958451e-7
1258.0 8.12836893198818e-7
1259.0 8.087281071423594e-7
1260.0 8.046406487049144e-7
1261.0 8.005749156198959e-7
1262.0 7.965312830092466e-7
1263.0 7.925101041057278e-7
1264.0 7.885117109602076e-7
1265.0 7.845364151402256e-7
1266.0 7.805845084175139e-7
1267.0 7.766562634298316e-7
1268.0 7.727519343419426e-7
1269.0 7.688717574847481e-7
1270.0 7.650159519801266e-7
1271.0 7.611847203526883e-7
1272.0 7.573782491235992e-7
1273.0 7.535967093976885e-7
1274.0 7.49840257419668e-7
1275.0 7.461090351311949e-7
1276.0 7.424031707047273e-7
1277.0 7.38722779064554e-7
1278.0 7.350679623870895e-7
1279.0 7.314388105994332e-7
1280.0 7.278354018446675e-7
1281.0 7.242578029549765e-7
1282.0 7.207060698879081e-7
1283.0 7.171802481654054e-7
1284.0 7.136803732865162e-7
1285.0 7.102064711412089e-7
1286.0 7.067585583926199e-7
1287.0 7.033366428578598e-7
1288.0 6.999407238771939e-7
1289.0 6.965707926614445e-7
1290.0 6.932268326349436e-7
1291.0 6.899088197611068e-7
1292.0 6.866167228588965e-7
1293.0 6.83350503910379e-7
1294.0 6.801101183502172e-7
1295.0 6.768955153458317e-7
1296.0 6.737066380783976e-7
1297.0 6.705434239890661e-7
1298.0 6.674058050442682e-7
1299.0 6.642937079665405e-7
1300.0 6.612070544705432e-7
1301.0 6.581457614850677e-7
1302.0 6.55109741365188e-7
1303.0 6.520989020963452e-7
1304.0 6.491131474929712e-7
1305.0 6.461523773838149e-7
1306.0000000000002 6.432164877940406e-7
1307.0 6.403053711159136e-7
1308.0 6.374189162753208e-7
1308.9999999999998 6.345570088921793e-7
1310.0 6.317195314275172e-7
1311.0 6.289063633321069e-7
1312.0 6.261173811828129e-7
1313.0 6.233524588154771e-7
1314.0 6.206114674548006e-7
1315.0 6.178942758324061e-7
1316.0 6.152007503024163e-7
1317.0000000000002 6.125307549547273e-7
1318.0 6.098841517198936e-7
1319.0 6.072608004715998e-7
1319.9999999999998 6.046605591201512e-7
1321.0 6.020832837080871e-7
1322.0 5.995288284989239e-7
1323.0 5.969970460585932e-7
1324.0 5.944877873407963e-7
1325.0 5.920009017615417e-7
1326.0 5.895362372719041e-7
1327.0 5.870936404355674e-7
1328.0000000000002 5.846729564894527e-7
1329.0 5.822740294111923e-7
1330.0 5.798967019858042e-7
1330.9999999999998 5.775408158605418e-7
1332.0 5.752062116033979e-7
1333.0 5.728927287622057e-7
1334.0 5.706002059140632e-7
1335.0 5.683284807195118e-7
1336.0 5.660773899711765e-7
1337.0 5.63846769640415e-7
1338.0 5.616364549259015e-7
1339.0000000000002 5.594462802989022e-7
1340.0 5.572760795431178e-7
1341.0 5.551256858023695e-7
1341.9999999999998 5.529949316186808e-7
1343.0 5.50883648970192e-7
1344.0 5.487916693168781e-7
1345.0 5.467188236332982e-7
1346.0 5.446649424464759e-7
1347.0 5.426298558772337e-7
1348.0 5.406133936713209e-7
1349.0 5.386153852373047e-7
1350.0000000000002 5.366356596825481e-7
1351.0 5.346740458448862e-7
1352.0 5.327303723308907e-7
1352.9999999999998 5.308044675467425e-7
1354.0 5.288961597327441e-7
1355.0 5.270052769975589e-7
1356.0 5.251316473506381e-7
1357.0 5.232750987367221e-7
1358.0 5.214354590665335e-7
1359.0 5.196125562516414e-7
1360.0 5.178062182369734e-7
1361.0000000000002 5.16016273033727e-7
1362.0 5.142425487518664e-7
1363.0 5.124848736333349e-7
1363.9999999999998 5.107430760845504e-7
1365.0 5.090169847116207e-7
1366.0 5.073064283509173e-7
1366.9999999999998 5.056112361021382e-7
1368.0 5.039312373651462e-7
1369.0 5.022662618691251e-7
1370.0 5.006161397096333e-7
1371.0 4.989807013802007e-7
1372.0000000000002 4.97359777806154e-7
1373.0 4.957532003792064e-7
1374.0 4.941608009925184e-7
1374.9999999999998 4.925824120718164e-7
1376.0 4.910178666115365e-7
1377.0 4.89466998209746e-7
1377.9999999999998 4.879296411010256e-7
1379.0 4.864056301907265e-7
1380.0 4.848948010899274e-7
1381.0 4.833969901497632e-7
1382.0 4.819120344966268e-7
1383.0000000000002 4.804397720632322e-7
1384.0 4.789800416272796e-7
1385.0 4.775326828407643e-7
1385.9999999999998 4.760975362692351e-7
1387.0 4.746744434214368e-7
1388.0 4.7326324678366007e-7
1388.9999999999998 4.718637898558767e-7
1390.0 4.704759171812697e-7
1391.0 4.6909947438246e-7
1392.0 4.6773430819049843e-7
1393.0 4.6638026648116007e-7
1394.0000000000002 4.65037198304241e-7
1395.0 4.637049539140374e-7
1396.0 4.623833848045344e-7
1396.9999999999998 4.610723437353342e-7
1398.0 4.5977168476395893e-7
1399.0 4.5848126327546686e-7
1399.9999999999998 4.572009360094564e-7
1401.0 4.5593056108986713e-7
1402.0 4.546699980522717e-7
1403.0 4.5341910786919507e-7
1404.0 4.5217775297749726e-7
1405.0000000000002 4.5094579730292873e-7
1406.0 4.497231062849209e-7
1407.0 4.4850954689882926e-7
1407.9999999999998 4.4730498767957133e-7
1409.0 4.4610929874326634e-7
1410.0 4.4492235180660237e-7
1410.9999999999998 4.437440202080174e-7
1412.0 4.4257417892487897e-7
1413.0 4.414127045922935e-7
1414.0 4.4025947551856887e-7
1415.0 4.391143717006114e-7
1416.0000000000002 4.379772748390926e-7
1417.0 4.368480683495164e-7
1418.0 4.357266373764606e-7
1419.0000000000002 4.346128688022988e-7
1420.0 4.335066512584584e-7
1421.0 4.3240787513195816e-7
1421.9999999999998 4.3131643257348006e-7
1423.0 4.30232217503432e-7
1424.0 4.291551256151683e-7
1425.0 4.2808505438053736e-7
1426.0 4.2702190304992633e-7
1427.0000000000002 4.259655726552314e-7
1428.0 4.249159660075891e-7
1429.0 4.238729876973689e-7
1430.0000000000002 4.2283654409120316e-7
1431.0 4.21806543327179e-7
1432.0 4.2078289531162105e-7
1432.9999999999998 4.1976551171116735e-7
1434.0 4.187543059472553e-7
1435.0 4.177491931859509e-7
1436.0 4.1675009032991434e-7
1437.0 4.1575691600715996e-7
1438.0000000000002 4.1476959055956574e-7
1439.0 4.1378803603114214e-7
1440.0 4.128121761533471e-7
1441.0000000000002 4.1184193633221595e-7
1442.0 4.1087724363133356e-7
1443.0 4.099180267570336e-7
1443.9999999999998 4.089642160413749e-7
1445.0 4.0801574342330163e-7
1446.0 4.07072542431462e-7
1447.0 4.061345481642917e-7
1448.0 4.0520169727081196e-7
1449.0000000000002 4.0427392792905275e-7
1450.0 4.033511798261387e-7
1451.0 4.024333941365181e-7
1452.0000000000002 4.0152051349904054e-7
1453.0 4.006124819953738e-7
1454.0 3.9970924512700077e-7
1454.9999999999998 3.988107497903706e-7
1456.0 3.9791694425603274e-7
1457.0 3.970277781422082e-7
1458.0 3.9614320239080885e-7
1459.0 3.95263169244891e-7
1460.0 3.9438763222142734e-7
1461.0 3.9351654608882534e-7
1462.0 3.926498668397555e-7
1463.0000000000002 3.917875516679933e-7
1464.0 3.9092955894256853e-7
1465.0 3.900758481828427e-7
1465.9999999999998 3.8922638003401345e-7
1467.0 3.8838111624067505e-7
1468.0 3.8754001962263645e-7
1469.0 3.8670305405136207e-7
1470.0 3.858701844229279e-7
1471.0 3.8504137663514366e-7
1472.0 3.842165975631524e-7
1473.0 3.8339581503403857e-7
1474.0000000000002 3.825789978036228e-7
1475.0 3.8176611553306245e-7
1476.0 3.8095713876505396e-7
1476.9999999999998 3.8015203889998633e-7
1478.0 3.7935078817381753e-7
1479.0 3.7855335963560015e-7
1480.0 3.7775972712361655e-7
1481.0 3.769698652452496e-7
1482.0 3.761837493543573e-7
1483.0 3.7540135552941336e-7
1484.0 3.7462266055399874e-7
1485.0000000000002 3.738476418947935e-7
1486.0 3.7307627768092825e-7
1487.0 3.723085466859587e-7
1487.9999999999998 3.715444283063435e-7
1489.0 3.7078390254330785e-7
1490.0 3.7002694998324467e-7
1491.0 3.692735517797772e-7
1492.0 3.6852368963534317e-7
1493.0 3.677773457837027e-7
1494.0 3.6703450297198343e-7
1495.0 3.6629514444417715e-7
1496.0000000000002 3.655592539239388e-7
1497.0 3.6482681559898534e-7
1498.0 3.640978141040326e-7
1498.9999999999998 3.6337223450619373e-7
1500.0 3.6265006228816733e-7
1501.0 3.6193128333567234e-7
1502.0 3.6121588391995057e-7
1503.0 3.6050385068571475e-7
1504.0 3.597951706352157e-7
1505.0 3.590898311158225e-7
1506.0 3.583878198059768e-7
1507.0000000000002 3.5768912470249145e-7
1508.0 3.569937341067181e-7
1509.0 3.563016366124612e-7
1509.9999999999998 3.5561282109384475e-7
1511.0 3.549272766932071e-7
1512.0 3.5424499280809254e-7
1513.0 3.5356595908092877e-7
1514.0 3.528901653873169e-7
1515.0 3.522176018238321e-7
1516.0 3.515482586984066e-7
1517.0 3.508821265187115e-7
1518.0000000000002 3.502191959816359e-7
1519.0 3.495594579629294e-7
1520.0 3.489029035070607e-7
1520.9999999999998 3.482495238173706e-7
1522.0 3.475993102450278e-7
1523.0 3.4695225428074064e-7
1524.0 3.4630834754404875e-7
1525.0 3.456675817747586e-7
1526.0 3.4502994882251424e-7
1527.0 3.443954406387176e-7
1528.0 3.437640492659347e-7
1529.0000000000002 3.4313576683121427e-7
1530.0 3.425105855346514e-7
1531.0 3.4188849764269477e-7
1531.9999999999998 3.4126949547785417e-7
1533.0 3.406535714113462e-7
1534.0 3.4004071785388547e-7
1535.0 3.3943092724813866e-7
1536.0 3.388241920591753e-7
1537.0 3.382205047670152e-7
1538.0 3.3761985785876233e-7
1539.0 3.3702224381953404e-7
1540.0000000000002 3.3642765512580167e-7
1541.0 3.358360842363789e-7
1542.0 3.352475235844217e-7
1542.9999999999998 3.3466196557100597e-7
1544.0 3.3407940255623535e-7
1545.0 3.3349982685126247e-7
1546.0 3.329232307123846e-7
1547.0 3.323496063317319e-7
1548.0 3.317789458308872e-7
1549.0 3.3121124125340183e-7
1550.0 3.3064648455700105e-7
1551.0000000000002 3.300846676066344e-7
1552.0 3.2952578216789163e-7
1553.0 3.2896981989875547e-7
1553.9999999999998 3.28416772343673e-7
1555.0 3.2786663092607726e-7
1556.0 3.2731938694226824e-7
1557.0 3.2677503155355164e-7
1558.0 3.262335557804388e-7
1559.0 3.256949504962045e-7
1560.0 3.251592064197318e-7
1561.0 3.2462631411051804e-7
1562.0000000000002 3.240962639603792e-7
1563.0 3.23569046189836e-7
1564.0 3.2304465084004873e-7
1564.9999999999998 3.2252306776842216e-7
1566.0 3.220042866420675e-7
1567.0 3.2148829693296287e-7
1568.0 3.2097508791164496e-7
1569.0 3.2046464864294017e-7
1570.0 3.199569679796665e-7
1571.0 3.194520345595054e-7
1572.0 3.1894983679837214e-7
1573.0000000000002 3.184503628866323e-7
1574.0 3.1795360078517e-7
1575.0 3.1745953822031703e-7
1575.9999999999998 3.169681626806237e-7
1577.0 3.164794614120635e-7
1578.0 3.1599342141564847e-7
1579.0 3.1551002944336706e-7
1580.0 3.1502927199442815e-7
1581.0 3.145511353138169e-7
1582.0 3.1407560538835837e-7
1583.0 3.13602667944489e-7
1584.0000000000002 3.1313230844661655e-7
1585.0 3.12664512094361e-7
1586.0 3.121992638211236e-7
1586.9999999999998 3.117365482931301e-7
1588.0 3.112763499072366e-7
1589.0 3.108186527907425e-7
1590.0 3.103634408005622e-7
1591.0 3.0991069752300233e-7
1592.0 3.0946040627292403e-7
1593.0 3.090125500948381e-7
1594.0 3.0856711176287934e-7
1595.0000000000002 3.0812407378155056e-7
1596.0 3.076834183867751e-7
1597.0 3.072451275474543e-7
1597.9999999999998 3.0680918296684933e-7
1599.0 3.0637556608449813e-7
1600.0 3.0594425807832825e-7
1601.0 3.0551523986775337e-7
1602.0 3.050884921154357e-7
1603.0 3.0466399523115547e-7
1604.0 3.0424172937502e-7
1605.0 3.0382167446124275e-7
1606.0000000000002 3.0340381016137156e-7
1607.0 3.0298811590955693e-7
1608.0 3.025745709064142e-7
1608.9999999999998 3.021631541239652e-7
1610.0 3.017538443106673e-7
1611.0 3.0134661999699595e-7
1612.0 3.0094145950081706e-7
1613.0 3.0053834093329614e-7
1614.0 3.001372422049573e-7
1615.0 2.997381410325278e-7
1616.0 2.9934101494476536e-7
1617.0000000000002 2.989458412899047e-7
1618.0 2.985525972426686e-7
1619.0 2.981612598117081e-7
1619.9999999999998 2.977718058464414e-7
1621.0 2.9738421204588193e-7
1622.0 2.969984549652416e-7
1622.9999999999998 2.966145110255919e-7
1624.0 2.962323565210257e-7
1625.0 2.958519676275788e-7
1626.0 2.954733204114933e-7
1627.0 2.9509639083901776e-7
1628.0000000000002 2.9472115478413973e-7
1629.0 2.943475880382003e-7
1630.0 2.939756663194267e-7
1630.9999999999998 2.936053652816241e-7
1632.0 2.9323666052410826e-7
1633.0 2.928695276007255e-7
1633.9999999999998 2.9250394202977364e-7
1635.0 2.9213987930375364e-7
1636.0 2.917773148987124e-7
1637.0 2.9141622428451404e-7
1638.0 2.910565829339412e-7
1639.0000000000002 2.9069836633327123e-7
1640.0 2.903415499914071e-7
1641.0 2.8998610945030816e-7
1641.9999999999998 2.896320202944282e-7
1643.0 2.8927925816084284e-7
1644.0 2.889277987487244e-7
1644.9999999999998 2.885776178291492e-7
1646.0 2.8822869125504077e-7
1647.0 2.8788099497053666e-7
1648.0 2.8753450502042945e-7
1649.0 2.8718919756001696e-7
1650.0000000000002 2.868450488642538e-7
1651.0 2.8650203533682175e-7
1652.0 2.861601335196152e-7
1652.9999999999998 2.858193201016703e-7
1654.0 2.854795719282282e-7
1655.0 2.851408660088865e-7
1655.9999999999998 2.848031795270861e-7
1657.0 2.8446648984758413e-7
1658.0 2.8413077452589607e-7
1659.0 2.83796011315336e-7
1660.0 2.8346217817567615e-7
1661.0000000000002 2.831292532803317e-7
1662.0 2.827972150244256e-7
1663.0 2.8246604203174156e-7
1664.0000000000002 2.821357131623363e-7
1665.0 2.818062075186108e-7
1666.0 2.814775044533194e-7
1666.9999999999998 2.811495835745162e-7
1668.0 2.808224247531461e-7
1669.0 2.8049600812818857e-7
1670.0 2.8017031411302016e-7
1671.0 2.798453234006463e-7
1672.0000000000002 2.795210169689329e-7
1673.0 2.791973760858614e-7
1674.0 2.7887438231447016e-7
1675.0000000000002 2.78552017516841e-7
1676.0 2.7823026385914676e-7
1677.0 2.7790910381529616e-7
1677.9999999999998 2.775885201703491e-7
1679.0 2.772684960250235e-7
1680.0 2.769490147980452e-7
1681.0 2.766300602298786e-7
1682.0 2.7631161638483015e-7
1683.0000000000002 2.7599366765421097e-7
1684.0 2.756761987580531e-7
1685.0 2.7535919474771615e-7
1686.0000000000002 2.750426410070147e-7
1687.0 2.747265232541628e-7
1688.0 2.7441082754291934e-7
1688.9999999999998 2.7409554026363717e-7
1690.0 2.7378064814397795e-7
1691.0 2.734661382494922e-7
1692.0 2.7315199798384457e-7
1693.0 2.728382150892773e-7
1694.0000000000002 2.72524777645964e-7
1695.0 2.7221167407202555e-7
1696.0 2.718988931226205e-7
1697.0000000000002 2.7158642388934167e-7
1698.0 2.7127425579927966e-7
1699.0 2.709623786138516e-7
1699.9999999999998 2.706507824269235e-7
1701.0 2.703394576637192e-7
1702.0 2.700283950789026e-7
1703.0 2.6971758575468347e-7
1704.0 2.69407021098135e-7
1705.0000000000002 2.6909669283975234e-7
1706.0 2.687865930299468e-7
1707.0 2.684767140374817e-7
1708.0000000000002 2.681670485458457e-7
1709.0 2.67857589550335e-7
1710.0 2.6754833035571743e-7
1710.9999999999998 2.67239264572066e-7
1712.0 2.669303861119025e-7
1713.0 2.666216891867118e-7
1714.0 2.6631316830297904e-7
1715.0 2.66004818258969e-7
1716.0 2.656966341405461e-7
1717.0 2.653886113172267e-7
1718.0 2.6508074543839465e-7
1719.0000000000002 2.6477303242894097e-7
1720.0 2.644654684854873e-7
1721.0 2.641580500714309e-7
1721.9999999999998 2.638507739131714e-7
1723.0 2.6354363699549135e-7
1724.0 2.632366365571704e-7
1725.0 2.6292977008633177e-7
1726.0 2.626230353159153e-7
1727.0 2.623164302189923e-7
1728.0 2.6200995300448487e-7
1729.0 2.617036021119882e-7
1730.0000000000002 2.613973762070926e-7
1731.0 2.610912741771218e-7
1732.0 2.6078529512583995e-7
1732.9999999999998 2.6047943836887045e-7
1734.0 2.6017370342917345e-7
1735.0 2.598680900316739e-7
1736.0 2.5956259809893687e-7
1737.0 2.592572277463537e-7
1738.0 2.5895197927704664e-7
1739.0 2.5864685317734913e-7
1740.0 2.5834185011206845e-7
1741.0000000000002 2.5803697091975773e-7
1742.0 2.5773221660765944e-7
1743.0 2.574275883473978e-7
1743.9999999999998 2.5712308747036755e-7
1745.0 2.568187154625246e-7
1746.0 2.5651447396069e-7
1747.0 2.562103647469496e-7
1748.0 2.559063897450949e-7
1749.0 2.55602551015465e-7
1750.0 2.552988507508198e-7
1751.0 2.5499529127187556e-7
1752.0000000000002 2.5469187502321864e-7
1753.0 2.543886045683221e-7
1754.0 2.540854825862592e-7
1754.9999999999998 2.5378251186645874e-7
1756.0 2.5347969530572995e-7
1757.0 2.53177035903312e-7
1758.0 2.5287453675701214e-7
1759.0 2.525722010597926e-7
1760.0 2.5227003209515206e-7
1761.0 2.5196803323392176e-7
1762.0 2.5166620792984755e-7
1763.0000000000002 2.5136455971670863e-7
1764.0 2.5106309220402035e-7
1765.0 2.507618090735052e-7
1765.9999999999998 2.504607140762334e-7
1767.0 2.5015981102824486e-7
1768.0 2.4985910380811635e-7
1769.0 2.495585963527237e-7
1770.0 2.4925829265494027e-7
1771.0 2.4895819675987076e-7
1772.0 2.4865831276166597e-7
1773.0 2.483586448012071e-7
1774.0000000000002 2.4805919706231554e-7
1775.0 2.4775997376945156e-7
1776.0 2.4746097918429984e-7
1776.9999999999998 2.471622176038352e-7
1778.0 2.468636933569218e-7
1779.0 2.4656541080174267e-7
1780.0 2.4626737432387204e-7
1781.0 2.4596958833299095e-7
1782.0 2.456720572610068e-7
1783.0 2.4537478555914225e-7
1784.0 2.450777776964413e-7
1785.0000000000002 2.447810381568467e-7
1786.0 2.444845714370456e-7
1787.0 2.44188382045027e-7
1787.9999999999998 2.438924744971027e-7
1789.0 2.4359685331676513e-7
1790.0 2.4330152303192746e-7
1791.0 2.430064881739454e-7
1792.0 2.4271175327513926e-7
1793.0 2.4241732286705463e-7
1794.0 2.4212320147940447e-7
1795.0 2.41829393637503e-7
1796.0000000000002 2.415359038615504e-7
1797.0 2.4124273666423713e-7
1798.0 2.4094989655015276e-7
1798.9999999999998 2.406573880136991e-7
1800.0 2.403652155377297e-7
1801.0 2.4007338359278854e-7
1802.0 2.3978189663509815e-7
1803.0 2.394907591059161e-7
1804.0 2.3919997542980166e-7
1805.0 2.389095500139071e-7
1806.0 2.386194872467054e-7
1807.0000000000002 2.38329791496914e-7
1808.0 2.3804046711269488e-7
1809.0 2.3775151842013813e-7
1809.9999999999998 2.3746294972305836e-7
1811.0 2.3717476530138989e-7
1812.0 2.3688696941082976e-7
1813.0 2.3659956628185233e-7
1814.0 2.3631256011899698e-7
1815.0 2.3602595509994276e-7
1816.0 2.3573975537485345e-7
1817.0 2.3545396506594868e-7
1818.0000000000002 2.3516858826664115e-7
1819.0 2.3488362904076336e-7
1820.0 2.3459909142229998e-7
1820.9999999999998 2.3431497941483896e-7
1822.0 2.3403129699066973e-7
1823.0 2.3374804809064248e-7
1824.0 2.3346523662365597e-7
1825.0 2.3318286646617612e-7
1826.0 2.3290094146167226e-7
1827.0 2.3261946542043898e-7
1828.0 2.3233844211925455e-7
1829.0000000000002 2.32057875300702e-7
1830.0 2.317777686732553e-7
1831.0 2.3149812591082766e-7
1831.9999999999998 2.3121895065227345e-7
1833.0 2.309402465016502e-7
1834.0 2.3066201702747887e-7
1835.0 2.3038426576257674e-7
1836.0 2.3010699620424688e-7
1837.0 2.2983021181371974e-7
1838.0 2.2955391601612587e-7
1839.0 2.2927811220026234e-7
1840.0000000000002 2.2900280371856812e-7
1841.0 2.2872799388690979e-7
1842.0 2.2845368598460008e-7
1842.9999999999998 2.281798832541038e-7
1844.0 2.2790658890115186e-7
1845.0 2.276338060944893e-7
1846.0 2.2736153796609704e-7
1847.0 2.2708978761075475e-7
1848.0 2.26818558086314e-7
1849.0 2.2654785241364022e-7
1850.0 2.2627767357639225e-7
1851.0000000000002 2.2600802452113075e-7
1852.0 2.2573890815757035e-7
1853.0 2.2547032735796977e-7
1853.9999999999998 2.252022849580068e-7
1855.0 2.2493478375580065e-7
1856.0 2.2466782651288214e-7
1857.0 2.2440141595352155e-7
1858.0 2.2413555476537803e-7
1859.0 2.2387024559883913e-7
1860.0 2.2360549106780298e-7
1861.0 2.2334129374913536e-7
1862.0000000000002 2.230776561830892e-7
1863.0 2.2281458087334135e-7
1864.0 2.2255207028685576e-7
1864.9999999999998 2.222901268540641e-7
1866.0 2.220287529690907e-7
1867.0 2.217679509894892e-7
1868.0 2.215077232367777e-7
1869.0 2.212480719961487e-7
1870.0 2.2098899951647267e-7
1871.0 2.2073050801088425e-7
1872.0 2.2047259965645143e-7
1873.0000000000002 2.2021527659416104e-7
1874.0 2.1995854092948627e-7
1875.0 2.197023947320954e-7
1875.9999999999998 2.1944684003593722e-7
1877.0 2.191918788396197e-7
1878.0 2.189375131061189e-7
1878.9999999999998 2.1868374476314312e-7
1880.0 2.1843057570316734e-7
1881.0 2.1817800778322808e-7
1882.0 2.1792604282568016e-7
1883.0 2.1767468261735547e-7
1884.0000000000002 2.1742392891052615e-7
1885.0 2.1717378342240097e-7
1886.0 2.169242478353853e-7
1886.9999999999998 2.166753237972642e-7
1888.0 2.1642701292119905e-7
1889.0 2.161793167856237e-7
1889.9999999999998 2.159322369346821e-7
1891.0 2.1568577487778225e-7
1892.0 2.1543993209028839e-7
1893.0 2.1519471001309536e-7
1894.0 2.1495011005288226e-7
1895.0000000000002 2.147061335821258e-7
1896.0 2.1446278193918161e-7
1897.0 2.1422005642832104e-7
1897.9999999999998 2.139779583198711e-7
1899.0 2.1373648885002583e-7
1900.0 2.1349564922116908e-7
1900.9999999999998 2.1325544060182283e-7
1902.0 2.130158641264171e-7
1903.0 2.1277692089590498e-7
1904.0 2.125386119772975e-7
1905.0 2.1230093840375695e-7
1906.0000000000002 2.120639011748572e-7
1907.0 2.1182750125634777e-7
1908.0 2.1159173958048802e-7
1908.9999999999998 2.113566170457633e-7
1910.0 2.1112213451698832e-7
1911.0 2.1088829282545645e-7
1911.9999999999998 2.1065509276864938e-7
1913.0 2.1042253511060991e-7
1914.0 2.101906205817566e-7
1915.0 2.0995934987887893e-7
1916.0 2.0972872366504412e-7
1917.0000000000002 2.0949874256984507e-7
1918.0 2.0926940718924253e-7
1919.0 2.090407180855306e-7
1919.9999999999998 2.0881267578736645e-7
1921.0 2.085852807896954e-7
1922.0 2.0835853355397286e-7
1922.9999999999998 2.0813243450772503e-7
1924.0 2.0790698404490355e-7
1925.0 2.076821825256369e-7
1926.0 2.0745803027647037e-7
1927.0 2.0723452758993412e-7
1928.0000000000002 2.070116747247882e-7
1929.0 2.0678947190602506e-7
1930.0 2.06567919324588e-7
1931.0000000000002 2.0634701713776676e-7
1932.0 2.0612676546848828e-7
1933.0 2.05907164405966e-7
1933.9999999999998 2.0568821400521912e-7
1935.0 2.0546991428725122e-7
1936.0 2.0525226523891641e-7
1937.0 2.0503526681271347e-7
1938.0 2.0481891892717849e-7
1939.0000000000002 2.0460322146645117e-7
1940.0 2.0438817428020838e-7
1941.0 2.0417377718390843e-7
1942.0000000000002 2.0396002995843685e-7
1943.0 2.0374693235033433e-7
1944.0 2.0353448407159187e-7
1944.9999999999998 2.0332268479946254e-7
1946.0 2.0311153417674833e-7
1947.0 2.0290103181138719e-7
1948.0 2.0269117727659054e-7
1949.0 2.0248197011087163e-7
1950.0000000000002 2.0227340981779342e-7
1951.0 2.0206549586611043e-7
1952.0 2.0185822768950304e-7
1953.0000000000002 2.0165160468675187e-7
1954.0 2.0144562622135444e-7
1955.0 2.012402916220611e-7
1955.9999999999998 2.0103560018219468e-7
1957.0 2.00831551159845e-7
1958.0 2.0062814377805514e-7
1959.0 2.0042537722443164e-7
1960.0 2.0022325065130567e-7
1961.0000000000002 2.0002176317548376e-7
1962.0 1.998209138785796e-7
1963.0 1.996207018066754e-7
1964.0000000000002 1.9942112597015387e-7
1965.0 1.99222185344195e-7
1966.0 1.9902387886823106e-7
1966.9999999999998 1.9882620544620307e-7
1968.0 1.986291639463453e-7
1969.0 1.9843275320135444e-7
1970.0 1.9823697200820919e-7
1971.0 1.9804181912831157e-7
1972.0 1.9784729328741195e-7
1973.0 1.9765339317544577e-7
1974.0 1.9746011744681101e-7
1975.0000000000002 1.9726746472009434e-7
1976.0 1.9707543357820962e-7
1977.0 1.968840225684929e-7
1977.9999999999998 1.9669323020258682e-7
1979.0 1.9650305495632863e-7
1980.0 1.963134952702587e-7
1981.0 1.9612454954889754e-7
1982.0 1.9593621616153864e-7
1983.0 1.9574849344177456e-7
1984.0 1.9556137968765217e-7
1985.0 1.9537487316190662e-7
1986.0000000000002 1.9518897209177186e-7
1987.0 1.9500367466911275e-7
1988.0 1.948189790505886e-7
1988.9999999999998 1.9463488335760598e-7
1990.0 1.9445138567636432e-7
1991.0 1.942684840580607e-7
1992.0 1.9408617651896312e-7
1993.0 1.9390446104027043e-7
1994.0 1.937233355685296e-7
1995.0 1.935427980155275e-7
1996.0 1.9336284625860864e-7
1997.0000000000002 1.9318347814044145e-7
1998.0 1.9300469146952324e-7
1999.0 1.9282648402011935e-7
1999.9999999999998 1.9264885353232883e-7
